--
47 14 61 32 1 16 19 34 
62 31 46 15 60 33 2 17 
13 48 57 64 45 18 35 20 
30 63 42 53 56 59 40 3 
49 12 55 58 41 44 21 36 
26 29 52 43 54 39 4 7 
11 50 27 24 9 6 37 22 
28 25 10 51 38 23 8 5 
--
61 16 31 36 63 18 1 4 
30 35 62 17 32 3 42 19 
15 60 33 56 37 64 5 2 
34 29 50 59 48 43 20 41 
51 14 55 38 57 40 47 6 
28 11 58 49 54 23 44 21 
13 52 9 26 39 46 7 24 
10 27 12 53 8 25 22 45 
--
63 2 19 22 55 12 17 14 
20 23 62 1 18 15 56 11 
3 64 21 58 49 54 13 16 
24 51 40 61 34 57 10 47 
41 4 59 50 53 48 33 36 
28 25 52 39 60 35 46 9 
5 42 27 30 7 44 37 32 
26 29 6 43 38 31 8 45 
--
3 32 17 60 43 30 15 54 
18 59 2 31 16 55 42 29 
33 4 57 44 61 40 53 14 
58 19 62 1 56 47 28 41 
5 34 45 48 39 64 13 52 
20 37 22 63 46 49 10 27 
23 6 35 38 25 8 51 12 
36 21 24 7 50 11 26 9 
--
41 18 21 4 27 52 23 6 
20 3 42 61 22 5 26 51 
17 40 19 28 53 60 7 24 
2 29 62 43 64 25 50 55 
39 16 1 46 59 54 35 8 
30 13 44 63 36 47 56 49 
15 38 11 32 45 58 9 34 
12 31 14 37 10 33 48 57 
--
50 11 36 33 52 13 38 17 
35 32 51 12 37 16 61 14 
10 49 34 53 62 57 18 39 
31 54 43 58 41 64 15 60 
44 9 48 63 56 59 40 19 
27 30 55 42 47 22 1 4 
8 45 28 25 6 3 20 23 
29 26 7 46 21 24 5 2 
--
54 31 26 9 52 13 24 11 
27 8 53 56 25 10 47 14 
32 55 30 51 48 61 12 23 
7 28 49 60 57 22 15 46 
42 33 58 29 50 45 62 21 
3 6 41 44 59 18 37 16 
34 43 4 1 36 39 20 63 
5 2 35 40 19 64 17 38 
--
