--
37 32 1 16 53 30 11 14 
2 17 38 31 12 15 52 29 
39 36 33 54 47 60 13 10 
18 3 46 61 34 55 28 51 
45 40 35 48 59 50 9 24 
4 19 62 43 64 25 56 27 
41 44 21 6 49 58 23 8 
20 5 42 63 22 7 26 57 
--
32 19 16 1 34 29 14 11 
17 2 33 30 15 12 35 28 
20 31 18 51 36 59 10 13 
3 52 37 60 47 50 27 44 
38 21 54 49 58 45 64 9 
53 4 57 46 61 48 43 26 
22 39 6 55 24 41 8 63 
5 56 23 40 7 62 25 42 
--
14 11 62 29 16 1 20 23 
63 30 15 12 61 22 17 2 
10 13 64 55 28 19 24 21 
31 58 45 50 43 60 3 18 
46 9 56 59 54 27 42 25 
57 32 51 44 49 36 39 4 
8 47 34 53 6 41 26 37 
33 52 7 48 35 38 5 40 
--
50 59 26 3 28 13 64 1 
25 4 49 58 61 2 29 14 
48 51 60 27 32 63 12 55 
5 24 45 62 57 54 15 30 
38 47 52 33 44 31 56 11 
23 6 37 46 53 18 43 16 
36 39 8 21 34 41 10 19 
7 22 35 40 9 20 17 42 
--
4 7 2 23 28 9 64 41 
1 22 5 8 61 42 27 10 
6 3 24 29 26 63 40 59 
21 30 47 62 43 60 11 50 
46 17 44 25 54 49 58 39 
31 20 55 48 57 36 51 12 
16 45 18 33 14 53 38 35 
19 32 15 56 37 34 13 52 
--
40 5 30 55 38 3 28 15 
31 56 39 4 29 14 37 2 
6 41 32 45 54 1 16 27 
57 60 53 42 33 44 13 36 
52 7 58 61 46 35 26 17 
59 62 49 34 43 20 23 12 
8 51 64 47 10 25 18 21 
63 48 9 50 19 22 11 24 
--
52 61 16 21 32 25 14 23 
17 2 51 62 15 22 29 26 
60 53 20 33 28 31 24 13 
3 18 1 50 63 42 27 30 
54 59 64 19 34 49 12 41 
7 4 57 46 43 40 35 38 
58 55 6 9 48 37 44 11 
5 8 47 56 45 10 39 36 
--
42 53 58 13 40 9 50 11 
63 14 41 52 59 12 39 8 
54 43 62 57 38 51 10 49 
15 64 55 44 47 60 7 36 
30 1 46 61 56 37 48 25 
19 16 31 28 45 24 35 6 
2 29 18 21 4 33 26 23 
17 20 3 32 27 22 5 34 
--
53 14 39 36 49 16 41 20 
38 35 52 15 40 19 48 17 
13 54 37 58 45 50 21 42 
34 59 56 51 26 43 18 47 
55 12 63 44 57 46 1 22 
64 33 60 27 30 25 4 7 
11 28 31 62 9 6 23 2 
32 61 10 29 24 3 8 5 
--
14 39 10 31 48 45 8 29 
11 32 13 44 9 30 55 46 
38 15 40 49 64 47 28 7 
33 12 43 36 41 56 61 54 
16 37 34 57 50 63 6 27 
1 22 19 42 35 60 53 62 
20 17 24 3 58 51 26 5 
23 2 21 18 25 4 59 52 
--
33 8 57 46 31 10 59 14 
52 47 32 9 58 13 30 11 
7 34 51 56 45 62 15 60 
48 53 44 63 50 55 12 29 
35 6 49 54 43 28 61 16 
38 41 36 27 64 19 22 1 
5 26 39 42 3 24 17 20 
40 37 4 25 18 21 2 23 
--
4 7 48 31 36 9 38 29 
49 22 5 8 47 30 35 10 
6 3 44 55 32 37 28 39 
21 50 23 58 43 46 11 34 
2 17 54 45 56 33 40 27 
51 20 57 24 59 42 63 12 
16 1 18 53 14 61 26 41 
19 52 15 60 25 64 13 62 
--
26 37 12 35 28 51 10 7 
13 34 27 50 11 8 29 52 
38 25 36 31 54 43 6 9 
33 14 49 42 61 30 53 44 
24 39 32 55 48 59 20 5 
15 56 41 60 21 62 45 64 
40 23 2 17 58 47 4 19 
1 16 57 22 3 18 63 46 
--
42 25 64 7 40 23 56 5 
49 8 41 24 63 6 39 22 
26 43 50 61 46 57 4 55 
9 48 45 58 51 62 21 38 
44 27 52 47 60 37 54 3 
13 10 59 36 53 18 31 20 
28 35 12 15 30 33 2 17 
11 14 29 34 1 16 19 32 
--
40 61 32 9 38 5 30 7 
33 10 39 62 31 8 37 4 
64 41 60 35 48 55 6 29 
11 34 63 56 59 36 3 50 
42 57 24 47 54 49 28 17 
23 12 43 58 27 18 51 2 
44 25 14 21 46 53 16 19 
13 22 45 26 15 20 1 52 
--
