--
1 34 3 18 37 32 13 16 
4 19 36 33 14 17 40 31 
35 2 55 50 41 38 15 12 
20 5 42 59 56 53 30 39 
43 60 51 54 49 58 11 26 
6 21 64 57 52 27 48 29 
61 44 23 8 63 46 25 10 
22 7 62 45 24 9 28 47 
--
14 1 30 33 16 11 38 41 
29 32 15 12 45 40 17 10 
2 13 46 31 34 37 42 39 
47 28 35 44 53 64 9 18 
24 3 48 59 36 43 52 57 
27 60 25 54 63 58 19 8 
4 23 62 49 6 21 56 51 
61 26 5 22 55 50 7 20 
--
37 32 1 16 53 30 11 14 
2 17 38 31 12 15 52 29 
39 36 33 54 47 60 13 10 
18 3 46 61 34 55 28 51 
45 40 35 48 59 50 9 24 
4 19 62 43 64 25 56 27 
41 44 21 6 49 58 23 8 
20 5 42 63 22 7 26 57 
--
32 19 16 1 34 29 14 11 
17 2 33 30 15 12 35 28 
20 31 18 51 36 59 10 13 
3 52 37 60 47 50 27 44 
38 21 54 49 58 45 64 9 
53 4 57 46 61 48 43 26 
22 39 6 55 24 41 8 63 
5 56 23 40 7 62 25 42 
--
47 14 61 32 1 16 19 34 
62 31 46 15 60 33 2 17 
13 48 57 64 45 18 35 20 
30 63 42 53 56 59 40 3 
49 12 55 58 41 44 21 36 
26 29 52 43 54 39 4 7 
11 50 27 24 9 6 37 22 
28 25 10 51 38 23 8 5 
--
14 11 62 29 16 1 20 23 
63 30 15 12 61 22 17 2 
10 13 64 55 28 19 24 21 
31 58 45 50 43 60 3 18 
46 9 56 59 54 27 42 25 
57 32 51 44 49 36 39 4 
8 47 34 53 6 41 26 37 
33 52 7 48 35 38 5 40 
--
61 16 31 36 63 18 1 4 
30 35 62 17 32 3 42 19 
15 60 33 56 37 64 5 2 
34 29 50 59 48 43 20 41 
51 14 55 38 57 40 47 6 
28 11 58 49 54 23 44 21 
13 52 9 26 39 46 7 24 
10 27 12 53 8 25 22 45 
--
50 59 26 3 28 13 64 1 
25 4 49 58 61 2 29 14 
48 51 60 27 32 63 12 55 
5 24 45 62 57 54 15 30 
38 47 52 33 44 31 56 11 
23 6 37 46 53 18 43 16 
36 39 8 21 34 41 10 19 
7 22 35 40 9 20 17 42 
--
4 7 2 23 28 9 64 41 
1 22 5 8 61 42 27 10 
6 3 24 29 26 63 40 59 
21 30 47 62 43 60 11 50 
46 17 44 25 54 49 58 39 
31 20 55 48 57 36 51 12 
16 45 18 33 14 53 38 35 
19 32 15 56 37 34 13 52 
--
27 14 41 12 25 58 39 10 
42 1 26 59 40 11 24 57 
15 28 13 50 55 60 9 38 
2 43 62 47 64 49 56 23 
29 16 51 54 61 22 37 8 
44 3 46 63 48 53 34 21 
17 30 5 52 19 32 7 36 
4 45 18 31 6 35 20 33 
--
2 17 42 27 12 15 50 57 
41 28 1 16 51 56 11 14 
18 3 52 43 26 13 58 49 
29 40 35 60 55 64 25 10 
4 19 44 53 36 59 48 63 
39 30 37 34 61 54 9 24 
20 5 32 45 22 7 62 47 
31 38 21 6 33 46 23 8 
--
63 2 19 22 55 12 17 14 
20 23 62 1 18 15 56 11 
3 64 21 58 49 54 13 16 
24 51 40 61 34 57 10 47 
41 4 59 50 53 48 33 36 
28 25 52 39 60 35 46 9 
5 42 27 30 7 44 37 32 
26 29 6 43 38 31 8 45 
--
20 29 18 15 22 27 2 5 
17 14 21 28 1 4 23 26 
30 19 16 51 38 25 6 3 
13 52 43 40 59 62 37 24 
42 31 60 63 50 39 58 7 
53 12 41 44 61 64 49 36 
32 45 10 55 34 47 8 57 
11 54 33 46 9 56 35 48 
--
17 14 39 44 19 4 23 2 
38 45 18 15 40 1 20 5 
13 16 47 52 43 22 3 24 
46 37 50 41 48 61 6 21 
33 12 53 64 51 42 25 62 
36 55 34 49 60 63 28 7 
11 32 57 54 9 30 59 26 
56 35 10 31 58 27 8 29 
--
52 13 38 35 50 15 40 19 
37 34 51 14 39 18 1 16 
12 53 36 61 44 49 20 41 
33 60 63 54 47 42 17 2 
64 11 56 43 62 45 48 21 
29 32 59 46 55 24 3 6 
10 57 30 27 8 5 22 25 
31 28 9 58 23 26 7 4 
--
45 4 27 24 47 2 29 14 
26 23 46 3 28 13 32 1 
5 44 25 48 41 50 15 30 
22 53 42 51 56 31 12 33 
43 6 61 54 49 40 57 16 
62 21 52 39 60 55 34 11 
7 38 19 64 9 36 17 58 
20 63 8 37 18 59 10 35 
--
23 2 21 18 25 4 63 52 
20 17 24 3 62 53 26 5 
1 22 19 54 35 58 51 64 
16 37 34 59 56 61 6 27 
33 12 55 36 41 48 57 50 
38 15 40 47 60 45 28 7 
11 32 13 42 9 30 49 44 
14 39 10 31 46 43 8 29 
--
2 5 24 21 64 7 26 29 
23 20 3 6 25 28 61 8 
4 1 22 63 42 59 30 27 
19 40 43 48 51 62 9 60 
44 15 52 41 58 49 54 31 
39 18 47 50 53 34 57 10 
14 45 16 37 12 55 32 35 
17 38 13 46 33 36 11 56 
--
45 2 19 60 47 50 17 52 
20 61 46 55 18 53 34 49 
3 44 1 64 59 48 51 16 
62 21 56 41 54 33 58 35 
43 4 63 32 57 36 15 30 
22 25 42 37 40 31 12 9 
5 38 27 24 7 10 29 14 
26 23 6 39 28 13 8 11 
--
48 57 2 27 42 23 12 25 
3 28 49 56 13 26 41 22 
58 47 60 1 54 43 24 11 
29 4 55 50 61 14 21 40 
46 59 34 53 44 51 10 15 
5 30 45 62 33 18 39 20 
64 35 32 7 52 37 16 9 
31 6 63 36 17 8 19 38 
--
15 12 31 34 17 2 47 36 
30 33 16 13 46 35 18 3 
11 14 51 32 1 44 37 48 
52 29 42 45 58 49 4 19 
25 10 59 50 43 40 63 38 
28 53 26 41 64 57 20 5 
9 24 55 60 7 22 39 62 
54 27 8 23 56 61 6 21 
--
40 5 30 55 38 3 28 15 
31 56 39 4 29 14 37 2 
6 41 32 45 54 1 16 27 
57 60 53 42 33 44 13 36 
52 7 58 61 46 35 26 17 
59 62 49 34 43 20 23 12 
8 51 64 47 10 25 18 21 
63 48 9 50 19 22 11 24 
--
25 54 7 56 23 18 5 2 
8 63 24 17 6 3 22 19 
53 26 55 42 57 20 1 4 
64 9 62 45 16 33 40 21 
27 52 43 58 41 50 15 34 
10 61 46 51 44 37 32 39 
47 28 59 12 49 30 35 14 
60 11 48 29 36 13 38 31 
--
20 35 4 53 18 33 2 55 
5 42 19 34 3 54 17 32 
36 21 52 41 60 39 56 1 
43 6 59 38 51 46 31 16 
22 37 44 61 40 57 12 47 
7 62 25 58 45 50 15 30 
26 23 64 9 28 13 48 11 
63 8 27 24 49 10 29 14 
--
48 17 20 3 44 37 22 5 
19 2 47 38 21 4 45 36 
16 49 18 43 46 63 6 23 
1 30 59 64 39 42 35 62 
50 15 40 31 58 61 24 7 
29 12 57 60 41 32 55 34 
14 51 10 27 56 53 8 25 
11 28 13 52 9 26 33 54 
--
17 26 3 50 19 24 5 36 
2 51 18 25 4 35 20 23 
27 16 49 58 53 22 37 6 
48 1 52 41 62 55 34 21 
15 28 57 54 59 40 7 38 
44 47 42 63 56 61 10 33 
29 14 45 60 31 12 39 8 
46 43 30 13 64 9 32 11 
--
52 61 16 21 32 25 14 23 
17 2 51 62 15 22 29 26 
60 53 20 33 28 31 24 13 
3 18 1 50 63 42 27 30 
54 59 64 19 34 49 12 41 
7 4 57 46 43 40 35 38 
58 55 6 9 48 37 44 11 
5 8 47 56 45 10 39 36 
--
3 32 17 60 43 30 15 54 
18 59 2 31 16 55 42 29 
33 4 57 44 61 40 53 14 
58 19 62 1 56 47 28 41 
5 34 45 48 39 64 13 52 
20 37 22 63 46 49 10 27 
23 6 35 38 25 8 51 12 
36 21 24 7 50 11 26 9 
--
12 21 36 39 14 19 34 31 
37 40 13 20 35 32 15 18 
22 11 38 61 58 17 30 33 
41 62 59 46 1 64 57 16 
10 23 54 63 60 47 2 29 
53 42 51 26 45 56 5 48 
24 9 44 55 50 7 28 3 
43 52 25 8 27 4 49 6 
--
29 12 27 58 31 14 41 46 
26 59 30 13 44 47 32 15 
11 28 49 60 57 42 45 40 
50 25 62 43 48 1 16 33 
63 10 51 56 61 54 39 2 
24 7 64 53 38 19 34 17 
9 52 5 22 55 36 3 20 
6 23 8 37 4 21 18 35 
--
52 5 60 33 18 3 20 35 
59 32 53 4 61 34 17 2 
6 51 64 57 44 19 36 21 
31 58 45 54 41 62 1 16 
50 7 56 63 46 43 22 37 
27 30 47 42 55 40 15 12 
8 49 28 25 10 13 38 23 
29 26 9 48 39 24 11 14 
--
5 24 7 46 3 22 17 44 
8 47 4 23 18 45 2 21 
25 6 57 50 55 20 43 16 
48 9 60 19 58 51 54 1 
37 26 49 56 61 42 15 52 
10 29 38 59 34 53 62 41 
27 36 31 12 39 64 33 14 
30 11 28 35 32 13 40 63 
--
11 28 13 58 9 26 43 46 
14 35 10 27 48 45 8 25 
29 12 59 52 57 42 47 44 
34 15 36 49 62 53 24 7 
1 30 51 60 37 56 41 54 
16 33 18 63 50 61 6 23 
19 2 31 38 21 4 55 40 
32 17 20 3 64 39 22 5 
--
42 53 58 13 40 9 50 11 
63 14 41 52 59 12 39 8 
54 43 62 57 38 51 10 49 
15 64 55 44 47 60 7 36 
30 1 46 61 56 37 48 25 
19 16 31 28 45 24 35 6 
2 29 18 21 4 33 26 23 
17 20 3 32 27 22 5 34 
--
41 18 21 4 27 52 23 6 
20 3 42 61 22 5 26 51 
17 40 19 28 53 60 7 24 
2 29 62 43 64 25 50 55 
39 16 1 46 59 54 35 8 
30 13 44 63 36 47 56 49 
15 38 11 32 45 58 9 34 
12 31 14 37 10 33 48 57 
--
6 59 4 27 8 25 54 49 
3 28 7 60 53 48 9 24 
58 5 64 43 26 55 50 47 
29 2 57 52 61 42 23 10 
16 63 44 1 56 51 46 41 
33 30 17 62 45 38 11 22 
18 15 32 35 20 13 40 37 
31 34 19 14 39 36 21 12 
--
9 12 7 54 37 14 33 56 
6 41 10 13 58 55 36 15 
11 8 59 38 53 34 57 32 
40 5 42 63 60 49 16 35 
23 64 39 52 1 62 31 50 
4 43 22 61 48 51 28 17 
21 24 45 2 19 26 47 30 
44 3 20 25 46 29 18 27 
--
44 29 10 27 42 53 8 5 
11 26 43 54 9 6 41 52 
30 45 28 59 56 63 4 7 
25 12 55 62 19 58 51 40 
46 31 60 57 64 1 18 3 
13 24 47 34 61 20 39 50 
32 35 22 15 48 37 2 17 
23 14 33 36 21 16 49 38 
--
53 14 39 36 49 16 41 20 
38 35 52 15 40 19 48 17 
13 54 37 58 45 50 21 42 
34 59 56 51 26 43 18 47 
55 12 63 44 57 46 1 22 
64 33 60 27 30 25 4 7 
11 28 31 62 9 6 23 2 
32 61 10 29 24 3 8 5 
--
42 61 32 9 36 13 30 11 
33 8 41 64 31 10 37 14 
62 43 60 35 40 53 12 29 
7 34 63 56 59 38 15 54 
44 57 24 39 52 55 28 1 
23 6 45 58 27 18 49 16 
46 25 4 21 48 51 2 19 
5 22 47 26 3 20 17 50 
--
14 39 10 31 48 45 8 29 
11 32 13 44 9 30 55 46 
38 15 40 49 64 47 28 7 
33 12 43 36 41 56 61 54 
16 37 34 57 50 63 6 27 
1 22 19 42 35 60 53 62 
20 17 24 3 58 51 26 5 
23 2 21 18 25 4 59 52 
--
57 52 13 50 63 42 11 8 
14 49 56 59 12 9 36 41 
53 58 51 64 43 62 7 10 
48 15 60 55 46 37 40 35 
25 54 47 38 61 44 21 6 
16 1 26 45 22 39 34 31 
27 24 3 18 29 32 5 20 
2 17 28 23 4 19 30 33 
--
8 11 6 27 54 13 42 63 
5 26 9 12 43 64 53 14 
10 7 28 55 30 45 62 41 
25 4 31 44 61 56 15 52 
32 21 60 29 46 51 40 57 
3 24 1 50 59 48 37 16 
20 33 22 47 18 35 58 39 
23 2 19 34 49 38 17 36 
--
39 6 41 32 37 8 45 30 
42 21 38 7 44 31 36 9 
5 40 43 56 33 62 29 46 
22 57 20 63 54 47 10 35 
19 4 55 48 61 34 53 28 
58 23 64 1 52 49 14 11 
3 18 25 60 13 16 27 50 
24 59 2 17 26 51 12 15 
--
6 9 24 57 50 11 26 29 
23 64 7 10 25 28 49 12 
8 5 58 61 56 51 30 27 
37 22 63 52 43 60 13 48 
4 53 38 59 62 55 44 31 
21 36 19 54 1 42 47 14 
18 3 34 39 16 45 32 41 
35 20 17 2 33 40 15 46 
--
11 8 13 30 45 6 23 26 
14 31 10 7 24 27 46 5 
9 12 29 44 47 56 25 22 
32 15 36 57 28 43 4 55 
35 52 33 48 61 54 21 42 
16 37 60 53 58 1 64 3 
51 34 39 18 49 62 41 20 
38 17 50 59 40 19 2 63 
--
50 11 36 33 52 13 38 17 
35 32 51 12 37 16 61 14 
10 49 34 53 62 57 18 39 
31 54 43 58 41 64 15 60 
44 9 48 63 56 59 40 19 
27 30 55 42 47 22 1 4 
8 45 28 25 6 3 20 23 
29 26 7 46 21 24 5 2 
--
33 8 57 46 31 10 59 14 
52 47 32 9 58 13 30 11 
7 34 51 56 45 62 15 60 
48 53 44 63 50 55 12 29 
35 6 49 54 43 28 61 16 
38 41 36 27 64 19 22 1 
5 26 39 42 3 24 17 20 
40 37 4 25 18 21 2 23 
--
13 26 15 40 11 28 31 44 
16 41 12 27 46 43 10 29 
25 14 51 42 39 30 45 32 
52 17 24 47 60 63 38 9 
23 50 59 64 37 48 33 62 
18 53 20 49 58 61 8 5 
1 22 55 36 3 6 57 34 
54 19 2 21 56 35 4 7 
--
4 7 48 31 36 9 38 29 
49 22 5 8 47 30 35 10 
6 3 44 55 32 37 28 39 
21 50 23 58 43 46 11 34 
2 17 54 45 56 33 40 27 
51 20 57 24 59 42 63 12 
16 1 18 53 14 61 26 41 
19 52 15 60 25 64 13 62 
--
43 20 23 6 53 10 25 8 
22 5 42 63 24 7 52 11 
19 44 21 54 41 58 9 26 
4 39 62 45 64 51 12 59 
35 18 55 40 57 60 27 50 
38 3 36 61 46 49 30 13 
17 34 1 56 15 32 47 28 
2 37 16 33 48 29 14 31 
--
54 31 26 9 52 13 24 11 
27 8 53 56 25 10 47 14 
32 55 30 51 48 61 12 23 
7 28 49 60 57 22 15 46 
42 33 58 29 50 45 62 21 
3 6 41 44 59 18 37 16 
34 43 4 1 36 39 20 63 
5 2 35 40 19 64 17 38 
--
35 8 25 30 37 6 23 20 
26 29 36 7 24 21 38 5 
9 34 27 58 31 42 19 22 
28 57 32 41 46 55 4 39 
33 10 59 56 63 40 43 18 
60 13 64 47 54 45 52 3 
11 48 15 62 1 50 17 44 
14 61 12 49 16 53 2 51 
--
8 23 44 39 6 21 34 31 
45 40 7 22 63 32 5 20 
24 9 64 43 38 35 30 33 
57 46 41 36 53 62 19 4 
10 25 56 61 42 37 54 29 
47 58 13 26 55 52 3 18 
14 11 60 49 16 1 28 51 
59 48 15 12 27 50 17 2 
--
31 20 33 8 29 18 37 10 
34 7 30 19 36 9 28 17 
21 32 35 48 41 56 11 38 
6 49 42 57 46 39 16 27 
43 22 47 40 61 26 55 12 
50 5 60 45 58 13 64 15 
23 44 3 52 25 62 1 54 
4 51 24 59 2 53 14 63 
--
50 33 28 11 60 15 26 13 
29 10 49 52 27 12 47 16 
34 51 32 59 48 61 14 25 
9 30 53 62 43 24 17 46 
54 35 58 31 64 45 42 23 
5 8 63 44 57 20 39 18 
36 55 6 3 38 41 22 1 
7 4 37 56 21 2 19 40 
--
26 37 12 35 28 51 10 7 
13 34 27 50 11 8 29 52 
38 25 36 31 54 43 6 9 
33 14 49 42 61 30 53 44 
24 39 32 55 48 59 20 5 
15 56 41 60 21 62 45 64 
40 23 2 17 58 47 4 19 
1 16 57 22 3 18 63 46 
--
7 10 5 42 29 12 31 44 
4 41 8 11 48 43 28 13 
9 6 49 38 53 30 45 32 
40 3 54 61 50 47 14 27 
21 62 39 52 37 64 33 46 
2 55 20 63 60 51 26 15 
19 22 57 36 17 24 59 34 
56 1 18 23 58 35 16 25 
--
26 5 24 49 28 7 32 51 
23 40 27 6 57 50 29 8 
4 25 58 63 48 31 52 33 
41 22 39 56 61 64 9 30 
18 3 62 59 38 47 34 53 
21 42 19 46 55 60 13 10 
2 17 44 37 12 15 54 35 
43 20 1 16 45 36 11 14 
--
5 8 23 38 63 10 25 28 
22 37 6 9 24 27 44 11 
7 4 39 64 45 62 29 26 
36 21 60 41 58 53 12 43 
3 40 51 46 61 42 57 30 
20 35 18 59 52 47 54 13 
17 2 33 50 15 56 31 48 
34 19 16 1 32 49 14 55 
--
42 25 64 7 40 23 56 5 
49 8 41 24 63 6 39 22 
26 43 50 61 46 57 4 55 
9 48 45 58 51 62 21 38 
44 27 52 47 60 37 54 3 
13 10 59 36 53 18 31 20 
28 35 12 15 30 33 2 17 
11 14 29 34 1 16 19 32 
--
63 32 7 28 47 24 5 26 
8 29 62 53 6 27 46 23 
33 64 31 48 61 54 25 4 
30 9 56 59 52 39 22 45 
57 34 49 38 55 60 3 18 
10 13 58 51 40 19 44 21 
35 50 15 12 37 42 17 2 
14 11 36 41 16 1 20 43 
--
40 61 32 9 38 5 30 7 
33 10 39 62 31 8 37 4 
64 41 60 35 48 55 6 29 
11 34 63 56 59 36 3 50 
42 57 24 47 54 49 28 17 
23 12 43 58 27 18 51 2 
44 25 14 21 46 53 16 19 
13 22 45 26 15 20 1 52 
--
7 44 9 54 5 64 19 52 
10 55 6 59 20 53 4 63 
45 8 43 56 61 58 51 18 
34 11 60 47 50 21 62 3 
37 46 35 42 57 48 17 22 
12 33 38 49 30 25 2 27 
39 36 31 14 41 28 23 16 
32 13 40 29 24 15 26 1 
--
