--
34 19 2 11 32 25 
3 12 33 26 1 10 
20 35 18 9 24 31 
13 4 27 36 17 8 
28 21 6 15 30 23 
5 14 29 22 7 16 
--
12 21 2 29 14 23 
1 30 13 22 3 28 
20 11 36 27 24 15 
31 8 25 16 35 4 
10 19 6 33 26 17 
7 32 9 18 5 34 
--
5 34 13 20 3 32 
14 21 4 33 12 19 
35 6 27 18 31 2 
22 15 36 9 26 11 
7 28 17 24 1 30 
16 23 8 29 10 25 
--
34 31 2 13 22 25 
3 14 33 24 1 12 
32 35 30 21 26 23 
15 4 17 36 11 8 
18 29 6 9 20 27 
5 16 19 28 7 10 
--
25 10 31 8 23 16 
32 1 24 17 30 7 
11 26 9 36 15 22 
2 33 18 27 6 29 
19 12 35 4 21 14 
34 3 20 13 28 5 
--
5 34 13 20 3 32 
14 21 4 33 12 19 
35 6 27 18 31 2 
22 15 36 9 26 11 
7 28 17 24 1 30 
16 23 8 29 10 25 
--
5 18 15 32 3 34 
16 29 4 35 14 31 
19 6 17 30 33 2 
28 9 36 21 24 13 
7 20 11 26 1 22 
10 27 8 23 12 25 
--
8 19 16 35 2 33 
17 30 9 32 15 36 
20 7 18 1 34 3 
29 10 31 22 25 14 
6 21 12 27 4 23 
11 28 5 24 13 26 
--
16 7 22 29 14 5 
23 30 15 6 21 28 
8 17 36 27 4 13 
31 24 9 18 35 20 
10 1 26 33 12 3 
25 32 11 2 19 34 
--
32 25 22 1 14 35 
21 8 31 34 23 2 
26 33 24 15 36 13 
7 20 9 30 3 16 
10 27 18 5 12 29 
19 6 11 28 17 4 
--
25 10 31 8 23 16 
32 1 24 17 30 7 
11 26 9 36 15 22 
2 33 18 27 6 29 
19 12 35 4 21 14 
34 3 20 13 28 5 
--
32 19 2 11 30 25 
3 12 31 26 1 10 
20 33 18 9 24 29 
13 4 27 36 17 8 
34 21 6 15 28 23 
5 14 35 22 7 16 
--
7 34 9 18 5 32 
10 19 6 33 26 17 
35 8 25 16 31 4 
20 11 36 27 24 15 
1 28 13 22 3 30 
12 21 2 29 14 23 
--
32 19 2 11 30 25 
3 12 31 26 1 10 
20 33 18 9 24 29 
13 4 27 36 17 8 
34 21 6 15 28 23 
5 14 35 22 7 16 
--
25 10 29 8 23 16 
30 1 24 17 28 7 
11 26 9 36 15 22 
2 31 18 27 6 35 
19 12 33 4 21 14 
32 3 20 13 34 5 
--
34 5 18 9 32 7 
17 28 33 6 19 10 
4 35 16 29 8 31 
15 24 27 36 11 20 
26 3 22 13 30 1 
23 14 25 2 21 12 
--
2 17 28 11 8 19 
29 12 1 18 27 10 
16 3 30 9 20 7 
13 36 15 24 33 26 
4 23 34 31 6 21 
35 14 5 22 25 32 
--
7 10 31 20 1 12 
32 19 8 11 30 21 
9 6 29 36 13 2 
18 33 16 27 22 25 
5 28 35 24 3 14 
34 17 4 15 26 23 
--
16 7 22 35 14 5 
23 28 15 6 21 34 
8 17 36 27 4 13 
29 24 9 18 33 20 
10 1 26 31 12 3 
25 30 11 2 19 32 
--
25 10 29 8 23 16 
30 1 24 17 28 7 
11 26 9 36 15 22 
2 31 18 27 6 35 
19 12 33 4 21 14 
32 3 20 13 34 5 
--
13 20 3 36 15 22 
2 31 14 21 4 35 
19 12 1 34 23 16 
30 9 32 17 26 5 
11 18 7 28 33 24 
8 29 10 25 6 27 
--
7 10 31 20 1 12 
32 19 8 11 30 21 
9 6 29 36 13 2 
18 33 16 27 22 25 
5 28 35 24 3 14 
34 17 4 15 26 23 
--
5 30 13 20 3 32 
14 21 4 31 12 19 
29 6 27 18 33 2 
22 15 36 9 26 11 
7 28 17 24 1 34 
16 23 8 35 10 25 
--
25 10 35 8 23 16 
34 1 24 17 28 7 
11 26 9 36 15 22 
2 33 18 27 6 29 
19 12 31 4 21 14 
32 3 20 13 30 5 
--
26 3 28 15 24 5 
29 18 25 4 35 16 
2 27 14 17 6 23 
13 30 19 36 9 34 
20 1 32 11 22 7 
31 12 21 8 33 10 
--
12 21 2 25 14 23 
1 30 13 22 3 26 
20 11 36 27 24 15 
31 8 29 16 35 4 
10 19 6 33 28 17 
7 32 9 18 5 34 
--
25 10 31 8 23 16 
32 1 24 17 30 7 
11 26 9 36 15 22 
2 33 18 27 6 29 
19 12 35 4 21 14 
34 3 20 13 28 5 
--
16 7 22 29 14 5 
23 30 15 6 21 28 
8 17 36 27 4 13 
31 24 9 18 35 20 
10 1 26 33 12 3 
25 32 11 2 19 34 
--
5 28 13 20 3 34 
14 21 4 35 12 19 
29 6 27 18 33 2 
22 15 36 9 26 11 
7 30 17 24 1 32 
16 23 8 31 10 25 
--
5 34 13 20 3 32 
14 21 4 33 12 19 
35 6 27 18 31 2 
22 15 36 9 26 11 
7 28 17 24 1 30 
16 23 8 29 10 25 
--
33 2 35 16 19 8 
36 15 32 9 30 17 
3 34 1 18 7 20 
14 25 22 31 10 29 
23 4 27 12 21 6 
26 13 24 5 28 11 
--
34 19 2 11 32 25 
3 12 33 26 1 10 
20 35 18 9 24 31 
13 4 27 36 17 8 
28 21 6 15 30 23 
5 14 29 22 7 16 
--
10 7 28 19 16 5 
27 20 9 6 29 18 
8 11 36 17 4 15 
23 26 21 30 35 32 
12 1 24 33 14 3 
25 22 13 2 31 34 
--
7 10 29 20 1 12 
30 19 8 11 28 21 
9 6 25 36 13 2 
18 31 16 27 22 35 
5 26 33 24 3 14 
32 17 4 15 34 23 
--
25 10 29 8 23 16 
30 1 24 17 28 7 
11 26 9 36 15 22 
2 31 18 27 6 35 
19 12 33 4 21 14 
32 3 20 13 34 5 
--
5 28 13 20 3 34 
14 21 4 35 12 19 
29 6 27 18 33 2 
22 15 36 9 26 11 
7 30 17 24 1 32 
16 23 8 31 10 25 
--
7 10 31 20 1 12 
32 19 8 11 30 21 
9 6 29 36 13 2 
18 33 16 27 22 25 
5 28 35 24 3 14 
34 17 4 15 26 23 
--
34 5 18 9 32 7 
17 26 33 6 19 10 
4 35 16 25 8 31 
15 24 27 36 11 20 
28 3 22 13 30 1 
23 14 29 2 21 12 
--
25 10 31 8 23 16 
32 1 24 17 30 7 
11 26 9 36 15 22 
2 33 18 27 6 29 
19 12 35 4 21 14 
34 3 20 13 28 5 
--
34 19 2 11 32 25 
3 12 33 26 1 10 
20 35 18 9 24 31 
13 4 27 36 17 8 
28 21 6 15 30 23 
5 14 29 22 7 16 
--
16 23 2 35 10 25 
3 28 17 24 1 34 
22 15 36 9 26 11 
29 4 27 18 33 8 
14 21 6 31 12 19 
5 30 13 20 7 32 
--
32 19 2 11 34 25 
3 12 33 26 1 10 
20 31 18 9 24 35 
13 4 27 36 17 8 
30 21 6 15 28 23 
5 14 29 22 7 16 
--
7 10 31 20 1 12 
32 19 8 11 30 21 
9 6 29 36 13 2 
18 33 16 27 22 25 
5 28 35 24 3 14 
34 17 4 15 26 23 
--
34 19 2 11 32 25 
3 12 33 26 1 10 
20 35 18 9 24 31 
13 4 27 36 17 8 
28 21 6 15 30 23 
5 14 29 22 7 16 
--
4 17 28 11 6 19 
29 12 5 18 27 10 
16 3 30 9 20 7 
13 36 15 24 33 26 
2 23 34 31 8 21 
35 14 1 22 25 32 
--
32 19 2 11 30 25 
3 12 31 26 1 10 
20 33 18 9 24 29 
13 4 27 36 17 8 
34 21 6 15 28 23 
5 14 35 22 7 16 
--
19 10 7 26 21 32 
8 27 20 33 6 25 
11 18 9 24 31 22 
28 1 30 15 34 5 
17 12 3 36 23 14 
2 29 16 13 4 35 
--
25 10 31 8 23 16 
32 1 24 17 30 7 
11 26 9 36 15 22 
2 33 18 27 6 29 
19 12 35 4 21 14 
34 3 20 13 28 5 
--
5 28 13 20 3 34 
14 21 4 35 12 19 
29 6 27 18 33 2 
22 15 36 9 26 11 
7 30 17 24 1 32 
16 23 8 31 10 25 
--
34 19 2 11 32 25 
3 12 33 26 1 10 
20 35 18 9 24 31 
13 4 27 36 17 8 
28 21 6 15 30 23 
5 14 29 22 7 16 
--
27 18 5 16 29 24 
6 33 28 25 4 15 
19 26 17 32 23 30 
10 7 34 1 14 3 
35 20 9 12 31 22 
8 11 36 21 2 13 
--
5 28 13 20 3 34 
14 21 4 35 12 19 
29 6 27 18 33 2 
22 15 36 9 26 11 
7 30 17 24 1 32 
16 23 8 31 10 25 
--
16 7 22 35 14 5 
23 28 15 6 21 34 
8 17 36 27 4 13 
29 24 9 18 33 20 
10 1 26 31 12 3 
25 30 11 2 19 32 
--
16 7 22 29 14 5 
23 30 15 6 21 28 
8 17 36 27 4 13 
31 24 9 18 35 20 
10 1 26 33 12 3 
25 32 11 2 19 34 
--
23 26 15 4 17 34 
14 3 24 35 28 5 
25 22 27 16 33 18 
2 13 36 29 6 9 
21 30 11 8 19 32 
12 1 20 31 10 7 
--
25 10 29 8 23 16 
30 1 24 17 28 7 
11 26 9 36 15 22 
2 31 18 27 6 35 
19 12 33 4 21 14 
32 3 20 13 34 5 
--
25 12 23 8 27 10 
22 1 26 11 20 7 
13 24 21 36 9 28 
2 33 30 17 6 19 
31 14 35 4 29 16 
34 3 32 15 18 5 
--
16 23 2 35 10 25 
3 28 17 24 1 34 
22 15 36 9 26 11 
29 4 27 18 33 8 
14 21 6 31 12 19 
5 30 13 20 7 32 
--
19 10 7 26 21 32 
8 27 20 33 6 25 
11 18 9 24 31 22 
28 1 30 15 34 5 
17 12 3 36 23 14 
2 29 16 13 4 35 
--
32 7 20 13 30 5 
19 12 31 6 21 14 
8 33 18 27 4 29 
11 26 9 36 15 22 
34 1 24 17 28 3 
25 10 35 2 23 16 
--
8 19 16 35 2 33 
17 30 9 32 15 36 
20 7 18 1 34 3 
29 10 31 22 25 14 
6 21 12 27 4 23 
11 28 5 24 13 26 
--
32 3 20 13 30 5 
19 12 31 4 21 14 
2 33 18 27 6 29 
11 26 9 36 15 22 
34 1 24 17 28 7 
25 10 35 8 23 16 
--
23 26 15 4 17 34 
14 3 24 35 28 5 
25 22 27 16 33 18 
2 13 36 29 6 9 
21 30 11 8 19 32 
12 1 20 31 10 7 
--
25 10 31 8 23 16 
32 1 24 17 30 7 
11 26 9 36 15 22 
2 33 18 27 6 29 
19 12 35 4 21 14 
34 3 20 13 28 5 
--
25 10 31 2 23 16 
32 1 24 17 30 3 
11 26 9 36 15 22 
8 33 18 27 4 29 
19 12 35 6 21 14 
34 7 20 13 28 5 
--
32 19 2 11 34 25 
3 12 33 26 1 10 
20 31 18 9 24 35 
13 4 27 36 17 8 
30 21 6 15 28 23 
5 14 29 22 7 16 
--
32 19 2 11 30 25 
3 12 31 26 1 10 
20 33 18 9 24 29 
13 4 27 36 17 8 
34 21 6 15 28 23 
5 14 35 22 7 16 
--
35 2 13 16 29 4 
14 23 36 3 12 17 
1 34 15 30 5 28 
22 31 24 9 18 11 
25 8 33 20 27 6 
32 21 26 7 10 19 
--
16 7 22 35 14 5 
23 28 15 6 21 34 
8 17 36 27 4 13 
29 24 9 18 33 20 
10 1 26 31 12 3 
25 30 11 2 19 32 
--
34 19 2 11 32 25 
3 12 33 26 1 10 
20 35 18 9 24 31 
13 4 27 36 17 8 
28 21 6 15 30 23 
5 14 29 22 7 16 
--
23 14 29 2 21 12 
30 3 22 13 28 1 
15 24 27 36 11 20 
4 31 16 25 8 35 
17 26 33 6 19 10 
32 5 18 9 34 7 
--
16 7 22 29 14 5 
23 30 15 6 21 28 
8 17 36 27 4 13 
31 24 9 18 35 20 
10 1 26 33 12 3 
25 32 11 2 19 34 
--
35 2 13 16 29 4 
14 23 36 3 12 17 
1 34 15 30 5 28 
22 31 24 9 18 11 
25 8 33 20 27 6 
32 21 26 7 10 19 
--
16 7 22 35 14 5 
23 28 15 6 21 34 
8 17 36 27 4 13 
29 24 9 18 33 20 
10 1 26 31 12 3 
25 30 11 2 19 32 
--
25 10 31 8 23 16 
32 1 24 17 30 7 
11 26 9 36 15 22 
2 33 18 27 6 29 
19 12 35 4 21 14 
34 3 20 13 28 5 
--
34 19 2 11 32 25 
3 12 33 26 1 10 
20 35 18 9 24 31 
13 4 27 36 17 8 
28 21 6 15 30 23 
5 14 29 22 7 16 
--
23 34 15 4 17 32 
14 3 24 33 26 5 
35 22 27 16 31 18 
2 13 36 25 6 9 
21 28 11 8 19 30 
12 1 20 29 10 7 
--
33 2 35 16 19 8 
36 15 32 9 30 17 
3 34 1 18 7 20 
14 25 22 31 10 29 
23 4 27 12 21 6 
26 13 24 5 28 11 
--
25 10 31 8 23 16 
32 1 24 17 30 7 
11 26 9 36 15 22 
2 33 18 27 6 29 
19 12 35 4 21 14 
34 3 20 13 28 5 
--
34 19 2 11 32 25 
3 12 33 26 1 10 
20 35 18 9 24 31 
13 4 27 36 17 8 
28 21 6 15 30 23 
5 14 29 22 7 16 
--
16 7 22 35 14 5 
23 28 15 6 21 34 
8 17 36 27 4 13 
29 24 9 18 33 20 
10 1 26 31 12 3 
25 30 11 2 19 32 
--
16 7 22 29 14 5 
23 28 15 6 21 30 
8 17 36 27 4 13 
35 24 9 18 31 20 
10 1 26 33 12 3 
25 34 11 2 19 32 
--
16 7 22 29 14 5 
23 30 15 6 21 28 
8 17 36 27 4 13 
31 24 9 18 35 20 
10 1 26 33 12 3 
25 32 11 2 19 34 
--
32 25 22 1 14 35 
21 8 31 34 23 2 
26 33 24 15 36 13 
7 20 9 30 3 16 
10 27 18 5 12 29 
19 6 11 28 17 4 
--
5 28 13 20 3 34 
14 21 4 35 12 19 
29 6 27 18 33 2 
22 15 36 9 26 11 
7 30 17 24 1 32 
16 23 8 31 10 25 
--
34 19 2 11 32 25 
3 12 33 26 1 10 
20 35 18 9 24 31 
13 4 27 36 17 8 
28 21 6 15 30 23 
5 14 29 22 7 16 
--
34 19 2 11 32 25 
3 12 33 26 1 10 
20 35 18 9 24 31 
13 4 27 36 17 8 
28 21 6 15 30 23 
5 14 29 22 7 16 
--
32 7 20 13 30 5 
19 12 31 6 21 14 
8 33 18 27 4 29 
11 26 9 36 15 22 
34 1 24 17 28 3 
25 10 35 2 23 16 
--
16 7 22 29 14 5 
23 28 15 6 21 30 
8 17 36 27 4 13 
35 24 9 18 31 20 
10 1 26 33 12 3 
25 34 11 2 19 32 
--
5 34 13 20 3 32 
14 21 4 33 12 19 
35 6 27 18 31 2 
22 15 36 9 26 11 
7 28 17 24 1 30 
16 23 8 29 10 25 
--
2 17 28 11 8 19 
29 12 1 18 27 10 
16 3 30 9 20 7 
13 36 15 24 33 26 
4 23 34 31 6 21 
35 14 5 22 25 32 
--
32 19 2 11 30 25 
3 12 31 26 1 10 
20 33 18 9 24 29 
13 4 27 36 17 8 
34 21 6 15 28 23 
5 14 35 22 7 16 
--
8 11 30 19 2 13 
29 18 9 12 31 20 
10 7 32 1 14 3 
25 28 17 34 21 36 
6 33 26 23 4 15 
27 24 5 16 35 22 
--
23 26 15 4 17 34 
14 3 24 35 28 5 
25 22 27 16 33 18 
2 13 36 29 6 9 
21 30 11 8 19 32 
12 1 20 31 10 7 
--
5 28 13 20 7 34 
14 21 6 35 12 19 
29 4 27 18 33 8 
22 15 36 9 26 11 
3 30 17 24 1 32 
16 23 2 31 10 25 
--
