--
17 14 39 64 19 4 23 2 
38 59 18 15 40 1 20 5 
13 16 61 56 63 22 3 24 
60 37 58 41 54 47 6 21 
33 12 55 62 57 42 25 46 
36 51 34 43 48 53 28 7 
11 32 49 52 9 30 45 26 
50 35 10 31 44 27 8 29 
--
47 20 3 24 57 26 5 8 
2 23 48 45 4 7 56 27 
19 46 21 64 25 58 9 6 
22 1 52 49 44 63 28 55 
51 18 39 32 59 54 43 10 
38 15 50 53 42 33 62 29 
17 40 13 36 31 60 11 34 
14 37 16 41 12 35 30 61 
--
34 21 18 9 40 31 16 11 
19 8 35 32 17 10 39 30 
22 33 20 61 54 41 12 15 
7 60 55 36 51 14 29 38 
56 23 64 53 62 37 42 13 
59 6 57 50 1 52 45 28 
24 49 4 63 26 47 2 43 
5 58 25 48 3 44 27 46 
--
57 48 33 10 37 14 31 12 
34 9 58 45 32 11 38 15 
49 56 47 36 63 44 13 30 
8 35 54 59 46 1 16 39 
55 50 25 64 43 62 29 2 
24 7 60 53 28 19 40 17 
51 26 5 22 61 42 3 20 
6 23 52 27 4 21 18 41 
--
48 11 36 33 54 13 38 17 
35 32 49 12 37 16 55 14 
10 47 34 53 60 57 18 39 
31 50 61 58 41 52 15 56 
62 9 46 51 64 59 40 19 
27 30 63 42 45 22 1 4 
8 43 28 25 6 3 20 23 
29 26 7 44 21 24 5 2 
--
41 2 39 16 57 12 53 14 
38 17 42 1 52 15 56 11 
3 40 37 58 45 64 13 54 
18 43 48 51 36 55 10 63 
49 4 31 44 59 46 35 24 
30 19 50 47 34 25 62 9 
5 32 21 28 7 60 23 26 
20 29 6 33 22 27 8 61 
--
51 14 41 2 47 24 39 4 
42 1 50 25 40 3 48 23 
15 52 13 46 49 58 5 38 
12 43 64 55 26 45 22 57 
53 16 33 44 59 56 37 6 
32 11 54 63 36 27 60 21 
17 34 9 30 19 62 7 28 
10 31 18 35 8 29 20 61 
--
57 42 15 20 63 32 13 22 
16 1 58 43 14 21 34 31 
41 56 19 64 33 62 23 12 
2 17 46 59 44 53 30 35 
47 40 55 18 61 36 11 24 
6 3 60 45 54 27 52 29 
39 48 5 8 37 50 25 10 
4 7 38 49 26 9 28 51 
--
52 15 34 37 54 17 32 29 
35 38 53 16 33 30 45 18 
14 51 36 59 48 55 28 31 
39 60 49 56 1 44 19 46 
50 13 64 43 58 47 2 27 
61 40 57 22 25 20 5 8 
12 23 42 63 10 7 26 3 
41 62 11 24 21 4 9 6 
--
4 47 6 61 2 45 16 59 
7 62 3 46 17 60 1 44 
48 5 50 41 64 19 58 15 
39 8 63 18 55 52 43 20 
30 49 40 51 42 57 14 53 
9 38 29 56 33 54 21 24 
28 31 36 11 26 23 34 13 
37 10 27 32 35 12 25 22 
--
29 8 27 58 31 10 35 48 
26 43 30 9 50 47 32 11 
7 28 59 46 57 34 49 36 
44 25 42 51 62 53 12 33 
21 6 45 60 41 56 37 54 
24 3 22 63 52 61 16 13 
5 20 1 40 15 18 55 38 
2 23 4 19 64 39 14 17 
--
46 5 22 25 48 3 20 17 
23 26 47 4 21 18 49 2 
6 45 24 61 40 1 16 19 
27 62 41 52 35 60 39 50 
44 7 28 59 64 51 34 15 
29 10 63 42 53 36 57 38 
8 43 12 31 58 55 14 33 
11 30 9 54 13 32 37 56 
--
55 2 53 16 41 30 63 14 
52 17 56 31 64 15 40 29 
3 54 1 42 49 58 13 62 
18 51 44 57 32 61 28 39 
45 4 19 50 43 48 59 12 
20 7 46 33 60 25 38 27 
5 34 9 22 47 36 11 24 
8 21 6 35 10 23 26 37 
--
31 20 41 4 29 18 59 2 
40 5 30 19 64 3 28 17 
21 32 49 42 51 58 1 60 
6 39 52 63 48 61 16 27 
33 22 43 50 57 26 47 12 
38 7 36 53 62 13 56 15 
23 34 9 44 25 54 11 46 
8 37 24 35 10 45 14 55 
--
56 21 16 1 58 61 14 51 
17 2 57 60 15 50 33 62 
22 55 20 47 64 59 52 13 
3 18 45 54 49 34 63 32 
42 23 48 19 46 53 12 35 
7 4 41 44 39 36 31 28 
24 43 6 9 26 29 38 11 
5 8 25 40 37 10 27 30 
--
27 8 25 44 29 6 33 46 
24 43 28 7 50 45 30 5 
9 26 49 40 53 32 47 34 
42 23 54 51 48 59 4 31 
19 10 41 64 39 52 35 58 
22 63 20 55 60 1 14 3 
11 18 61 38 13 16 57 36 
62 21 12 17 56 37 2 15 
--
47 62 13 32 35 28 11 30 
14 33 46 63 12 31 38 27 
61 48 57 34 45 36 29 10 
52 15 64 49 58 39 26 37 
1 60 51 56 19 44 9 40 
16 53 20 59 50 41 6 25 
21 2 55 18 23 4 43 8 
54 17 22 3 42 7 24 5 
--
38 17 60 19 40 35 2 5 
61 20 39 36 1 4 51 34 
16 37 18 59 52 41 6 3 
21 62 53 42 29 64 33 50 
46 15 22 63 58 49 28 7 
23 12 47 54 43 30 57 32 
14 45 10 25 48 55 8 27 
11 24 13 44 9 26 31 56 
--
8 11 46 49 62 13 44 41 
47 50 9 12 45 42 61 14 
10 7 48 59 56 63 40 43 
35 58 51 54 39 60 15 64 
6 21 36 57 52 55 38 25 
31 34 53 22 37 26 1 16 
20 5 32 29 18 3 24 27 
33 30 19 4 23 28 17 2 
--
54 5 30 33 58 3 28 15 
31 34 55 4 29 14 57 2 
6 53 32 59 56 1 16 27 
35 48 43 52 61 50 13 64 
44 7 60 49 42 63 26 17 
39 36 47 62 51 20 23 12 
8 45 38 41 10 25 18 21 
37 40 9 46 19 22 11 24 
--
4 19 2 41 6 21 24 61 
1 42 5 20 63 60 7 22 
18 3 64 57 40 23 62 25 
43 32 37 50 59 56 39 8 
36 17 58 55 38 49 26 53 
31 44 33 48 51 54 9 12 
16 35 46 29 14 11 52 27 
45 30 15 34 47 28 13 10 
--
8 5 10 35 50 3 20 33 
11 36 7 4 21 34 49 2 
6 9 38 51 44 1 32 19 
37 12 59 22 39 52 43 48 
58 23 54 45 64 47 18 31 
13 26 57 60 53 40 63 42 
24 55 28 15 46 61 30 17 
27 14 25 56 29 16 41 62 
--
30 27 10 49 40 25 8 5 
11 48 29 26 9 6 39 24 
28 31 50 43 60 41 4 7 
47 12 59 52 19 44 23 38 
32 51 46 61 42 57 18 3 
13 62 53 58 45 20 37 22 
54 33 64 15 56 35 2 17 
63 14 55 34 1 16 21 36 
--
46 3 22 17 42 13 24 15 
21 18 47 2 23 16 41 12 
4 45 20 61 48 43 14 25 
19 54 49 44 1 62 11 40 
50 5 64 55 60 39 26 37 
53 58 51 34 63 36 29 10 
6 33 56 59 8 31 38 27 
57 52 7 32 35 28 9 30 
--
33 12 61 56 35 14 39 52 
62 29 34 13 60 53 36 15 
11 32 55 64 57 38 51 40 
30 63 28 45 54 59 16 37 
25 10 31 58 1 46 41 50 
4 7 24 27 44 49 20 17 
9 26 5 2 19 22 47 42 
6 3 8 23 48 43 18 21 
--
11 46 9 48 13 60 41 52 
8 49 12 61 42 51 14 59 
45 10 47 50 57 64 53 40 
30 7 62 43 54 39 58 15 
25 44 29 38 63 56 1 36 
6 31 24 55 28 37 16 19 
23 26 33 4 21 18 35 2 
32 5 22 27 34 3 20 17 
--
11 8 49 36 25 6 23 34 
50 39 10 7 48 35 26 5 
9 12 51 60 37 24 33 22 
40 61 38 47 56 45 4 27 
13 52 57 44 59 28 21 32 
62 41 64 55 46 31 18 3 
53 14 43 58 1 16 29 20 
42 63 54 15 30 19 2 17 
--
23 48 45 6 21 18 43 8 
46 5 22 53 44 7 20 17 
49 24 47 56 19 62 9 42 
4 39 52 63 54 41 16 31 
25 50 55 40 57 32 61 10 
38 3 36 51 64 13 30 15 
35 26 1 58 33 28 11 60 
2 37 34 27 12 59 14 29 
--
57 32 1 16 63 30 11 14 
2 17 56 31 12 15 62 29 
33 58 39 64 47 54 13 10 
18 3 48 55 40 61 28 45 
49 34 59 38 53 46 9 24 
4 19 52 41 60 25 44 27 
35 50 21 6 37 42 23 8 
20 5 36 51 22 7 26 43 
--
34 31 22 7 26 3 20 5 
23 8 33 30 21 6 27 2 
32 35 40 25 38 29 4 19 
9 24 37 48 63 60 1 28 
36 41 62 39 50 47 18 59 
13 10 49 56 61 64 51 46 
42 55 12 15 44 53 58 17 
11 14 43 54 57 16 45 52 
--
39 46 35 10 41 14 57 12 
34 9 40 47 56 11 42 15 
45 38 49 36 43 64 13 58 
8 33 44 61 48 55 16 63 
27 50 37 32 1 62 59 54 
4 7 28 51 60 19 22 17 
29 26 5 2 31 24 53 20 
6 3 30 25 52 21 18 23 
--
40 63 16 21 36 25 14 23 
17 2 39 62 15 22 37 26 
64 41 20 35 38 51 24 13 
3 18 1 54 61 34 27 52 
42 59 44 19 50 53 12 33 
7 4 55 60 45 30 49 28 
58 43 6 9 56 47 32 11 
5 8 57 46 31 10 29 48 
--
27 38 9 36 25 54 7 4 
10 35 26 49 8 5 22 53 
39 28 37 24 55 52 3 6 
34 11 50 63 48 23 58 21 
29 40 33 56 51 64 17 2 
12 43 62 47 32 57 20 59 
41 30 45 14 61 18 1 16 
44 13 42 31 46 15 60 19 
--
28 57 10 47 26 45 8 5 
11 48 27 56 9 6 23 44 
58 29 60 25 46 41 4 7 
49 12 55 40 51 24 43 22 
30 59 50 61 42 39 18 3 
13 62 33 54 1 52 21 38 
34 31 64 15 36 19 2 17 
63 14 35 32 53 16 37 20 
--
30 9 28 35 32 7 62 45 
27 38 31 8 63 44 33 6 
10 29 36 43 34 59 46 61 
37 26 39 58 47 64 5 50 
40 11 42 1 54 49 60 19 
25 14 55 48 57 20 51 4 
12 41 16 23 2 53 18 21 
15 24 13 56 17 22 3 52 
--
11 18 39 22 13 16 41 24 
38 21 12 17 40 23 2 15 
19 10 37 44 1 14 25 42 
36 45 20 51 60 43 64 3 
9 32 55 46 63 50 59 26 
54 35 52 29 56 61 4 49 
31 8 33 62 47 6 27 58 
34 53 30 7 28 57 48 5 
--
4 1 18 27 48 55 16 59 
19 26 3 64 17 58 51 56 
2 5 28 47 54 49 60 15 
25 20 45 38 63 52 57 50 
6 29 24 53 46 43 14 61 
21 32 39 44 37 62 11 42 
30 7 34 23 40 9 36 13 
33 22 31 8 35 12 41 10 
--
8 59 24 41 10 55 14 39 
23 42 9 56 25 40 11 54 
60 7 58 43 52 13 38 15 
45 22 63 26 57 36 53 12 
6 61 44 51 64 33 16 37 
21 46 27 62 35 50 1 32 
28 5 48 19 30 3 34 17 
47 20 29 4 49 18 31 2 
--
48 11 36 33 54 13 38 17 
35 32 49 12 37 16 55 14 
10 47 34 53 56 61 18 39 
31 50 57 62 41 52 15 64 
58 9 46 51 60 63 40 19 
27 30 59 42 45 22 1 4 
8 43 28 25 6 3 20 23 
29 26 7 44 21 24 5 2 
--
33 28 3 26 63 10 5 8 
2 25 32 57 4 7 54 11 
29 34 27 64 55 62 9 6 
24 1 56 31 58 47 12 53 
35 30 59 48 61 52 43 46 
20 23 18 51 44 49 40 13 
17 36 21 60 15 38 45 42 
22 19 16 37 50 41 14 39 
--
8 5 10 25 32 3 20 23 
11 26 7 4 21 24 33 2 
6 9 28 31 56 1 22 19 
27 12 57 64 29 48 43 34 
40 59 30 55 42 63 18 47 
13 54 41 58 49 46 35 44 
60 39 52 15 62 37 50 17 
53 14 61 38 51 16 45 36 
--
30 11 40 35 28 13 46 43 
39 36 29 12 41 44 27 14 
10 31 38 51 34 47 42 45 
37 52 33 48 59 62 15 26 
32 9 60 63 50 25 58 1 
53 6 49 24 61 64 19 16 
8 23 4 55 18 21 2 57 
5 54 7 22 3 56 17 20 
--
6 9 24 39 52 11 26 29 
23 38 7 10 25 28 51 12 
8 5 40 55 44 53 30 27 
37 22 45 42 63 56 13 50 
4 41 62 57 54 43 64 31 
21 36 19 46 1 58 49 14 
18 3 34 61 16 47 32 59 
35 20 17 2 33 60 15 48 
--
5 26 7 22 3 44 17 20 
8 23 4 45 18 21 2 43 
27 6 25 38 49 42 19 16 
24 9 56 41 46 37 50 1 
57 28 39 48 61 54 15 36 
10 31 60 55 40 47 64 51 
29 58 33 12 53 62 35 14 
32 11 30 59 34 13 52 63 
--
32 15 30 43 2 17 20 63 
29 42 33 16 45 64 3 18 
14 31 44 1 58 19 62 21 
41 28 57 34 61 46 55 4 
36 13 40 53 56 59 22 47 
27 52 35 60 39 54 5 8 
12 37 50 25 10 7 48 23 
51 26 11 38 49 24 9 6 
--
8 17 44 29 10 15 42 27 
45 30 9 16 43 28 11 14 
18 7 46 51 62 13 26 41 
31 52 63 54 47 50 61 12 
6 19 48 57 64 55 40 25 
35 32 53 22 49 58 1 60 
20 5 34 37 56 3 24 39 
33 36 21 4 23 38 59 2 
--
5 2 7 20 51 38 17 48 
8 21 4 1 18 49 52 37 
3 6 19 50 39 64 47 16 
22 9 26 61 46 53 36 63 
25 44 23 40 59 62 15 32 
10 27 60 45 54 33 58 35 
43 24 29 12 41 56 31 14 
28 11 42 55 30 13 34 57 
--
5 18 37 28 3 16 39 42 
36 29 4 17 38 41 2 15 
19 6 35 52 27 14 43 40 
30 51 54 47 62 1 26 13 
7 20 63 34 53 46 61 44 
50 31 48 55 64 57 12 25 
21 8 33 58 23 10 45 60 
32 49 22 9 56 59 24 11 
--
60 9 54 41 58 11 46 15 
55 40 59 10 53 14 43 12 
8 61 50 57 42 45 16 47 
39 56 31 64 49 52 13 44 
30 7 62 51 32 1 48 17 
35 38 29 26 63 20 23 2 
6 27 36 33 4 25 18 21 
37 34 5 28 19 22 3 24 
--
20 17 48 3 22 7 28 5 
47 2 21 18 49 4 23 8 
16 19 46 63 24 27 6 29 
1 54 39 50 45 56 9 26 
38 15 64 55 62 25 30 43 
53 60 51 40 57 44 33 10 
14 37 58 61 12 35 42 31 
59 52 13 36 41 32 11 34 
--
19 16 53 2 21 6 27 4 
54 1 20 17 52 3 22 7 
15 18 45 64 23 26 5 28 
46 55 38 59 44 51 8 25 
37 14 61 50 63 24 29 42 
56 47 58 39 60 43 32 9 
13 36 49 62 11 34 41 30 
48 57 12 35 40 31 10 33 
--
45 8 27 22 41 6 29 20 
26 23 44 7 28 21 42 5 
9 46 25 40 43 58 19 30 
24 39 48 55 60 31 4 57 
47 10 53 32 49 56 59 18 
38 13 50 61 54 33 64 3 
11 52 15 36 1 62 17 34 
14 37 12 51 16 35 2 63 
--
28 11 26 61 30 13 34 63 
25 56 29 12 39 62 31 14 
10 27 60 55 52 33 64 35 
57 24 53 38 59 40 15 32 
48 9 58 41 54 51 36 1 
23 6 47 50 37 18 43 16 
8 49 4 21 42 45 2 19 
5 22 7 46 3 20 17 44 
--
49 46 13 42 25 28 11 30 
14 43 48 51 12 31 24 27 
47 50 45 34 41 26 29 10 
44 15 52 55 60 35 32 23 
53 62 59 16 33 40 9 36 
4 1 54 61 56 37 22 19 
63 58 3 6 17 20 39 8 
2 5 64 57 38 7 18 21 
--
53 26 7 22 45 36 5 20 
8 23 52 37 6 21 46 35 
27 54 25 44 51 48 19 4 
24 9 56 49 38 41 34 47 
55 28 43 40 61 50 3 18 
10 13 60 57 42 39 64 33 
29 58 15 12 31 62 17 2 
14 11 30 59 16 1 32 63 
--
7 10 5 42 35 12 31 40 
4 47 8 11 32 41 36 13 
9 6 61 46 43 34 39 30 
48 3 44 33 62 57 14 37 
21 52 63 60 45 38 29 58 
2 49 20 53 56 59 26 15 
19 22 51 64 17 24 55 28 
50 1 18 23 54 27 16 25 
--
5 24 7 38 3 22 17 36 
8 39 4 23 18 37 2 21 
25 6 41 58 47 20 35 16 
40 9 52 19 42 57 46 1 
53 26 55 48 59 50 15 34 
10 29 60 51 56 43 64 45 
27 54 31 12 49 62 33 14 
30 11 28 61 32 13 44 63 
--
30 27 10 55 40 25 8 5 
11 54 29 26 9 6 39 24 
28 31 56 51 60 41 4 7 
53 12 59 48 19 50 23 38 
32 57 52 61 42 47 18 3 
13 62 43 58 49 20 37 22 
44 33 64 15 46 35 2 17 
63 14 45 34 1 16 21 36 
--
5 24 7 42 3 22 17 54 
8 43 4 23 18 55 2 21 
25 6 41 50 59 20 53 16 
40 9 44 19 56 51 58 1 
37 26 39 60 49 64 15 52 
10 29 36 45 34 57 48 63 
27 38 31 12 61 46 33 14 
30 11 28 35 32 13 62 47 
--
49 62 13 32 51 28 11 30 
14 33 50 61 12 31 54 27 
63 48 59 44 55 52 29 10 
34 15 64 47 60 43 26 53 
1 58 45 42 19 56 9 40 
16 35 20 57 46 41 6 25 
21 2 37 18 23 4 39 8 
36 17 22 3 38 7 24 5 
--
47 14 61 32 1 16 19 34 
62 31 46 15 60 33 2 17 
13 48 57 64 45 18 35 20 
30 63 42 53 56 59 40 3 
49 12 55 58 41 44 21 36 
26 29 52 43 54 39 4 7 
11 50 27 24 9 6 37 22 
28 25 10 51 38 23 8 5 
--
54 17 60 41 52 7 2 5 
61 42 53 18 1 4 51 8 
16 55 40 59 50 47 6 3 
39 62 43 56 19 64 9 48 
44 15 58 63 46 49 20 31 
35 38 45 28 57 32 23 10 
14 27 36 33 12 25 30 21 
37 34 13 26 29 22 11 24 
--
45 32 7 28 41 24 5 26 
8 29 44 51 6 27 42 23 
33 46 31 40 43 56 25 4 
30 9 52 57 50 39 22 55 
47 34 49 38 61 54 3 18 
10 13 60 53 58 19 64 21 
35 48 15 12 37 62 17 2 
14 11 36 59 16 1 20 63 
--
2 35 38 25 4 61 40 23 
37 26 3 62 39 24 5 60 
34 1 36 43 56 63 22 41 
27 44 57 64 53 42 59 6 
12 33 52 55 58 19 50 21 
45 28 13 32 51 54 7 18 
14 11 30 47 16 9 20 49 
29 46 15 10 31 48 17 8 
--
5 34 3 52 7 32 27 50 
2 53 6 33 28 51 8 31 
35 4 55 60 45 30 49 26 
54 1 44 29 56 47 58 9 
19 36 61 46 59 38 25 48 
64 43 18 37 22 57 10 13 
17 20 41 62 15 12 39 24 
42 63 16 21 40 23 14 11 
--
53 8 31 34 59 6 29 26 
32 35 54 7 30 27 60 5 
9 52 33 62 49 58 25 28 
36 63 50 55 38 61 4 47 
51 10 37 64 57 48 39 24 
16 13 56 43 40 21 46 3 
11 42 15 18 1 44 23 20 
14 17 12 41 22 19 2 45 
--
26 29 12 59 34 31 10 7 
13 62 27 30 11 8 35 32 
28 25 60 55 58 33 6 9 
61 14 63 46 53 56 43 36 
24 47 54 57 44 51 20 5 
15 64 45 52 21 42 37 40 
48 23 2 17 50 39 4 19 
1 16 49 22 3 18 41 38 
--
33 20 3 18 35 30 5 8 
2 17 34 31 4 7 38 29 
21 32 19 36 43 40 9 6 
16 1 54 41 52 37 28 39 
55 22 59 44 63 42 51 10 
60 15 64 53 58 45 48 27 
23 56 13 62 25 50 11 46 
14 61 24 57 12 47 26 49 
--
5 18 39 22 3 16 41 24 
38 21 4 17 40 23 2 15 
19 6 37 56 1 14 25 42 
36 57 20 63 44 61 54 13 
7 32 45 60 55 64 43 26 
46 35 58 29 62 51 12 53 
31 8 33 48 59 10 27 50 
34 47 30 9 28 49 52 11 
--
6 55 24 47 8 43 34 45 
23 26 7 56 35 46 9 42 
54 5 60 25 48 51 44 33 
27 22 53 50 57 36 41 10 
4 59 28 61 52 49 32 37 
21 62 19 58 1 40 11 14 
18 3 64 29 16 13 38 31 
63 20 17 2 39 30 15 12 
--
46 15 40 33 2 17 20 35 
41 32 45 16 39 34 3 18 
14 47 42 1 62 19 36 21 
31 44 63 50 57 38 61 4 
48 13 56 43 64 51 22 37 
27 30 49 58 53 60 5 8 
12 55 28 25 10 7 52 23 
29 26 11 54 59 24 9 6 
--
6 9 24 53 48 11 26 59 
23 50 7 10 25 58 47 12 
8 5 54 49 52 63 60 27 
37 22 51 64 57 46 13 62 
4 55 36 45 34 61 28 43 
21 38 19 56 1 44 31 14 
18 3 40 35 16 33 42 29 
39 20 17 2 41 30 15 32 
--
45 32 7 28 41 24 5 26 
8 29 44 57 6 27 42 23 
33 46 31 40 43 56 25 4 
30 9 60 53 58 39 22 55 
47 34 49 38 61 54 3 18 
10 13 52 59 50 19 64 21 
35 48 15 12 37 62 17 2 
14 11 36 51 16 1 20 63 
--
36 23 6 21 38 33 8 11 
5 20 37 34 7 10 45 32 
24 35 22 39 46 57 12 9 
19 4 55 58 41 44 31 48 
54 25 40 43 56 47 62 13 
3 18 59 52 61 42 49 30 
26 53 16 1 28 51 14 63 
17 2 27 60 15 64 29 50 
--
11 52 25 40 13 60 17 38 
26 41 12 63 24 39 14 59 
51 10 53 42 61 16 37 18 
44 27 62 23 64 19 58 15 
9 50 43 54 57 36 1 20 
28 45 30 49 22 55 4 35 
31 8 47 56 33 6 21 2 
46 29 32 7 48 3 34 5 
--
5 2 35 20 15 18 33 56 
36 21 4 1 34 57 14 17 
3 6 63 58 19 16 55 32 
22 37 46 49 64 61 44 13 
7 48 59 62 45 50 31 54 
26 23 38 47 60 53 12 43 
39 8 25 28 41 10 51 30 
24 27 40 9 52 29 42 11 
--
31 12 29 56 33 14 37 54 
28 59 32 13 44 55 34 15 
11 30 57 64 51 36 53 38 
58 27 60 43 62 45 16 35 
25 10 63 50 1 52 39 46 
4 7 26 61 42 49 20 17 
9 24 5 2 19 22 47 40 
6 3 8 23 48 41 18 21 
--
2 5 38 21 46 7 40 23 
37 20 3 6 39 22 51 8 
4 1 36 47 52 45 24 41 
19 48 59 44 35 50 9 54 
64 15 34 49 58 53 42 25 
33 18 63 60 43 28 55 10 
14 61 16 31 12 57 26 29 
17 32 13 62 27 30 11 56 
--
57 14 43 40 63 16 45 20 
42 39 58 15 44 19 62 17 
13 56 41 50 59 64 21 46 
38 49 52 55 26 47 18 61 
53 12 37 48 51 60 1 22 
36 33 54 27 30 25 4 7 
11 28 31 34 9 6 23 2 
32 35 10 29 24 3 8 5 
--
4 25 2 35 6 23 60 33 
1 36 5 24 61 34 7 22 
26 3 64 43 38 41 32 59 
53 44 37 40 51 62 21 8 
14 27 52 63 42 39 58 31 
45 54 15 28 57 50 9 20 
16 13 56 47 18 11 30 49 
55 46 17 12 29 48 19 10 
--
46 21 16 1 56 59 14 53 
17 2 47 60 15 54 33 58 
22 45 20 55 64 57 52 13 
3 18 61 48 51 34 63 32 
42 23 44 19 62 49 12 35 
7 4 41 50 39 36 31 28 
24 43 6 9 26 29 38 11 
5 8 25 40 37 10 27 30 
--
8 11 26 43 52 13 28 31 
25 42 9 12 27 30 45 14 
10 7 60 53 44 51 32 29 
55 24 41 62 49 64 15 46 
6 61 54 59 40 47 50 33 
23 56 21 48 63 36 1 16 
20 5 58 39 18 3 34 37 
57 22 19 4 35 38 17 2 
--
24 17 26 61 22 7 2 5 
27 62 23 18 1 4 21 8 
16 25 64 39 60 19 6 3 
63 28 59 44 51 40 9 20 
32 15 50 55 38 43 46 41 
29 58 31 52 45 54 37 10 
14 33 56 49 12 35 42 47 
57 30 13 34 53 48 11 36 
--
15 12 47 28 7 10 45 60 
48 29 14 11 46 59 6 9 
13 16 55 64 27 8 61 44 
56 49 30 39 58 63 26 5 
17 34 57 54 1 38 43 62 
50 31 20 35 40 53 4 25 
21 18 33 52 23 2 37 42 
32 51 22 19 36 41 24 3 
--
20 5 22 47 18 3 36 45 
23 52 19 4 39 46 17 2 
6 21 62 51 48 37 44 35 
53 24 49 38 61 40 1 16 
28 7 54 63 50 43 34 41 
25 56 27 60 31 64 15 12 
8 29 58 55 10 13 42 33 
57 26 9 30 59 32 11 14 
--
6 21 4 23 8 63 36 49 
3 24 7 58 37 50 9 62 
20 5 22 51 64 59 48 35 
25 2 55 46 57 38 61 10 
54 19 52 1 60 47 34 39 
29 26 45 56 43 40 11 14 
18 53 28 31 16 13 42 33 
27 30 17 44 41 32 15 12 
--
24 27 42 9 56 29 44 11 
41 8 25 28 43 10 51 30 
26 23 40 57 52 55 12 45 
7 58 53 64 39 60 31 50 
22 37 20 59 54 1 46 13 
19 6 63 38 61 14 49 32 
36 21 4 17 34 47 2 15 
5 18 35 62 3 16 33 48 
--
42 59 12 21 44 25 10 23 
13 20 43 60 11 22 49 26 
58 41 62 45 56 47 24 9 
19 14 57 52 61 50 27 48 
40 63 18 55 46 53 8 31 
15 36 39 64 51 30 5 28 
38 1 34 17 54 3 32 7 
35 16 37 2 33 6 29 4 
--
45 8 25 28 53 6 23 20 
26 29 46 7 24 21 54 5 
9 44 27 52 55 60 19 22 
30 49 56 47 38 51 4 59 
43 10 31 50 61 58 39 18 
32 13 48 57 40 37 64 3 
11 42 15 34 1 62 17 36 
14 33 12 41 16 35 2 63 
--
41 2 19 22 49 12 17 14 
20 23 40 1 18 15 48 11 
3 42 21 50 39 64 13 16 
24 37 44 63 60 51 10 47 
43 4 59 38 55 46 61 30 
36 25 56 45 62 31 52 9 
5 58 27 34 7 54 29 32 
26 35 6 57 28 33 8 53 
--
23 26 13 30 59 44 11 52 
14 29 24 27 12 53 60 43 
25 22 31 58 45 62 51 10 
32 15 28 63 54 57 42 61 
21 36 55 46 19 64 9 50 
16 33 20 1 56 47 6 41 
37 2 35 18 39 4 49 8 
34 17 38 3 48 7 40 5 
--
2 27 16 25 48 41 14 59 
17 24 1 40 15 60 49 42 
28 3 26 47 64 43 58 13 
23 18 39 44 61 56 63 50 
4 29 22 55 46 51 12 57 
19 32 45 38 35 62 9 52 
30 5 34 21 54 7 36 11 
33 20 31 6 37 10 53 8 
--
39 42 13 62 49 6 11 8 
14 45 40 43 12 9 58 5 
41 38 63 48 61 50 7 10 
46 15 44 55 52 57 4 59 
37 54 47 64 31 60 51 26 
16 21 18 53 56 27 32 3 
19 36 23 30 1 34 25 28 
22 17 20 35 24 29 2 33 
--
49 14 41 2 61 24 39 4 
42 1 48 23 40 3 62 25 
15 50 13 64 47 60 5 38 
12 43 22 51 36 63 26 59 
21 16 35 44 55 46 37 6 
34 11 54 19 52 29 58 27 
17 20 9 32 45 56 7 30 
10 33 18 53 8 31 28 57 
--
26 23 4 41 18 21 2 63 
5 42 25 22 3 64 17 20 
24 27 58 53 40 19 62 1 
43 6 39 56 59 52 37 16 
28 57 54 51 38 61 12 49 
7 44 31 60 55 50 15 36 
32 29 46 9 34 13 48 11 
45 8 33 30 47 10 35 14 
--
30 27 10 51 40 25 8 5 
11 52 29 26 9 6 39 24 
28 31 56 53 50 41 4 7 
55 12 49 58 19 60 23 38 
32 57 54 61 42 47 18 3 
13 62 43 48 59 20 37 22 
44 33 64 15 46 35 2 17 
63 14 45 34 1 16 21 36 
--
51 24 13 22 59 44 11 46 
14 21 52 49 12 47 62 43 
25 50 23 58 63 60 45 10 
20 15 56 53 48 35 42 61 
55 26 19 38 57 64 9 36 
16 29 54 1 34 37 6 41 
27 2 31 18 39 4 33 8 
30 17 28 3 32 7 40 5 
--
14 23 58 63 16 21 2 33 
59 56 15 22 1 32 17 20 
24 13 64 57 62 19 34 3 
55 60 49 40 53 36 31 18 
12 25 54 61 48 39 4 35 
43 46 41 50 37 52 7 30 
26 11 44 47 28 9 38 5 
45 42 27 10 51 6 29 8 
--
27 14 29 60 25 16 51 2 
30 61 26 15 52 1 24 17 
13 28 59 64 55 46 3 50 
62 31 56 47 58 53 18 23 
35 12 63 54 45 22 49 4 
32 9 34 57 48 43 40 19 
11 36 7 44 21 38 5 42 
8 33 10 37 6 41 20 39 
--
62 35 40 9 58 19 42 11 
39 8 61 36 41 10 21 18 
34 63 38 59 20 57 12 43 
7 60 29 64 37 52 17 22 
28 33 50 53 56 1 44 13 
49 6 55 30 51 14 23 16 
32 27 4 47 54 25 2 45 
5 48 31 26 3 46 15 24 
--
12 15 24 33 22 17 42 35 
25 32 13 16 43 34 21 18 
14 11 44 23 62 19 36 41 
31 26 53 56 1 40 61 20 
10 45 30 63 54 57 2 37 
27 48 55 52 39 64 5 60 
46 9 50 29 58 7 38 3 
49 28 47 8 51 4 59 6 
--
2 63 4 19 24 41 14 17 
5 20 1 62 15 18 25 40 
64 3 58 23 42 49 16 13 
21 6 51 48 61 46 39 26 
32 59 22 57 50 43 12 45 
7 52 33 60 47 56 27 38 
34 31 54 9 36 29 44 11 
53 8 35 30 55 10 37 28 
--
17 38 13 58 33 36 11 56 
14 59 16 37 12 57 32 35 
39 18 63 60 51 34 55 10 
64 15 48 45 62 53 50 31 
19 40 61 52 49 46 9 54 
4 1 44 47 22 25 30 27 
41 20 3 6 43 28 23 8 
2 5 42 21 24 7 26 29 
--
30 27 10 57 40 25 8 5 
11 50 29 26 9 6 41 24 
28 31 58 43 56 39 4 7 
51 12 49 46 19 42 23 38 
32 59 44 55 48 63 18 3 
13 52 47 64 45 20 37 22 
60 33 54 15 62 35 2 17 
53 14 61 34 1 16 21 36 
--
45 20 3 24 47 26 5 8 
2 23 46 43 4 7 48 27 
19 44 21 50 25 56 9 6 
22 1 60 57 42 49 28 55 
59 18 37 64 51 62 41 10 
36 15 58 61 40 31 54 29 
17 38 13 34 63 52 11 32 
14 35 16 39 12 33 30 53 
--
63 18 21 4 27 46 23 6 
20 3 62 47 22 5 28 45 
17 64 19 26 57 48 7 24 
2 53 58 61 36 25 44 29 
59 16 1 54 49 56 37 8 
52 13 60 35 38 41 30 43 
15 34 11 50 55 32 9 40 
12 51 14 33 10 39 42 31 
--
4 53 6 21 2 51 16 19 
7 22 3 52 17 20 1 50 
54 5 56 31 64 49 18 15 
23 8 61 48 59 30 63 46 
36 55 32 57 62 47 14 29 
9 24 37 60 33 58 45 42 
38 35 26 11 40 43 28 13 
25 10 39 34 27 12 41 44 
--
4 49 6 39 2 63 16 37 
7 40 3 52 17 38 1 62 
48 5 50 55 64 19 36 15 
41 8 53 18 51 58 61 20 
26 47 56 59 54 33 14 35 
9 42 27 46 57 60 21 32 
28 25 44 11 30 23 34 13 
43 10 29 24 45 12 31 22 
--
38 17 64 19 40 35 2 5 
63 20 39 36 1 4 55 34 
16 37 18 59 56 41 6 3 
21 62 57 42 29 60 33 54 
46 15 22 61 58 49 28 7 
23 12 47 50 43 30 53 32 
14 45 10 25 48 51 8 27 
11 24 13 44 9 26 31 52 
--
47 4 23 18 31 2 25 16 
22 19 48 3 24 17 28 1 
5 46 21 32 61 30 15 26 
20 33 52 49 40 27 64 29 
45 6 41 62 51 60 39 14 
34 9 50 53 42 63 56 59 
7 44 11 36 57 54 13 38 
10 35 8 43 12 37 58 55 
--
57 20 23 6 51 10 25 8 
22 5 56 45 24 7 54 11 
19 58 21 50 55 52 9 26 
4 39 46 59 44 63 12 53 
35 18 49 40 47 60 27 62 
38 3 36 43 64 41 30 13 
17 34 1 48 15 32 61 28 
2 37 16 33 42 29 14 31 
--
2 5 52 21 24 7 26 29 
53 20 3 6 63 28 23 8 
4 1 60 51 22 25 30 27 
19 54 43 64 59 62 9 46 
42 15 40 61 50 45 58 31 
39 18 55 44 57 34 47 10 
14 41 16 37 12 49 32 35 
17 38 13 56 33 36 11 48 
--
44 5 22 25 46 3 20 17 
23 26 45 4 21 18 47 2 
6 43 24 61 40 1 16 19 
27 62 41 50 35 60 39 48 
42 7 28 59 64 49 34 15 
29 10 63 54 51 36 57 38 
8 53 12 31 58 55 14 33 
11 30 9 52 13 32 37 56 
--
2 41 16 25 34 39 14 27 
17 24 1 40 15 26 35 38 
42 3 50 33 64 37 28 13 
23 18 43 52 49 32 45 36 
4 51 22 63 44 57 12 29 
19 62 53 58 31 48 9 46 
54 5 60 21 56 7 30 11 
61 20 55 6 59 10 47 8 
--
51 42 13 28 35 40 11 26 
14 29 50 41 12 27 36 39 
43 52 45 34 49 38 25 10 
30 15 54 63 46 33 56 37 
53 44 31 48 55 64 9 24 
16 19 62 1 32 47 6 57 
61 2 21 18 59 4 23 8 
20 17 60 3 22 7 58 5 
--
5 28 7 22 3 44 17 20 
8 23 4 45 18 21 2 43 
29 6 27 24 49 42 19 16 
26 9 56 41 46 39 50 1 
57 30 25 48 61 54 15 38 
10 33 60 55 40 47 64 51 
31 58 35 12 53 62 37 14 
34 11 32 59 36 13 52 63 
--
26 5 36 47 24 3 20 45 
35 60 25 4 37 46 23 2 
6 27 58 61 48 21 44 19 
59 34 49 38 57 40 1 22 
28 7 62 55 64 43 18 41 
33 54 31 50 39 56 15 12 
8 29 52 63 10 13 42 17 
53 32 9 30 51 16 11 14 
--
63 20 1 16 51 36 11 14 
2 17 62 37 12 15 48 35 
21 64 19 50 59 52 13 10 
18 3 54 61 38 49 34 47 
55 22 39 58 53 60 9 30 
4 25 56 43 40 31 46 33 
23 42 27 6 57 44 29 8 
26 5 24 41 28 7 32 45 
--
23 46 7 42 21 36 5 2 
8 41 22 37 6 3 20 35 
45 24 47 40 43 38 1 4 
48 9 44 59 56 53 34 19 
25 60 57 52 39 64 15 54 
10 49 28 61 58 55 18 33 
29 26 51 12 31 16 63 14 
50 11 30 27 62 13 32 17 
--
63 18 21 4 27 58 23 6 
20 3 62 59 22 5 28 57 
17 64 19 26 55 60 7 24 
2 47 54 61 44 25 56 29 
53 16 1 46 51 36 43 8 
48 13 52 37 40 45 30 33 
15 38 11 50 35 32 9 42 
12 49 14 39 10 41 34 31 
--
3 12 45 28 5 10 43 26 
46 29 4 11 44 27 6 9 
13 2 47 60 21 8 25 42 
30 59 62 1 54 49 20 7 
63 14 55 48 61 22 41 24 
58 31 64 53 50 35 38 19 
15 52 33 56 17 40 23 36 
32 57 16 51 34 37 18 39 
--
11 14 23 46 21 16 61 38 
24 45 12 15 62 37 20 17 
13 10 47 22 57 18 39 60 
44 25 50 63 42 59 36 19 
9 48 43 58 29 56 1 40 
26 51 30 49 64 41 4 35 
31 8 53 28 33 6 55 2 
52 27 32 7 54 3 34 5 
--
10 19 48 29 12 17 46 55 
49 30 11 18 47 56 13 16 
20 9 50 57 28 15 54 45 
31 58 39 42 63 52 27 14 
8 21 62 51 40 37 44 53 
59 32 41 38 43 64 3 26 
22 7 34 61 24 5 36 1 
33 60 23 6 35 2 25 4 
--
43 12 61 56 41 14 37 48 
62 53 42 13 60 49 40 15 
11 44 57 64 55 38 47 36 
52 63 54 45 50 59 16 39 
25 10 51 58 1 46 35 30 
4 7 24 27 34 31 20 17 
9 26 5 2 19 22 29 32 
6 3 8 23 28 33 18 21 
--
37 28 9 30 39 50 7 4 
10 31 38 49 8 5 42 51 
27 36 29 40 55 52 3 6 
32 11 48 61 18 41 54 43 
35 26 33 56 53 60 17 2 
12 23 62 47 64 19 44 59 
25 34 21 14 57 46 1 16 
22 13 24 63 20 15 58 45 
--
57 8 33 28 55 6 35 26 
32 29 56 7 34 27 50 5 
9 58 31 54 49 62 25 36 
30 53 60 63 38 51 4 47 
59 10 39 52 61 48 37 24 
16 13 64 43 40 21 46 3 
11 42 15 18 1 44 23 20 
14 17 12 41 22 19 2 45 
--
16 25 2 61 18 23 4 35 
1 62 17 24 3 34 19 22 
26 15 64 49 60 21 36 5 
63 48 59 44 41 54 33 20 
14 27 52 55 50 43 6 37 
47 58 45 42 53 40 9 32 
28 13 56 51 30 11 38 7 
57 46 29 12 39 8 31 10 
--
44 29 10 31 36 41 8 5 
11 32 45 42 9 6 37 40 
28 43 30 35 50 39 4 7 
33 12 61 46 19 48 51 38 
62 27 34 49 60 1 18 3 
13 24 59 64 47 20 55 52 
26 63 22 15 54 57 2 17 
23 14 25 58 21 16 53 56 
--
2 43 4 19 64 39 14 17 
5 20 1 40 15 18 59 38 
44 3 42 61 48 63 16 13 
21 6 47 52 41 60 37 58 
24 45 22 49 62 51 12 33 
7 28 25 46 53 34 57 36 
26 23 30 9 50 55 32 11 
29 8 27 54 31 10 35 56 
--
29 12 27 58 31 14 47 56 
26 59 30 13 64 57 32 15 
11 28 63 60 43 46 55 48 
62 25 44 51 54 1 16 33 
39 10 61 42 45 52 49 2 
24 7 40 53 50 19 34 17 
9 38 5 22 41 36 3 20 
6 23 8 37 4 21 18 35 
--
32 15 30 41 2 17 20 39 
29 42 33 16 35 40 3 18 
14 31 44 1 56 19 38 21 
43 28 61 34 45 36 55 4 
62 13 46 57 64 51 22 37 
27 60 63 52 49 54 5 8 
12 47 58 25 10 7 50 23 
59 26 11 48 53 24 9 6 
--
6 55 24 47 8 43 34 45 
23 26 7 56 35 46 9 42 
54 5 60 25 48 51 44 33 
27 22 53 50 57 36 41 10 
4 59 28 61 52 49 32 37 
21 62 19 58 1 40 11 14 
18 3 64 29 16 13 38 31 
63 20 17 2 39 30 15 12 
--
63 18 21 4 27 56 23 6 
20 3 62 57 22 5 26 55 
17 64 19 28 53 60 7 24 
2 29 58 61 50 25 54 47 
39 16 1 52 59 48 35 8 
30 13 40 49 36 51 46 43 
15 38 11 32 41 44 9 34 
12 31 14 37 10 33 42 45 
--
53 62 15 44 51 42 13 10 
16 45 52 59 14 11 36 41 
61 54 63 48 43 50 9 12 
46 17 60 55 58 37 40 35 
27 64 47 38 49 56 23 8 
18 3 28 57 24 39 34 31 
1 26 5 20 29 32 7 22 
4 19 2 25 6 21 30 33 
--
10 17 44 27 12 15 54 57 
43 28 11 16 53 56 1 14 
18 9 60 45 26 13 58 55 
29 42 37 52 59 64 25 2 
8 19 46 61 38 35 50 63 
41 30 39 36 51 62 3 24 
20 7 32 47 22 5 34 49 
31 40 21 6 33 48 23 4 
--
57 16 31 34 63 18 1 4 
30 35 58 17 32 3 62 19 
15 56 33 50 59 64 5 2 
36 29 52 55 38 49 20 61 
53 14 37 48 51 60 39 6 
28 11 54 43 40 23 46 21 
13 42 9 26 47 44 7 24 
10 27 12 41 8 25 22 45 
--
14 29 10 53 24 27 8 47 
11 52 13 28 9 48 23 26 
30 15 54 49 60 25 46 7 
51 12 61 40 55 42 37 22 
16 31 50 59 38 45 6 43 
1 62 39 56 41 58 21 36 
32 17 64 3 34 19 44 5 
63 2 33 18 57 4 35 20 
--
29 8 27 46 31 10 35 48 
26 23 30 9 60 47 32 11 
7 28 25 58 45 34 49 36 
24 63 22 61 52 59 12 33 
21 6 53 64 57 44 37 50 
54 3 62 43 40 51 16 13 
5 20 1 56 15 18 41 38 
2 55 4 19 42 39 14 17 
--
56 31 36 9 54 21 38 11 
35 8 55 62 37 10 23 20 
30 57 32 53 22 61 12 39 
7 34 63 60 45 40 19 24 
58 29 52 33 64 25 46 13 
3 6 59 44 49 16 41 18 
28 51 4 1 26 43 14 47 
5 2 27 50 15 48 17 42 
--
45 42 33 10 37 14 31 12 
34 9 44 41 32 11 38 15 
43 46 51 36 49 40 13 30 
8 35 48 59 52 1 16 39 
47 54 25 50 61 58 29 2 
24 7 60 53 28 19 64 17 
55 26 5 22 57 62 3 20 
6 23 56 27 4 21 18 63 
--
5 46 23 26 7 30 39 28 
22 25 6 45 40 27 8 31 
47 4 55 24 33 42 29 38 
56 21 44 41 58 37 32 9 
3 48 57 54 43 34 63 36 
20 53 18 49 64 59 10 13 
17 2 51 60 15 12 35 62 
52 19 16 1 50 61 14 11 
--
46 35 32 9 62 13 30 11 
33 8 47 58 31 10 51 14 
36 45 34 63 50 61 12 29 
7 42 59 48 57 64 15 52 
44 37 24 41 60 49 28 1 
23 6 43 56 27 18 53 16 
38 25 4 21 40 55 2 19 
5 22 39 26 3 20 17 54 
--
23 8 45 52 25 10 29 50 
44 57 24 9 46 51 26 11 
7 22 63 56 53 28 49 30 
58 43 54 39 62 47 12 27 
21 6 59 64 55 38 31 48 
42 3 40 37 34 61 16 13 
5 20 1 60 15 18 35 32 
2 41 4 19 36 33 14 17 
--
5 8 23 46 59 10 25 28 
22 47 6 9 24 27 56 11 
7 4 45 60 53 58 29 26 
38 21 48 51 44 55 12 57 
3 50 37 54 61 52 43 30 
20 39 18 49 42 33 62 13 
17 2 41 36 15 64 31 34 
40 19 16 1 32 35 14 63 
--
57 4 33 30 63 2 35 14 
32 29 58 3 34 13 62 1 
5 56 31 50 59 64 15 36 
28 49 52 55 38 47 12 61 
53 6 39 48 51 60 37 16 
24 27 54 43 40 19 46 11 
7 42 25 22 9 44 17 20 
26 23 8 41 18 21 10 45 
--
2 55 44 23 4 21 42 39 
45 24 3 64 43 40 5 20 
56 1 54 49 22 61 38 41 
25 46 63 60 53 48 19 6 
12 57 50 47 62 59 52 37 
29 26 13 58 51 34 7 18 
14 11 28 31 16 9 36 33 
27 30 15 10 35 32 17 8 
--
2 23 64 57 4 21 44 49 
63 58 3 22 53 50 5 20 
24 1 52 61 56 45 48 43 
39 62 59 46 51 54 19 6 
12 25 40 55 60 47 42 29 
35 38 13 26 41 30 7 18 
14 11 36 33 16 9 28 31 
37 34 15 10 27 32 17 8 
--
29 14 59 12 27 34 37 10 
60 1 28 33 58 11 26 35 
15 30 13 64 51 36 9 38 
2 61 32 57 40 55 50 25 
31 16 41 54 63 52 39 8 
42 3 62 19 56 47 24 49 
17 20 5 44 53 22 7 46 
4 43 18 21 6 45 48 23 
--
