--
16 45 66 41 18 43 52 63 20 23 
67 40 17 44 65 70 19 22 53 62 
46 15 68 77 42 51 64 71 24 21 
39 76 47 50 69 78 87 54 61 58 
14 49 74 79 88 55 72 59 86 25 
75 38 33 48 73 92 85 100 57 60 
34 13 80 89 84 97 56 91 26 99 
37 10 35 32 81 90 93 98 1 4 
12 31 8 83 96 29 6 3 94 27 
9 36 11 30 7 82 95 28 5 2 
--
65 36 9 38 63 86 7 82 61 84 
10 39 64 75 8 79 62 85 6 81 
35 66 37 72 87 76 97 80 83 60 
40 11 74 69 78 95 92 59 98 5 
67 34 71 94 73 88 77 96 91 58 
12 41 68 51 70 93 90 55 4 99 
33 52 31 42 89 54 49 100 57 20 
30 13 46 53 50 17 56 21 24 3 
45 32 15 28 43 48 1 26 19 22 
14 29 44 47 16 27 18 23 2 25 
--
65 32 19 34 63 96 21 60 57 98 
18 35 64 91 20 61 86 97 22 59 
31 66 33 62 87 90 95 58 99 56 
36 17 88 71 92 85 100 83 78 23 
67 30 73 44 89 82 79 94 55 2 
16 37 70 81 72 93 84 1 24 77 
29 68 43 74 45 80 25 76 3 54 
38 15 46 69 42 75 50 53 6 9 
47 28 13 40 49 26 11 8 51 4 
14 39 48 27 12 41 52 5 10 7 
--
18 31 94 89 20 29 2 77 22 27 
95 50 19 30 1 90 21 28 3 76 
32 17 100 93 88 85 78 91 26 23 
49 96 51 82 99 92 87 24 75 4 
16 33 58 97 86 81 84 79 66 25 
57 48 71 52 83 98 67 74 5 64 
34 15 56 59 70 73 80 65 68 41 
47 12 45 72 53 60 69 40 63 6 
14 35 10 55 44 37 8 61 42 39 
11 46 13 36 9 54 43 38 7 62 
--
58 19 66 3 60 55 36 5 34 53 
67 2 59 56 65 4 61 54 37 6 
20 57 18 69 74 63 76 35 52 33 
17 68 1 64 77 70 99 62 7 38 
80 21 92 73 100 75 94 47 32 51 
91 16 81 78 93 98 71 50 39 8 
22 79 90 97 72 87 46 95 48 31 
15 82 25 86 89 96 49 42 9 40 
26 23 84 13 28 45 88 11 30 43 
83 14 27 24 85 12 29 44 41 10 
--
18 21 50 25 48 23 64 83 46 95 
51 26 19 22 63 84 47 96 65 82 
20 17 54 49 24 69 90 81 94 45 
27 52 29 62 85 80 97 68 89 66 
16 55 38 53 70 1 86 91 44 93 
37 28 61 30 79 98 77 100 67 88 
56 15 36 39 60 71 2 87 92 43 
35 12 59 72 31 78 99 76 3 6 
14 57 10 33 40 73 8 5 42 75 
11 34 13 58 9 32 41 74 7 4 
--
15 76 17 36 13 74 93 34 11 8 
18 37 14 75 94 35 12 9 96 33 
77 16 85 38 73 98 95 92 7 10 
40 19 78 99 86 91 72 97 32 89 
55 84 39 66 79 100 87 90 69 6 
20 41 56 83 50 67 80 71 88 31 
57 54 49 60 65 82 1 68 5 70 
42 21 58 51 46 61 64 81 30 27 
53 48 23 44 59 2 25 28 63 4 
22 43 52 47 24 45 62 3 26 29 
--
17 48 43 36 15 66 31 34 13 64 
42 37 16 67 46 35 14 65 30 33 
49 18 47 44 69 74 99 32 63 12 
38 41 68 79 98 45 70 75 60 29 
19 50 39 90 71 94 73 100 11 62 
40 85 80 93 78 97 76 61 28 59 
51 20 89 84 91 72 95 58 1 10 
86 81 92 55 96 77 8 25 4 27 
21 52 83 88 23 54 57 6 9 2 
82 87 22 53 56 7 24 3 26 5 
--
6 31 8 65 4 29 58 79 2 27 
9 64 5 30 59 82 3 28 55 80 
32 7 60 63 66 57 78 81 26 1 
61 10 67 42 83 74 87 56 77 54 
44 33 62 73 86 71 84 75 100 25 
11 68 43 70 41 90 97 88 53 76 
34 45 40 91 72 85 38 95 24 99 
15 12 69 48 39 96 89 98 21 52 
46 35 14 17 92 37 50 19 94 23 
13 16 47 36 49 18 93 22 51 20 
--
23 4 25 44 21 2 49 42 19 16 
26 45 22 3 48 43 20 17 50 41 
5 24 47 76 99 62 1 52 15 18 
46 27 86 63 80 75 98 61 40 51 
65 6 77 94 85 100 79 90 53 14 
28 87 64 81 78 89 74 97 60 39 
7 66 93 88 95 84 91 72 13 54 
32 29 82 69 92 73 96 57 38 59 
67 8 31 34 83 10 71 36 55 12 
30 33 68 9 70 35 56 11 58 37 
--
91 8 31 34 85 10 29 14 75 12 
32 35 90 9 30 71 88 11 28 15 
7 92 33 86 89 84 69 76 13 74 
36 63 94 99 70 87 72 83 16 27 
93 6 97 66 81 100 77 68 73 52 
62 37 64 95 98 67 82 53 26 17 
5 96 61 80 65 54 1 78 51 46 
38 59 40 55 22 79 50 47 18 25 
41 4 57 60 43 2 23 20 45 48 
58 39 42 3 56 21 44 49 24 19 
--
83 68 13 36 95 66 11 34 3 6 
14 37 82 67 12 35 2 5 10 33 
69 84 71 96 81 94 65 32 7 4 
38 15 88 85 98 1 80 9 64 31 
87 70 97 72 93 78 99 30 57 8 
16 39 86 89 100 75 58 79 50 63 
45 90 73 40 77 92 49 62 29 56 
20 17 44 91 74 59 76 53 26 51 
43 46 19 22 41 48 61 24 55 28 
18 21 42 47 60 23 54 27 52 25 
--
13 56 33 50 11 48 31 26 9 6 
34 51 12 47 32 25 10 7 30 27 
57 14 55 52 49 46 71 28 5 8 
54 35 58 95 72 83 24 45 70 29 
15 86 53 84 59 96 73 82 23 4 
36 61 94 91 98 81 76 79 44 69 
87 16 85 60 93 78 97 74 3 22 
62 37 92 99 90 75 80 77 68 43 
17 88 39 64 19 100 41 66 21 2 
38 63 18 89 40 65 20 1 42 67 
--
33 4 31 26 35 6 91 24 85 8 
30 27 34 5 92 25 86 7 42 23 
3 32 29 36 59 96 41 90 9 84 
28 37 58 93 40 87 60 83 22 43 
57 2 39 76 95 82 97 44 89 10 
38 69 94 1 98 61 88 21 80 45 
65 56 75 70 77 100 81 46 11 20 
68 53 66 99 62 73 18 79 14 47 
55 64 51 74 71 78 49 16 19 12 
52 67 54 63 50 17 72 13 48 15 
--
6 9 34 69 54 11 36 65 52 13 
33 70 7 10 35 86 53 12 37 64 
8 5 72 91 68 55 66 87 14 51 
71 32 81 24 83 92 85 56 63 38 
4 23 90 73 94 67 88 39 50 15 
31 80 25 82 89 84 93 62 57 40 
22 3 74 95 78 99 58 47 16 49 
75 30 79 26 59 96 61 98 41 44 
2 21 28 77 100 19 46 43 48 17 
29 76 1 20 27 60 97 18 45 42 
--
24 57 42 69 22 55 40 53 20 17 
43 2 23 56 41 70 21 18 39 52 
58 25 68 47 90 77 54 71 16 19 
3 44 1 88 67 48 95 78 51 38 
26 59 46 91 100 89 76 49 72 15 
45 4 87 66 85 96 79 94 37 50 
60 27 62 97 92 99 84 75 14 73 
5 30 65 86 63 80 93 82 11 36 
28 61 32 7 98 83 34 9 74 13 
31 6 29 64 33 8 81 12 35 10 
--
12 55 38 41 14 51 46 21 16 19 
37 40 13 76 47 42 15 18 45 22 
56 11 54 39 52 93 50 43 20 17 
73 36 77 96 75 48 1 92 23 44 
10 57 74 53 94 97 82 49 2 91 
35 72 95 78 81 68 89 100 83 24 
58 9 64 71 98 79 84 69 90 3 
63 34 61 80 67 70 99 88 25 28 
8 59 32 65 6 85 30 27 4 87 
33 62 7 60 31 66 5 86 29 26 
--
40 3 42 85 38 5 62 9 36 7 
43 82 39 4 87 80 37 6 63 10 
2 41 86 81 84 61 98 65 8 35 
57 44 83 60 97 88 79 68 11 64 
46 1 58 89 78 99 66 95 34 69 
23 56 45 100 59 96 77 70 67 12 
26 47 24 55 90 71 94 53 76 33 
19 22 27 48 93 54 75 72 13 52 
28 25 20 17 30 91 50 15 32 73 
21 18 29 92 49 16 31 74 51 14 
--
12 37 14 57 10 35 60 31 8 33 
15 56 11 36 59 66 9 34 61 30 
38 13 58 67 98 73 62 65 32 7 
55 16 75 72 77 80 97 84 29 64 
70 39 68 93 74 99 78 63 6 85 
17 54 71 76 79 96 81 100 83 28 
40 69 92 53 94 1 90 51 86 5 
21 18 43 46 91 52 95 82 27 50 
44 41 20 23 2 89 48 25 4 87 
19 22 45 42 47 24 3 88 49 26 
--
11 14 75 34 69 16 71 32 67 18 
76 35 12 15 74 33 68 17 44 31 
13 10 77 90 39 70 43 72 19 66 
36 81 38 79 88 73 40 65 30 45 
9 78 89 84 91 42 97 46 1 20 
82 37 80 87 96 85 64 41 48 29 
55 8 83 92 63 98 47 100 21 2 
58 61 56 95 86 93 24 51 28 49 
7 54 59 62 5 52 99 26 3 22 
60 57 6 53 94 25 4 23 50 27 
--
28 3 26 61 30 5 58 9 32 7 
25 62 29 4 65 60 31 6 57 10 
2 27 64 73 100 77 66 59 8 33 
63 24 1 76 79 72 95 70 11 56 
82 47 74 97 90 99 78 67 34 69 
23 88 83 80 75 96 71 94 55 12 
46 81 48 89 98 91 54 37 68 35 
49 22 87 84 53 38 93 40 13 16 
86 45 20 51 92 43 18 15 36 41 
21 50 85 44 19 52 39 42 17 14 
--
41 4 67 62 43 6 91 10 45 8 
66 29 42 5 92 63 44 7 80 11 
3 40 65 68 61 98 79 90 9 46 
30 69 28 93 64 89 60 81 12 87 
27 2 39 70 99 78 97 88 47 76 
38 31 94 1 96 59 82 77 86 13 
33 26 37 52 71 100 85 58 75 48 
20 23 32 95 36 53 72 83 14 57 
25 34 21 18 51 84 55 16 49 74 
22 19 24 35 54 17 50 73 56 15 
--
14 61 24 27 12 59 32 29 10 57 
23 26 13 60 79 28 11 58 33 30 
62 15 90 25 98 65 78 31 56 9 
91 22 99 64 89 80 95 66 77 34 
16 63 92 97 94 87 84 75 8 55 
21 100 45 88 81 96 67 86 35 76 
44 17 72 93 68 85 74 83 54 7 
71 20 1 46 73 82 53 38 49 36 
2 43 18 69 4 41 48 51 6 39 
19 70 3 42 47 52 5 40 37 50 
--
13 16 89 28 57 18 51 26 53 20 
88 29 14 17 92 27 56 19 50 25 
15 12 93 90 95 58 99 52 21 54 
30 87 96 81 100 91 2 55 24 49 
11 82 85 94 77 98 59 48 3 22 
86 31 80 97 84 1 78 23 64 47 
35 10 83 76 79 68 65 60 41 4 
32 73 34 69 66 75 42 63 46 61 
9 36 71 74 7 38 67 44 5 40 
72 33 8 37 70 43 6 39 62 45 
--
10 45 26 43 8 59 36 41 6 69 
25 28 9 60 35 42 7 70 37 40 
46 11 44 27 58 95 64 39 68 5 
29 24 61 90 63 34 71 94 65 38 
12 47 32 57 98 91 96 67 4 85 
23 30 89 62 33 72 99 86 93 66 
48 13 56 31 88 97 92 73 84 3 
19 22 17 52 77 54 87 100 81 74 
14 49 20 55 16 51 76 79 2 83 
21 18 15 50 53 78 1 82 75 80 
--
18 57 20 39 16 55 90 37 14 11 
21 40 17 56 97 38 15 12 87 36 
58 19 66 69 54 89 98 91 10 13 
41 22 59 100 67 96 53 88 35 86 
60 1 68 65 70 99 92 95 52 9 
23 42 81 62 93 72 79 50 85 34 
2 61 64 71 80 83 94 73 8 51 
27 24 43 82 63 78 49 84 33 74 
44 3 26 29 46 5 76 31 48 7 
25 28 45 4 77 30 47 6 75 32 
--
6 33 36 21 4 49 96 19 2 51 
35 22 5 42 95 20 3 50 93 18 
32 7 34 37 48 97 94 17 52 1 
23 38 43 98 41 86 53 100 67 92 
8 31 40 47 82 99 88 91 16 65 
39 24 83 44 87 54 85 66 89 68 
30 9 46 55 84 81 90 75 64 15 
25 58 27 78 45 76 61 80 69 72 
10 29 56 59 12 79 74 71 14 63 
57 26 11 28 77 60 13 62 73 70 
--
2 23 4 27 64 95 18 29 32 93 
5 26 1 82 19 28 65 94 17 30 
22 3 24 63 100 81 96 31 92 33 
25 6 79 20 83 66 99 88 75 16 
52 21 62 67 80 97 76 91 34 89 
7 68 51 78 61 84 87 98 15 74 
50 53 48 71 86 77 60 73 90 35 
47 8 69 56 59 72 85 38 41 14 
54 49 10 45 70 57 12 43 36 39 
9 46 55 58 11 44 37 40 13 42 
--
43 46 53 16 55 72 79 14 57 60 
52 17 44 47 90 15 56 59 78 13 
45 42 51 54 71 82 73 80 61 58 
18 99 48 91 74 89 70 87 12 77 
41 50 39 98 83 96 81 76 69 62 
38 19 100 49 92 75 88 67 86 11 
33 40 37 20 97 84 95 26 63 68 
4 1 32 93 36 21 66 85 10 25 
31 34 3 6 29 94 23 8 27 64 
2 5 30 35 22 7 28 65 24 9 
--
11 64 13 32 9 60 45 30 7 4 
14 33 10 59 66 31 8 5 46 29 
63 12 65 38 61 58 67 44 3 6 
34 15 62 81 68 91 40 1 28 47 
79 82 37 90 39 100 57 70 43 2 
16 35 80 87 92 69 96 41 48 27 
83 78 89 36 97 94 99 56 71 42 
20 17 86 93 88 53 74 95 26 49 
77 84 19 22 75 98 51 24 55 72 
18 21 76 85 52 23 54 73 50 25 
--
83 6 33 36 93 8 31 50 73 10 
34 37 84 7 32 71 92 9 30 49 
5 82 35 94 77 98 51 72 11 74 
38 85 78 97 70 91 76 89 48 29 
81 4 95 86 99 88 69 52 75 12 
56 39 100 79 96 65 90 67 28 47 
3 80 55 64 87 68 53 62 13 24 
40 57 18 1 54 63 66 25 46 27 
19 2 59 42 21 16 61 44 23 14 
58 41 20 17 60 43 22 15 26 45 
--
11 34 37 22 13 70 51 20 15 68 
36 23 12 71 50 21 14 69 52 19 
33 10 35 38 73 76 89 18 67 16 
24 39 72 49 98 79 74 77 88 53 
9 32 41 80 75 90 97 92 17 66 
40 25 48 99 82 93 78 1 54 87 
31 8 81 42 61 100 91 96 65 2 
26 43 28 47 94 83 64 57 86 55 
7 30 45 62 5 60 95 84 3 58 
44 27 6 29 46 63 4 59 56 85 
--
27 30 41 34 43 10 67 6 45 8 
40 35 28 31 66 33 44 9 12 5 
29 26 65 42 97 68 11 72 7 46 
36 39 98 69 32 73 100 47 4 13 
25 64 37 74 99 96 71 2 85 48 
38 91 62 93 70 1 86 95 14 3 
63 24 75 90 87 94 57 80 49 84 
76 21 92 61 56 79 88 83 52 15 
23 60 19 78 89 58 17 54 81 50 
20 77 22 59 18 55 82 51 16 53 
--
72 3 32 35 74 5 30 49 80 7 
33 36 73 4 31 68 79 6 29 48 
2 71 34 75 78 87 50 83 8 81 
37 76 99 88 69 84 67 90 47 28 
94 1 70 77 98 89 86 51 82 9 
55 38 93 100 85 64 91 66 27 46 
16 95 54 63 92 97 52 61 10 23 
39 56 17 96 53 62 65 24 45 26 
18 15 58 41 20 13 60 43 22 11 
57 40 19 14 59 42 21 12 25 44 
--
36 59 38 5 34 69 56 3 32 19 
39 6 35 88 57 4 33 18 55 2 
60 37 58 75 70 97 68 1 20 31 
7 40 89 98 87 74 29 72 17 54 
92 61 76 83 96 71 100 67 30 21 
41 8 93 90 99 86 73 28 53 16 
62 91 84 77 82 95 66 49 22 27 
9 42 81 94 85 50 25 52 15 48 
80 63 44 11 78 65 46 13 26 23 
43 10 79 64 45 12 51 24 47 14 
--
25 20 87 68 27 18 41 52 29 16 
86 1 26 19 88 69 28 17 40 51 
21 24 85 100 67 42 53 70 15 30 
2 93 22 89 82 99 66 43 50 39 
23 84 97 92 73 90 71 54 31 14 
78 3 94 83 98 81 44 65 38 49 
59 96 79 74 91 72 55 48 13 32 
4 77 60 95 80 45 64 35 10 37 
61 58 75 6 63 56 47 8 33 12 
76 5 62 57 46 7 34 11 36 9 
--
32 27 44 7 34 25 40 9 36 23 
45 6 33 26 43 8 35 24 39 10 
28 31 46 93 60 41 62 77 22 37 
5 88 29 42 63 92 59 38 11 78 
30 47 96 87 94 61 80 85 76 21 
69 4 89 64 97 86 91 58 79 12 
48 65 70 95 90 81 84 75 20 57 
3 68 51 98 71 100 17 82 13 74 
52 49 66 1 54 83 72 15 56 19 
67 2 53 50 99 16 55 18 73 14 
--
22 3 24 45 20 1 50 43 18 15 
25 46 21 2 49 44 19 16 51 42 
4 23 48 81 78 63 100 53 14 17 
47 26 79 64 83 96 77 62 41 52 
66 5 82 91 80 99 74 97 54 13 
27 86 65 84 95 90 93 76 61 40 
6 67 34 87 92 75 98 73 12 55 
31 28 85 70 35 94 89 58 39 60 
68 7 30 33 88 9 72 37 56 11 
29 32 69 8 71 36 57 10 59 38 
--
44 11 26 31 40 9 24 33 36 7 
27 30 43 10 25 32 39 8 23 34 
12 45 28 63 48 41 78 35 6 37 
29 62 47 42 93 64 49 38 75 22 
46 13 92 61 66 77 96 79 50 5 
83 60 67 94 81 100 65 76 21 74 
14 91 82 87 68 95 80 97 4 51 
59 84 57 90 99 88 1 18 73 20 
56 15 86 69 54 17 98 71 52 3 
85 58 55 16 89 70 53 2 19 72 
--
34 37 12 53 46 39 14 73 18 41 
11 52 35 38 13 80 45 40 15 74 
36 33 50 81 54 47 72 17 42 19 
51 10 55 48 79 84 91 44 75 16 
32 49 82 63 90 71 78 99 20 43 
9 56 31 70 83 92 85 94 1 76 
30 69 62 87 64 89 100 77 98 21 
57 8 65 68 61 86 93 24 95 2 
66 29 6 59 88 27 4 97 22 25 
7 58 67 28 5 60 23 26 3 96 
--
52 43 46 5 54 49 20 3 22 25 
45 6 53 50 47 4 55 24 19 2 
42 51 44 69 56 87 48 21 26 23 
7 70 57 78 67 72 99 86 1 18 
58 41 68 71 94 77 88 17 98 27 
63 8 79 66 73 90 93 100 85 16 
40 59 64 91 76 95 74 89 28 97 
9 62 37 80 65 92 31 96 15 84 
36 39 60 11 34 75 82 13 32 29 
61 10 35 38 81 12 33 30 83 14 
--
8 5 10 37 34 3 48 39 32 29 
11 36 7 4 47 38 33 30 45 40 
6 9 52 35 2 97 46 49 28 31 
53 12 77 88 67 50 63 100 41 44 
76 81 68 51 98 1 96 43 64 27 
13 54 89 78 87 66 99 62 95 42 
80 75 82 69 90 93 86 65 26 61 
55 14 79 92 85 70 59 94 23 20 
74 83 16 57 72 91 18 21 60 25 
15 56 73 84 17 58 71 24 19 22 
--
44 67 74 5 42 65 92 3 40 19 
73 6 43 66 89 4 41 18 93 2 
68 45 72 75 64 91 96 1 20 39 
7 76 69 90 81 88 63 94 17 100 
46 71 80 77 84 95 82 97 38 21 
51 8 85 70 87 78 37 62 99 16 
32 47 52 79 36 83 98 57 22 61 
9 50 31 86 53 56 25 60 15 58 
30 33 48 11 28 35 54 13 26 23 
49 10 29 34 55 12 27 24 59 14 
--
31 84 5 46 29 80 3 44 27 24 
6 47 30 81 4 45 28 25 2 43 
83 32 85 96 79 60 93 42 23 26 
48 7 82 61 94 97 78 59 68 1 
33 86 95 88 77 92 69 100 41 22 
8 49 62 91 98 89 74 71 58 67 
51 34 87 76 73 70 99 66 21 40 
12 9 50 63 90 75 72 55 18 57 
35 52 11 14 37 54 65 16 39 20 
10 13 36 53 64 15 38 19 56 17 
--
60 83 24 55 58 95 26 7 2 5 
23 54 59 96 25 56 1 4 27 8 
82 61 84 57 100 73 94 29 6 3 
53 22 97 74 93 86 71 68 9 28 
42 81 62 85 72 99 66 91 30 69 
21 52 41 98 75 92 87 70 67 10 
40 43 80 63 88 47 76 65 90 31 
51 20 49 46 77 64 89 34 11 14 
44 39 18 79 48 37 16 13 32 35 
19 50 45 38 17 78 33 36 15 12 
--
23 26 55 30 97 28 53 72 79 2 
56 31 24 27 54 71 96 1 52 73 
25 22 57 98 29 100 87 80 3 78 
32 59 34 91 68 93 70 95 74 51 
21 36 67 58 99 88 81 86 77 4 
60 33 90 35 92 69 94 45 50 75 
37 20 61 66 89 82 85 76 5 46 
14 17 40 83 62 65 44 47 8 49 
19 38 15 12 41 84 63 10 43 6 
16 13 18 39 64 11 42 7 48 9 
--
6 41 4 45 8 43 50 15 10 13 
3 46 7 42 49 56 9 12 51 16 
40 5 48 57 44 61 52 55 14 11 
47 2 73 60 63 58 83 98 17 54 
66 39 64 1 76 97 62 53 84 89 
29 72 67 74 59 82 99 88 95 18 
38 65 30 77 100 75 96 81 90 85 
31 28 71 68 35 80 87 94 19 22 
70 37 26 33 78 93 24 21 86 91 
27 32 69 36 25 34 79 92 23 20 
--
11 88 47 50 13 86 55 52 15 20 
46 49 12 87 56 51 14 19 24 53 
89 10 97 48 85 92 65 54 21 16 
70 45 90 93 98 57 18 23 64 25 
9 96 69 84 91 94 99 66 17 22 
44 71 82 95 80 67 58 1 26 63 
73 8 79 68 83 100 77 62 35 2 
40 43 72 81 78 59 36 29 32 27 
7 74 41 38 5 76 61 34 3 30 
42 39 6 75 60 37 4 31 28 33 
--
15 18 43 40 57 20 45 50 55 22 
42 37 16 19 44 51 56 21 46 49 
17 14 41 62 39 58 67 48 23 54 
36 63 38 81 66 61 52 59 68 47 
13 80 65 92 87 72 1 70 53 24 
64 35 88 79 82 93 60 73 2 69 
89 12 83 94 91 86 71 100 25 74 
34 9 90 85 78 99 96 75 28 3 
11 84 7 32 95 76 5 30 97 26 
8 33 10 77 6 31 98 27 4 29 
--
19 100 3 44 63 96 5 46 49 82 
2 43 18 97 4 45 64 83 6 47 
99 20 1 62 91 72 95 48 81 50 
42 17 98 71 94 65 86 77 84 7 
21 70 61 90 75 92 73 80 51 78 
16 41 36 93 66 87 76 85 8 53 
37 22 69 60 89 74 67 52 79 28 
40 15 38 35 68 59 88 29 54 9 
23 34 13 58 25 32 11 56 27 30 
14 39 24 33 12 57 26 31 10 55 
--
40 7 42 61 38 9 36 13 58 11 
43 62 39 8 73 82 59 10 35 14 
6 41 66 83 60 37 74 81 12 57 
65 44 63 72 79 84 97 56 15 34 
46 5 78 67 98 71 80 75 86 55 
25 64 45 70 77 100 85 96 33 16 
4 47 24 99 68 95 76 91 54 87 
23 26 69 50 1 90 93 88 17 32 
48 3 28 21 94 51 30 19 92 53 
27 22 49 2 29 20 89 52 31 18 
--
44 27 46 5 52 29 58 7 54 31 
47 4 43 28 63 6 53 30 59 8 
26 45 64 51 42 71 62 57 32 55 
3 48 25 76 65 68 41 70 9 60 
24 77 50 67 72 75 98 61 56 33 
49 2 73 82 99 66 69 40 87 10 
78 23 80 1 74 93 86 97 34 39 
17 20 83 94 81 100 37 90 11 88 
22 79 18 15 92 85 96 13 38 35 
19 16 21 84 95 14 91 36 89 12 
--
40 43 4 75 66 23 2 21 86 25 
5 46 41 44 3 76 87 24 1 20 
42 39 74 65 88 67 22 93 26 85 
47 6 45 68 73 94 77 100 19 92 
38 69 64 89 78 99 96 91 84 27 
7 48 55 72 95 90 83 80 97 18 
50 37 70 63 54 79 98 61 28 81 
11 8 49 56 71 62 31 82 17 60 
36 51 10 13 34 53 58 15 32 29 
9 12 35 52 57 14 33 30 59 16 
--
24 55 40 43 22 87 50 45 20 83 
39 42 23 88 51 44 21 84 49 46 
54 25 56 41 94 89 86 47 82 19 
57 38 99 52 91 74 93 80 85 48 
26 53 58 75 98 95 90 73 18 81 
37 60 27 100 65 92 79 96 71 14 
28 1 36 59 76 97 72 15 78 17 
35 4 61 66 31 64 77 70 13 10 
2 29 6 33 62 67 8 11 16 69 
5 34 3 30 7 32 63 68 9 12 
--
48 39 46 21 66 37 60 19 84 35 
45 22 49 38 61 20 95 36 59 18 
40 47 44 65 96 67 62 83 34 85 
23 50 41 68 63 98 87 94 17 58 
2 43 64 97 76 93 82 91 86 33 
51 24 1 42 69 90 99 88 57 16 
26 3 52 75 100 77 92 81 32 79 
9 6 25 70 53 72 89 78 15 56 
4 27 8 11 74 29 54 13 80 31 
7 10 5 28 71 12 73 30 55 14 
--
18 69 20 57 16 95 72 55 14 11 
21 58 17 96 71 56 15 12 83 54 
68 19 70 59 94 85 98 73 10 13 
61 22 89 66 97 74 93 84 53 82 
42 67 60 75 88 91 86 99 50 9 
23 62 43 90 65 100 77 92 81 52 
44 41 30 63 76 87 34 51 8 49 
27 24 45 38 35 64 1 78 5 80 
40 31 26 29 46 33 36 3 48 7 
25 28 39 32 37 2 47 6 79 4 
--
13 44 11 50 15 42 57 52 37 40 
10 17 14 43 60 51 38 41 56 53 
45 12 61 16 49 58 75 54 39 36 
18 9 46 59 76 65 48 83 74 55 
23 62 21 64 47 82 91 80 35 84 
8 19 24 77 66 79 94 85 92 73 
25 22 63 20 95 86 81 90 99 34 
4 7 28 67 78 69 100 93 72 89 
29 26 5 2 31 96 87 70 33 98 
6 3 30 27 68 1 32 97 88 71 
--
17 30 51 46 19 28 53 44 21 26 
50 47 18 29 52 45 20 27 2 43 
31 16 49 80 95 54 1 72 25 22 
48 81 68 55 70 79 94 23 42 3 
15 32 83 96 77 100 71 40 73 24 
82 67 56 69 84 93 78 99 4 41 
33 14 85 76 97 58 91 74 39 60 
66 11 64 57 92 75 98 59 90 5 
13 34 9 86 63 36 7 88 61 38 
10 65 12 35 8 87 62 37 6 89 
--
98 49 54 19 94 51 16 9 4 7 
55 20 97 50 53 18 3 6 15 10 
48 99 56 95 82 93 52 17 8 5 
21 96 47 100 87 2 81 34 11 14 
46 57 76 83 92 85 88 13 66 33 
75 22 91 86 1 78 69 80 35 12 
58 45 74 77 84 89 72 67 32 65 
23 42 61 90 73 68 79 70 29 36 
44 59 40 25 62 71 38 27 64 31 
41 24 43 60 39 26 63 30 37 28 
--
79 18 55 16 77 52 35 2 33 50 
56 15 78 97 54 1 76 51 36 3 
19 80 17 86 75 96 53 34 49 32 
14 57 98 89 100 87 74 91 4 37 
81 20 85 70 93 90 95 46 31 48 
58 13 82 99 88 67 92 73 38 5 
21 84 69 66 71 94 45 64 47 30 
12 59 24 83 68 65 72 41 6 39 
25 22 61 10 27 44 63 8 29 42 
60 11 26 23 62 9 28 43 40 7 
--
18 57 32 61 16 55 48 45 14 11 
31 34 17 56 63 44 15 12 49 46 
58 19 62 33 60 95 54 47 10 13 
35 30 59 100 71 64 43 94 53 50 
20 1 36 65 96 99 90 51 42 9 
29 66 97 70 89 72 93 74 87 52 
2 21 80 37 98 91 88 83 8 41 
67 28 69 24 79 82 73 92 75 86 
22 3 26 81 38 5 84 77 40 7 
27 68 23 4 25 78 39 6 85 76 
--
63 38 21 40 65 60 19 74 83 58 
22 41 64 61 20 73 92 59 18 75 
37 62 39 66 91 96 77 84 57 82 
42 23 70 97 72 93 90 95 76 17 
69 36 67 44 89 100 85 78 81 56 
24 43 88 71 98 45 94 55 16 79 
5 68 35 46 1 86 99 80 53 12 
34 25 6 87 30 47 54 13 50 15 
7 4 27 32 9 2 29 48 11 52 
26 33 8 3 28 31 10 51 14 49 
--
17 20 33 40 81 22 31 26 85 24 
34 39 18 21 32 79 86 23 30 27 
19 16 41 80 71 82 29 88 25 84 
38 35 70 73 98 87 78 83 28 57 
15 42 37 96 77 72 99 58 89 50 
36 65 74 69 94 97 90 51 56 1 
43 14 95 64 91 76 59 100 49 52 
66 11 68 75 60 93 62 55 2 5 
13 44 9 92 63 46 7 4 53 48 
10 67 12 45 8 61 54 47 6 3 
--
38 7 30 25 40 5 32 23 66 3 
29 26 39 6 31 24 69 4 33 22 
8 37 28 41 72 63 34 65 2 67 
27 42 75 62 35 70 97 68 21 52 
76 9 36 71 90 73 64 53 96 1 
43 84 81 74 61 98 89 100 51 20 
10 77 60 85 82 91 54 95 16 93 
59 44 83 80 55 88 99 92 19 50 
78 11 46 57 86 13 48 17 94 15 
45 58 79 12 47 56 87 14 49 18 
--
6 31 8 57 4 29 76 25 2 27 
9 56 5 30 77 82 3 28 75 24 
32 7 58 81 60 85 78 83 26 1 
55 10 61 86 79 88 91 100 23 74 
62 33 80 59 90 97 84 95 46 99 
11 54 67 64 87 92 89 98 73 22 
34 63 36 53 68 65 96 47 94 45 
15 12 39 66 37 52 93 72 21 48 
40 35 14 17 42 69 50 19 44 71 
13 16 41 38 51 18 43 70 49 20 
--
5 2 7 36 39 28 31 24 59 26 
8 35 4 1 32 37 60 27 30 23 
3 6 33 38 61 40 29 70 25 58 
34 9 100 41 78 71 62 65 22 69 
99 42 79 48 97 66 83 72 57 64 
10 49 98 91 82 77 96 63 68 21 
43 90 47 80 95 92 67 84 73 56 
14 11 50 89 46 81 76 93 20 85 
51 44 13 16 53 94 87 18 55 74 
12 15 52 45 88 17 54 75 86 19 
--
18 1 70 99 20 15 72 49 22 13 
69 94 19 16 71 98 21 14 25 48 
2 17 100 93 64 73 50 83 12 23 
95 68 89 74 97 82 65 24 47 26 
76 3 96 67 92 63 84 51 34 11 
57 90 75 88 81 66 35 46 27 40 
4 77 58 91 62 85 52 39 10 33 
59 56 87 80 53 36 45 30 41 28 
78 5 54 61 86 7 38 43 32 9 
55 60 79 6 37 44 31 8 29 42 
--
51 26 5 22 49 60 3 20 67 62 
6 23 50 59 4 21 68 61 2 19 
27 52 25 48 69 58 1 18 63 66 
24 7 70 57 82 75 72 65 100 17 
53 28 47 76 71 80 97 88 73 64 
8 45 56 81 96 83 74 99 16 93 
29 54 77 46 79 98 89 94 87 36 
44 9 42 55 84 95 86 35 92 15 
41 30 11 78 39 32 13 90 37 34 
10 43 40 31 12 85 38 33 14 91 
--
28 37 30 41 26 39 58 55 24 65 
31 42 27 38 49 54 25 64 59 56 
36 29 46 53 40 63 80 57 66 23 
45 32 43 50 83 48 69 62 79 60 
12 35 52 47 70 1 84 81 22 67 
33 44 13 86 51 82 73 68 61 78 
14 11 34 71 2 85 100 77 90 21 
5 8 17 94 87 72 89 74 97 76 
10 15 6 3 18 93 96 99 20 91 
7 4 9 16 95 88 19 92 75 98 
--
81 10 29 32 87 12 27 50 67 14 
30 33 82 11 28 69 94 13 26 49 
9 80 31 88 93 86 51 68 15 66 
34 83 92 85 74 95 70 99 48 25 
79 8 73 96 89 98 75 52 65 16 
60 35 84 91 76 71 100 17 24 47 
7 78 61 72 97 90 53 64 1 18 
36 59 38 77 54 63 42 21 46 23 
39 6 57 62 41 4 55 44 19 2 
58 37 40 5 56 43 20 3 22 45 
--
33 82 29 6 31 78 47 4 51 66 
28 7 32 79 46 5 92 65 48 3 
83 34 81 30 89 64 77 50 67 52 
8 27 88 45 80 91 68 93 2 49 
35 84 59 90 63 96 1 76 53 70 
26 9 44 87 58 75 94 69 100 17 
43 36 85 60 95 62 97 18 71 54 
10 25 42 39 86 57 74 99 16 19 
37 40 23 12 61 98 21 14 55 72 
24 11 38 41 22 13 56 73 20 15 
--
52 89 4 63 50 39 2 41 48 37 
5 64 51 96 3 62 49 38 1 42 
88 53 90 75 86 95 40 81 36 47 
65 6 87 94 97 82 61 100 43 80 
54 91 76 85 74 93 98 79 46 35 
7 66 69 92 77 60 83 44 99 18 
68 55 26 59 84 73 78 19 34 45 
25 8 67 70 29 22 31 72 17 14 
56 27 10 23 58 71 12 15 20 33 
9 24 57 28 11 30 21 32 13 16 
--
62 89 16 95 60 83 2 19 54 51 
15 94 61 82 17 96 59 52 3 20 
90 63 88 97 84 1 18 55 50 53 
93 14 91 70 81 58 85 48 21 4 
64 79 98 87 100 71 56 35 44 49 
13 92 69 80 57 86 47 74 5 22 
78 65 30 99 72 75 34 45 36 43 
29 12 77 68 33 46 73 40 23 6 
66 31 10 27 76 39 8 25 42 37 
11 28 67 32 9 26 41 38 7 24 
--
35 64 15 68 33 66 17 92 31 28 
14 69 34 65 16 93 32 29 18 91 
63 36 73 86 67 58 89 96 27 30 
72 13 70 59 98 87 94 57 90 19 
37 62 85 74 83 80 97 88 95 26 
12 71 60 81 50 99 56 79 20 1 
61 38 49 84 75 82 21 100 25 54 
48 11 76 41 44 51 78 55 2 5 
39 42 9 46 77 22 7 4 53 24 
10 47 40 43 8 45 52 23 6 3 
--
42 7 38 91 52 9 36 13 54 11 
39 92 41 8 37 90 53 10 35 14 
6 43 98 89 78 51 64 83 12 55 
93 40 79 50 97 88 77 56 15 34 
44 5 96 99 80 65 84 63 82 57 
25 94 49 66 87 100 81 76 33 16 
4 45 24 95 68 73 62 85 58 75 
23 26 67 48 1 86 69 74 17 32 
46 3 28 21 72 61 30 19 70 59 
27 22 47 2 29 20 71 60 31 18 
--
4 61 2 27 6 59 46 13 8 11 
1 26 5 60 99 28 7 10 45 14 
62 3 100 29 58 53 88 47 12 9 
25 30 63 98 89 94 57 54 15 44 
64 97 32 93 66 85 52 87 48 55 
31 24 65 90 95 92 81 56 43 16 
74 33 96 67 84 71 86 51 82 49 
23 36 75 72 91 68 83 80 17 42 
34 73 38 21 70 77 40 19 50 79 
37 22 35 76 39 20 69 78 41 18 
--
23 10 57 76 25 8 55 86 27 6 
58 73 24 9 56 89 26 7 30 87 
11 22 75 72 77 54 85 88 5 28 
74 59 82 53 90 41 96 29 92 31 
21 12 71 78 95 84 91 42 39 4 
70 81 60 83 52 97 40 93 32 43 
13 20 69 98 79 94 51 44 3 38 
64 61 80 17 68 47 100 35 50 33 
19 14 63 66 99 16 45 48 37 2 
62 65 18 15 46 67 36 1 34 49 
--
27 24 1 44 41 22 95 60 39 20 
2 43 26 23 100 61 40 21 68 59 
25 28 71 42 45 96 69 94 19 38 
48 3 46 97 70 99 62 89 58 67 
29 74 49 72 85 90 93 66 37 18 
4 47 84 79 98 65 88 63 92 57 
75 30 73 50 81 86 91 56 17 36 
8 5 80 83 78 51 64 87 14 55 
31 76 7 10 33 82 53 12 35 16 
6 9 32 77 52 11 34 15 54 13 
--
19 2 31 62 21 16 27 48 23 14 
32 63 20 17 30 61 22 15 26 47 
3 18 1 74 79 28 49 60 13 24 
64 33 66 29 100 75 78 25 46 51 
67 4 73 80 77 84 95 50 59 12 
34 65 68 97 82 99 76 85 52 45 
5 72 81 90 87 96 83 94 11 58 
38 35 88 69 98 91 86 55 44 53 
71 6 37 40 89 8 93 42 57 10 
36 39 70 7 92 41 56 9 54 43 
--
52 7 26 31 54 9 24 33 36 11 
27 30 53 8 25 32 55 10 23 34 
6 51 28 61 66 57 72 35 12 37 
29 60 49 58 73 64 67 56 71 22 
50 5 86 65 62 75 92 69 38 13 
81 48 59 74 99 68 63 94 21 70 
4 87 80 85 76 93 100 91 14 39 
47 82 45 88 1 98 77 18 95 20 
44 3 84 79 42 17 90 97 40 15 
83 46 43 2 89 78 41 16 19 96 
--
22 25 20 37 42 27 34 3 68 45 
19 38 23 26 35 2 67 44 29 4 
24 21 36 41 72 43 28 33 46 69 
39 18 73 56 1 66 93 70 5 30 
58 55 40 83 96 71 32 65 94 47 
17 82 57 74 63 100 95 92 31 6 
54 59 78 97 84 89 64 99 48 91 
79 16 81 62 75 98 85 90 7 10 
60 53 14 77 88 51 12 9 86 49 
15 80 61 52 13 76 87 50 11 8 
--
44 9 40 85 56 11 38 15 58 13 
41 98 43 10 39 88 57 12 37 16 
8 45 84 97 86 55 74 81 14 59 
99 42 95 46 89 82 87 60 17 36 
48 7 100 83 96 73 54 75 80 61 
27 94 47 90 1 92 77 62 35 18 
6 49 26 93 72 53 2 79 76 63 
25 28 71 52 91 78 67 64 19 34 
50 5 30 23 70 3 32 21 68 65 
29 24 51 4 31 22 69 66 33 20 
--
33 8 31 26 35 10 21 14 59 12 
30 27 34 9 22 25 58 11 20 15 
7 32 29 52 57 36 23 80 13 60 
28 51 40 37 24 81 56 61 16 19 
39 6 53 84 55 68 99 18 79 62 
50 85 38 41 82 1 92 69 98 17 
5 42 83 54 89 94 67 100 63 78 
86 49 88 45 2 91 74 93 70 97 
43 4 47 90 75 66 95 72 77 64 
48 87 44 3 46 73 76 65 96 71 
--
23 6 25 46 21 4 39 86 19 2 
26 45 22 5 42 97 20 3 38 85 
7 24 43 56 47 40 87 96 1 18 
44 27 48 41 98 89 100 17 84 37 
49 8 55 72 57 78 95 88 93 16 
28 59 50 69 90 99 92 77 36 83 
9 54 71 58 73 68 79 94 15 66 
60 29 62 51 70 91 76 67 82 35 
53 10 31 74 63 12 33 80 65 14 
30 61 52 11 32 75 64 13 34 81 
--
10 33 78 69 12 31 24 27 14 29 
79 44 11 32 85 68 13 30 23 26 
34 9 86 77 70 57 84 25 28 15 
43 80 45 72 83 88 67 56 59 22 
8 35 82 87 76 71 58 89 16 55 
81 42 73 46 91 100 75 66 21 60 
36 7 92 95 74 47 90 1 54 17 
41 96 39 50 99 94 65 18 61 20 
6 37 98 93 4 51 48 63 2 53 
97 40 5 38 49 64 3 52 19 62 
--
28 3 26 95 30 5 46 43 32 7 
25 88 29 4 45 94 31 6 35 42 
2 27 100 85 96 47 44 81 8 33 
87 24 89 48 99 84 93 34 41 36 
60 1 86 97 92 49 82 39 80 9 
23 90 59 70 83 98 77 50 37 40 
58 61 74 91 76 65 38 79 10 51 
73 22 71 64 69 78 67 54 13 16 
62 57 20 75 66 55 18 15 52 11 
21 72 63 56 19 68 53 12 17 14 
--
15 48 17 36 13 46 65 34 11 8 
18 37 14 47 84 35 12 9 64 33 
49 16 85 42 45 66 83 62 7 10 
38 19 50 97 86 81 44 67 32 63 
51 98 41 88 43 100 77 82 61 6 
20 39 96 99 80 87 72 59 68 31 
93 52 89 40 95 78 1 76 5 60 
24 21 94 79 90 73 58 71 30 69 
53 92 23 26 55 2 75 28 57 4 
22 25 54 91 74 27 56 3 70 29 
--
