--
82 27 4 23 96 53 2 21 58 51 56 
5 24 81 88 3 22 109 52 55 20 59 
28 83 26 97 80 95 54 1 78 57 50 
25 6 89 104 87 110 79 108 49 60 19 
84 29 86 35 98 105 94 77 62 75 48 
7 36 99 90 103 68 107 74 93 18 61 
30 85 34 67 106 91 102 63 76 47 72 
11 8 37 100 33 66 69 92 73 44 17 
38 31 10 13 40 101 64 15 42 71 46 
9 12 39 32 65 14 41 70 45 16 43 
--
6 9 4 13 58 11 18 61 56 71 20 
3 14 7 10 17 60 57 90 19 62 55 
8 5 16 59 12 91 100 67 70 21 72 
15 2 37 102 105 68 89 74 99 54 63 
38 103 108 1 92 101 106 69 66 73 22 
109 36 93 104 107 88 83 98 75 64 53 
94 39 110 87 84 97 76 65 52 23 48 
35 42 85 96 77 82 51 80 47 26 29 
40 95 44 33 86 79 46 31 28 49 24 
43 34 41 78 45 32 81 50 25 30 27 
--
9 58 33 56 11 80 89 54 13 50 83 
32 35 10 65 90 55 12 85 82 53 14 
59 8 57 34 79 108 81 88 51 84 49 
36 31 64 93 66 91 86 107 102 15 52 
7 60 37 78 109 94 105 70 87 48 101 
30 39 76 63 92 67 110 103 106 71 16 
41 6 61 38 77 104 95 72 69 100 47 
26 29 40 75 62 1 68 99 96 17 20 
5 42 27 24 3 44 73 22 19 46 97 
28 25 4 43 74 23 2 45 98 21 18 
--
53 74 59 18 51 92 71 16 49 46 69 
60 19 52 95 72 17 50 91 70 15 48 
75 54 73 58 105 96 93 86 47 68 45 
20 61 100 77 94 85 104 97 90 81 14 
55 76 57 110 99 106 89 84 87 44 67 
2 21 62 101 78 109 98 103 80 13 82 
27 56 1 22 107 102 79 88 83 66 43 
6 3 26 63 30 33 108 65 40 37 12 
25 28 5 8 23 64 31 10 35 42 39 
4 7 24 29 32 9 34 41 38 11 36 
--
55 18 53 50 57 16 71 68 75 14 73 
52 49 56 17 70 67 78 15 72 31 76 
19 54 51 58 79 106 69 82 77 74 13 
48 59 64 105 66 83 80 87 32 35 30 
63 20 61 90 107 86 103 84 81 12 33 
60 47 108 65 104 97 88 1 34 29 36 
21 62 91 98 89 110 85 102 37 2 11 
46 93 44 109 96 99 40 9 26 5 28 
43 22 95 92 41 24 101 38 7 10 3 
94 45 42 23 100 39 8 25 4 27 6 
--
5 8 3 68 53 10 89 84 51 12 15 
2 55 6 9 90 85 52 11 14 81 50 
7 4 67 54 69 106 97 88 83 16 13 
56 1 108 101 98 91 86 93 80 49 82 
109 66 59 70 107 100 105 96 87 46 17 
34 57 110 99 102 75 92 79 94 77 48 
65 60 35 58 71 104 95 76 47 18 45 
30 33 64 103 38 41 74 43 78 21 24 
61 36 31 28 63 72 39 26 23 44 19 
32 29 62 37 40 27 42 73 20 25 22 
--
11 8 53 40 31 6 29 38 33 4 27 
54 41 10 7 52 39 32 5 28 37 34 
9 12 55 92 75 30 57 82 35 26 3 
42 93 74 51 56 109 78 1 58 81 36 
13 50 87 96 91 76 83 108 79 2 25 
66 43 94 73 88 97 110 77 102 59 80 
49 14 65 86 95 90 103 84 107 24 101 
44 67 46 89 72 85 98 105 100 21 60 
15 48 69 64 17 104 71 62 19 106 23 
68 45 16 47 70 63 18 99 22 61 20 
--
29 32 61 36 105 34 109 84 7 2 5 
60 37 30 33 62 83 104 1 4 85 8 
31 28 63 106 35 110 81 108 87 6 3 
38 59 40 57 82 107 92 103 96 9 86 
27 42 49 64 101 80 97 88 91 70 95 
48 39 58 41 56 73 102 93 98 89 10 
43 26 47 50 65 100 79 90 71 94 69 
20 23 44 55 74 53 72 99 78 11 14 
25 46 21 18 51 66 75 16 13 68 77 
22 19 24 45 54 17 52 67 76 15 12 
--
7 38 73 42 5 36 51 48 3 34 21 
74 41 6 37 96 49 4 35 20 47 2 
39 8 101 72 43 52 95 50 1 22 33 
70 75 40 97 100 107 44 31 94 19 46 
9 102 71 108 53 98 91 110 45 32 23 
76 69 84 99 106 109 54 93 30 89 18 
65 10 103 80 83 92 105 90 55 24 29 
68 77 66 85 104 81 60 27 88 17 56 
11 64 79 82 13 62 87 58 15 28 25 
78 67 12 63 86 59 14 61 26 57 16 
--
45 16 43 40 47 14 49 66 57 12 9 
42 39 46 15 50 65 56 13 10 63 58 
17 44 41 70 55 48 95 64 67 8 11 
38 71 54 51 96 87 68 27 94 59 62 
53 18 79 84 69 98 89 106 61 26 7 
72 37 52 97 88 107 86 99 28 93 60 
19 78 83 80 85 90 105 92 103 6 25 
36 73 34 77 108 81 110 29 100 3 102 
33 20 75 82 31 22 91 104 1 24 5 
74 35 32 21 76 109 30 23 4 101 2 
--
16 55 76 79 18 53 74 93 20 51 48 
77 80 17 54 75 94 19 52 49 92 21 
56 15 78 95 84 73 108 99 90 47 50 
81 38 83 102 97 100 89 66 107 22 91 
14 57 96 85 72 103 98 109 88 67 46 
39 82 37 58 101 86 71 106 65 110 23 
36 13 40 29 70 59 104 87 68 45 64 
7 10 35 32 41 30 69 60 105 24 1 
12 33 8 5 28 61 42 3 26 63 44 
9 6 11 34 31 4 27 62 43 2 25 
--
31 10 33 52 29 8 49 24 27 6 47 
34 53 30 9 50 57 28 7 48 23 26 
11 32 51 56 63 72 59 92 25 46 5 
54 35 64 71 58 95 62 85 60 91 22 
65 12 55 96 73 86 93 110 89 4 45 
36 75 70 79 94 107 88 61 84 21 90 
13 66 97 74 87 80 109 100 1 44 3 
76 37 78 69 108 99 106 83 18 103 20 
67 14 39 98 81 16 41 104 101 2 43 
38 77 68 15 40 105 82 17 42 19 102 
--
29 32 9 52 79 34 11 76 15 36 13 
8 53 30 33 10 77 80 35 12 83 16 
31 28 51 78 55 88 75 84 81 14 37 
48 7 54 87 50 85 110 93 90 17 82 
27 60 49 56 109 94 89 74 107 38 91 
6 47 102 61 86 1 108 105 92 69 18 
59 26 57 2 101 104 95 68 73 106 39 
46 5 62 103 64 67 42 99 96 19 70 
25 58 3 44 23 100 65 72 21 40 97 
4 45 24 63 66 43 22 41 98 71 20 
--
43 64 45 50 41 62 3 52 39 56 5 
46 49 42 63 2 51 40 61 4 53 38 
65 44 101 48 107 60 79 84 55 6 57 
102 47 108 1 100 83 92 59 78 37 54 
69 66 99 106 91 110 85 80 87 58 7 
24 103 68 109 82 97 90 93 36 77 88 
67 70 25 98 105 94 81 86 89 8 35 
20 23 104 73 28 31 96 33 76 11 14 
71 26 21 18 95 74 29 16 13 34 9 
22 19 72 27 30 17 32 75 10 15 12 
--
4 93 74 25 2 91 82 23 58 55 62 
73 26 3 92 83 24 1 90 61 22 57 
94 5 100 75 110 81 88 59 56 63 54 
27 72 107 84 101 76 109 80 89 60 21 
6 95 70 99 108 105 102 87 66 53 64 
71 28 43 106 85 98 77 104 79 20 51 
30 7 96 69 44 103 86 67 52 65 36 
13 10 29 42 97 68 45 78 37 50 19 
8 31 12 15 46 33 40 17 48 35 38 
11 14 9 32 41 16 47 34 39 18 49 
--
72 13 74 39 70 11 32 37 28 9 30 
75 40 71 12 77 38 67 10 31 34 27 
14 73 76 85 66 69 78 33 36 29 8 
41 86 83 80 99 108 65 68 61 26 35 
82 15 94 107 84 79 100 105 54 7 60 
87 42 81 98 109 106 53 64 59 62 25 
16 95 110 93 52 97 104 101 50 55 6 
43 88 17 96 103 92 51 58 63 24 49 
18 1 90 45 20 3 102 47 22 5 56 
89 44 19 2 91 46 21 4 57 48 23 
--
109 104 51 4 49 68 31 6 29 46 33 
52 3 108 101 66 5 48 69 32 7 28 
105 110 103 50 99 80 67 30 47 34 45 
2 53 100 107 102 65 72 43 70 27 8 
85 106 1 92 81 98 79 64 73 44 35 
54 17 86 97 94 77 74 71 42 9 26 
87 84 93 76 91 82 95 78 63 36 41 
16 55 18 83 96 75 62 39 60 25 10 
19 88 57 14 21 90 59 12 23 40 37 
56 15 20 89 58 13 22 61 38 11 24 
--
35 10 65 78 33 8 57 28 31 6 49 
66 79 34 9 64 83 32 7 48 27 30 
11 36 77 86 81 56 63 58 29 50 5 
76 67 80 89 84 91 82 55 62 47 26 
37 12 85 100 87 108 61 94 59 4 51 
68 75 88 105 90 99 92 107 54 25 46 
13 38 101 98 109 106 95 60 93 52 3 
72 69 74 17 104 97 110 53 22 45 24 
39 14 71 102 41 16 19 96 43 2 21 
70 73 40 15 18 103 42 1 20 23 44 
--
7 30 45 42 5 28 47 82 3 26 23 
44 41 6 29 46 83 4 27 24 79 2 
31 8 43 84 93 48 81 100 1 22 25 
40 51 88 49 90 107 92 95 80 97 78 
9 32 85 68 87 94 101 110 99 72 21 
52 39 50 89 108 91 106 71 96 77 98 
33 10 67 86 69 62 109 102 105 20 73 
38 53 36 57 64 103 70 61 74 17 76 
11 34 55 66 13 58 63 104 15 60 19 
54 37 12 35 56 65 14 59 18 75 16 
--
71 30 69 78 73 32 9 84 5 34 7 
68 79 72 31 76 83 108 33 8 11 4 
29 70 77 82 109 74 85 10 107 6 35 
80 67 92 75 86 101 110 103 36 3 12 
65 28 81 96 93 104 55 100 1 106 37 
24 91 66 87 60 95 102 105 56 13 2 
27 64 25 94 97 88 59 54 99 38 57 
20 23 90 61 50 53 98 45 58 41 14 
63 26 21 18 89 48 51 16 43 46 39 
22 19 62 49 52 17 44 47 40 15 42 
--
4 55 28 31 6 101 64 33 8 93 88 
27 30 5 108 63 32 7 100 89 34 9 
54 3 56 29 96 107 102 65 94 87 92 
57 26 109 62 103 66 95 90 99 10 35 
2 53 60 67 110 97 106 83 78 91 86 
25 58 1 104 61 82 79 98 85 36 11 
48 45 52 59 68 105 84 37 80 77 72 
21 24 49 46 51 40 81 76 73 12 15 
44 47 22 19 42 69 38 17 14 71 74 
23 20 43 50 39 18 41 70 75 16 13 
--
16 91 20 39 18 105 80 37 2 63 60 
21 40 17 106 81 38 1 104 61 36 3 
92 15 90 19 110 103 100 79 64 59 62 
41 22 107 94 101 82 109 76 99 4 35 
14 93 42 89 108 95 102 83 78 65 58 
23 44 49 96 85 88 77 98 75 34 5 
48 13 86 43 72 97 84 53 70 57 66 
27 24 45 50 87 52 71 74 67 6 33 
12 47 26 29 10 73 54 31 8 69 56 
25 28 11 46 51 30 9 68 55 32 7 
--
19 16 21 94 43 14 91 76 41 12 9 
22 45 18 15 92 95 42 13 10 75 40 
17 20 93 44 103 100 87 90 77 8 11 
46 23 66 99 96 89 84 101 86 39 74 
67 98 49 104 65 102 109 88 73 78 7 
24 47 68 97 110 83 72 85 108 81 38 
61 50 105 48 69 64 107 82 71 6 79 
28 25 60 63 106 1 70 55 80 37 34 
51 62 27 30 53 58 3 32 35 56 5 
26 29 52 59 2 31 54 57 4 33 36 
--
7 48 63 60 5 46 93 84 3 44 41 
62 59 6 47 92 85 4 45 42 83 2 
49 8 61 64 71 104 91 94 97 40 43 
58 65 70 105 86 95 98 103 90 1 82 
9 50 57 72 79 106 109 96 81 102 39 
66 55 74 69 108 87 80 99 110 89 26 
51 10 67 56 73 78 107 88 27 38 101 
16 13 54 75 68 33 30 77 100 25 22 
11 52 15 18 31 76 35 20 23 28 37 
14 17 12 53 34 19 32 29 36 21 24 
--
48 7 50 93 46 9 84 43 16 11 14 
51 94 47 8 85 92 45 10 13 42 17 
6 49 100 91 106 87 70 83 44 15 12 
95 52 107 86 101 90 103 66 69 18 41 
54 5 96 99 108 105 88 71 82 65 68 
33 98 53 110 89 102 79 104 67 40 19 
4 55 34 97 78 109 72 59 76 81 64 
29 32 27 56 1 58 77 80 63 20 39 
26 3 30 35 24 73 60 37 22 75 62 
31 28 25 2 57 36 23 74 61 38 21 
--
68 9 66 63 70 7 72 97 22 5 2 
65 62 69 8 73 102 21 6 3 104 23 
10 67 64 87 76 71 98 103 96 1 4 
61 86 77 74 99 94 101 20 105 24 109 
78 11 88 85 90 75 106 95 110 19 52 
35 60 83 80 93 100 91 54 51 108 25 
12 79 34 89 84 81 42 107 26 53 18 
33 36 59 82 41 92 55 50 43 46 27 
58 13 38 31 56 15 40 29 48 17 44 
37 32 57 14 39 30 49 16 45 28 47 
--
109 90 77 28 105 82 65 26 63 84 67 
78 29 108 89 80 27 104 83 66 25 62 
91 110 79 76 101 106 81 64 99 68 85 
30 13 94 107 88 75 100 103 86 61 24 
1 92 45 58 95 102 87 60 69 98 71 
14 31 12 93 44 59 74 97 72 23 54 
11 2 15 46 57 96 43 50 55 70 37 
16 5 32 9 42 49 56 73 38 53 22 
3 10 7 18 47 34 41 20 51 36 39 
6 17 4 33 8 19 48 35 40 21 52 
--
10 13 8 37 32 15 30 39 44 17 84 
7 34 11 14 29 38 45 16 85 40 43 
12 9 36 33 46 31 80 89 42 83 18 
35 6 47 28 55 94 73 86 81 90 41 
48 27 54 95 72 79 88 103 92 19 82 
5 60 49 56 97 104 93 74 87 108 91 
26 53 96 61 78 71 106 109 102 69 20 
59 4 57 50 105 98 75 70 107 66 101 
52 25 2 77 62 23 110 99 64 21 68 
3 58 51 24 1 76 63 22 67 100 65 
--
19 16 21 96 43 14 45 38 41 12 47 
22 97 18 15 52 95 42 13 46 37 40 
17 20 107 98 101 44 51 94 39 48 11 
108 23 102 53 110 91 100 77 50 89 36 
57 54 109 106 99 78 1 90 93 10 49 
24 103 56 81 2 105 92 85 76 35 88 
55 58 73 104 79 82 75 66 87 84 9 
72 25 80 3 74 67 86 83 32 65 34 
59 4 27 70 61 6 29 68 63 8 31 
26 71 60 5 28 69 62 7 30 33 64 
--
44 89 6 67 42 23 4 25 40 21 2 
7 68 43 94 5 66 41 22 3 26 39 
88 45 90 65 86 95 24 57 38 1 20 
69 8 87 96 93 64 37 110 19 56 27 
46 91 70 85 98 107 100 63 58 35 18 
9 78 97 92 101 72 109 36 105 28 55 
80 47 84 71 108 99 106 59 62 17 34 
77 10 79 102 83 60 73 104 31 54 29 
48 81 12 75 50 103 14 61 52 33 16 
11 76 49 82 13 74 51 32 15 30 53 
--
109 52 1 20 67 74 49 18 63 70 47 
2 21 108 105 50 19 68 73 48 17 62 
53 110 51 66 103 106 75 64 69 46 71 
22 3 104 107 100 65 94 89 72 61 16 
33 54 99 78 95 102 97 76 59 82 45 
4 23 32 101 98 77 88 93 90 15 60 
31 34 55 24 79 96 91 58 81 44 83 
8 5 28 35 56 37 80 87 92 41 14 
27 30 7 10 25 86 57 12 39 84 43 
6 9 26 29 36 11 38 85 42 13 40 
--
55 6 53 48 57 8 45 42 15 10 13 
52 49 56 7 44 47 82 9 12 41 16 
5 54 51 58 83 70 43 46 93 14 11 
50 59 62 69 74 81 94 101 40 17 92 
63 4 73 60 71 84 97 108 95 104 39 
30 61 68 75 80 107 102 105 100 91 18 
3 64 29 72 85 98 109 96 103 38 89 
28 31 76 67 110 79 106 99 90 19 22 
65 2 33 26 77 86 35 24 21 88 37 
32 27 66 1 34 25 78 87 36 23 20 
--
51 32 11 28 49 78 9 26 47 44 7 
12 29 50 79 10 27 48 75 8 25 46 
33 52 31 82 77 60 91 64 45 6 43 
30 13 80 59 92 107 76 61 74 63 24 
53 34 83 108 81 90 93 106 65 42 5 
14 85 58 89 98 103 110 73 62 23 66 
35 54 99 84 109 72 97 94 105 4 41 
86 15 88 57 102 95 104 1 20 67 22 
55 36 17 100 71 38 19 96 69 40 3 
16 87 56 37 18 101 70 39 2 21 68 
--
24 41 70 95 26 39 66 93 28 37 64 
71 50 25 40 69 94 27 38 65 88 29 
42 23 96 75 102 67 98 89 92 63 36 
49 72 51 68 97 76 91 62 1 30 87 
22 43 56 101 74 103 84 99 90 35 2 
55 48 73 52 83 100 77 110 61 86 31 
44 21 54 57 104 81 106 85 32 3 34 
15 18 47 82 53 78 109 60 107 6 9 
20 45 16 13 58 105 80 11 8 33 4 
17 14 19 46 79 12 59 108 5 10 7 
--
38 19 66 43 36 17 50 47 34 15 12 
65 42 37 18 67 48 35 16 13 82 33 
20 39 64 99 44 51 84 49 46 11 14 
63 70 41 68 105 98 45 52 83 32 81 
40 21 108 97 100 87 104 85 102 29 10 
71 62 69 90 109 106 101 88 53 80 31 
22 75 96 107 94 89 86 103 30 9 28 
61 72 59 76 91 110 93 54 79 6 3 
58 23 74 95 56 25 78 1 4 27 8 
73 60 57 24 77 92 55 26 7 2 5 
--
22 25 42 29 48 27 82 3 50 53 56 
43 30 23 26 41 46 49 58 55 4 51 
24 21 44 47 28 81 2 83 52 57 54 
31 72 33 40 45 84 79 110 59 86 5 
20 39 70 75 80 1 90 85 88 105 60 
71 32 73 34 91 78 107 100 109 6 87 
38 19 76 69 74 95 98 89 106 61 104 
13 16 35 96 77 92 101 108 99 64 7 
18 37 14 11 68 97 94 9 66 103 62 
15 12 17 36 93 10 67 102 63 8 65 
--
50 29 4 27 52 107 6 55 74 85 8 
3 26 51 96 5 54 83 106 7 56 75 
30 49 28 53 110 95 108 73 84 9 86 
25 2 97 94 101 82 105 88 103 76 57 
48 31 46 1 98 109 102 81 72 87 10 
45 24 91 100 93 64 89 104 77 58 71 
32 47 44 63 90 99 80 59 70 11 68 
23 38 35 92 43 60 65 78 67 14 17 
36 33 40 21 62 79 42 19 16 69 12 
39 22 37 34 41 20 61 66 13 18 15 
--
7 30 73 34 5 28 45 38 3 26 23 
72 33 6 29 106 37 4 27 24 39 2 
31 8 105 74 35 46 107 44 1 22 25 
62 71 32 97 108 103 36 47 88 43 40 
9 98 63 104 75 96 93 110 41 48 21 
64 61 70 95 102 109 78 87 50 89 42 
57 10 99 76 85 94 101 92 79 20 49 
60 65 58 69 100 77 86 51 90 17 80 
11 56 67 84 13 54 91 82 15 52 19 
66 59 12 55 68 83 14 53 18 81 16 
--
106 97 76 17 74 85 66 15 64 89 68 
77 18 107 104 95 16 73 86 67 14 63 
98 105 96 75 84 101 92 65 88 69 90 
19 78 99 108 103 94 87 72 91 62 13 
54 81 110 79 100 83 102 93 70 59 42 
1 20 53 82 109 50 71 58 43 12 61 
26 55 80 21 52 57 44 49 60 41 32 
5 2 25 56 45 48 51 40 33 36 11 
24 27 4 7 22 29 46 9 38 31 34 
3 6 23 28 47 8 39 30 35 10 37 
--
23 94 3 64 21 92 19 62 43 86 17 
4 65 22 93 2 63 44 89 18 61 42 
95 24 101 68 97 20 91 60 87 16 85 
66 5 96 1 102 105 88 45 90 41 58 
25 100 67 106 69 98 55 104 59 84 15 
6 71 26 99 110 103 80 83 46 57 40 
27 52 107 70 75 54 109 56 81 14 33 
72 7 74 53 108 79 82 47 34 39 36 
51 28 9 76 49 30 11 78 37 32 13 
8 73 50 29 10 77 48 31 12 35 38 
--
11 54 29 52 13 62 77 50 15 46 75 
28 31 12 63 90 51 14 101 76 49 16 
55 10 53 30 61 104 87 78 47 74 45 
32 27 64 91 86 89 102 109 100 17 48 
9 56 25 60 103 98 105 88 79 44 73 
26 33 92 65 94 85 110 99 108 81 18 
57 8 59 24 97 106 95 80 41 72 43 
34 5 66 93 68 1 84 107 82 19 40 
7 58 3 36 23 96 69 38 21 42 71 
4 35 6 67 2 37 22 83 70 39 20 
--
60 57 16 83 104 55 14 75 80 53 12 
17 84 59 56 15 82 105 54 13 74 79 
58 61 86 109 98 103 76 81 78 11 52 
85 18 97 102 87 108 71 106 69 48 73 
62 95 88 91 110 99 68 77 72 51 10 
19 92 101 96 67 90 107 70 47 26 49 
94 63 40 89 100 1 44 25 50 9 30 
39 20 93 66 43 36 33 46 29 6 27 
64 41 22 37 2 45 24 35 4 31 8 
21 38 65 42 23 34 3 32 7 28 5 
--
74 19 50 3 86 109 48 5 100 93 46 
51 2 75 72 49 4 105 94 47 6 99 
20 73 18 85 110 87 108 101 98 45 92 
17 52 1 76 71 104 97 106 95 102 7 
62 21 60 69 84 107 88 103 82 91 44 
53 16 63 66 77 70 83 96 89 8 33 
22 61 68 59 38 65 78 81 34 43 90 
15 54 25 64 67 58 37 40 79 32 9 
26 23 56 13 28 39 80 11 30 35 42 
55 14 27 24 57 12 29 36 41 10 31 
--
23 100 25 2 21 96 59 16 19 92 61 
26 3 22 101 106 1 20 93 60 15 18 
99 24 107 28 97 102 95 58 17 62 91 
4 27 98 105 110 81 88 103 94 57 14 
73 108 29 80 75 104 67 86 65 90 63 
30 5 74 109 82 87 76 89 68 13 56 
45 72 83 50 79 70 85 66 77 64 39 
6 31 46 71 84 51 78 69 38 55 12 
47 44 33 8 49 42 35 10 53 40 37 
32 7 48 43 34 9 52 41 36 11 54 
--
16 29 14 75 18 31 70 67 38 33 36 
13 20 17 30 69 74 85 32 35 66 39 
28 15 76 19 84 91 68 71 86 37 34 
21 12 27 90 81 88 73 104 63 40 65 
26 77 24 83 92 105 94 87 72 103 62 
11 22 53 80 89 82 109 106 95 64 41 
52 25 78 23 108 93 98 57 110 61 102 
7 10 49 54 79 56 107 96 99 42 1 
48 51 8 5 46 97 58 3 44 101 60 
9 6 47 50 55 4 45 100 59 2 43 
--
38 7 36 33 40 9 74 101 16 11 14 
35 32 39 8 73 104 41 10 13 96 17 
6 37 34 89 42 75 100 109 102 15 12 
31 70 43 72 105 88 103 76 95 18 97 
44 5 54 69 90 77 110 99 108 65 82 
53 30 71 78 1 106 87 94 81 98 19 
4 45 2 55 68 91 80 107 66 83 64 
29 52 59 48 79 56 67 86 93 20 23 
46 3 50 27 58 61 92 25 22 63 84 
51 28 47 60 49 26 57 62 85 24 21 
--
4 35 6 25 2 37 60 23 58 81 78 
7 26 3 36 61 24 1 82 79 22 57 
34 5 40 31 38 83 86 59 110 77 80 
27 8 33 64 87 62 107 94 85 56 21 
66 41 30 39 32 95 84 101 106 109 76 
9 28 65 88 63 102 105 108 93 20 55 
42 67 44 29 96 89 100 71 104 75 92 
13 10 47 68 45 70 103 90 99 54 19 
48 43 12 15 50 97 72 17 52 91 74 
11 14 49 46 69 16 51 98 73 18 53 
--
56 47 54 73 58 45 70 75 90 43 40 
53 60 57 46 71 74 93 44 41 76 89 
48 55 72 59 108 69 100 91 94 39 42 
61 52 105 68 99 92 107 86 97 88 77 
64 49 62 109 106 101 98 95 78 85 38 
51 2 65 104 67 110 33 102 87 96 13 
28 63 50 1 32 103 82 79 14 37 84 
3 24 27 66 81 20 17 34 83 12 9 
26 29 22 5 18 31 80 7 10 15 36 
23 4 25 30 21 6 19 16 35 8 11 
--
24 47 26 5 22 45 62 3 20 43 78 
27 6 23 46 63 4 21 44 79 2 19 
48 25 64 59 82 61 74 1 18 77 42 
7 28 49 66 73 110 83 80 75 96 17 
50 65 58 89 60 81 94 109 104 41 76 
29 8 67 72 93 106 103 84 95 16 97 
68 51 90 57 88 85 92 105 108 101 40 
9 30 71 86 91 56 107 102 37 98 15 
52 69 32 11 54 87 34 13 100 39 36 
31 10 53 70 33 12 55 38 35 14 99 
--
12 15 48 39 46 17 92 41 24 19 22 
49 36 13 16 91 40 45 18 21 42 25 
14 11 54 47 38 103 90 93 44 23 20 
35 50 37 106 53 94 79 104 69 26 43 
10 57 52 55 108 105 102 89 78 85 70 
51 34 107 62 95 80 109 84 99 68 27 
58 9 56 33 110 101 98 77 88 71 86 
3 6 61 96 63 76 81 100 83 28 67 
8 59 4 1 32 97 74 65 30 87 72 
5 2 7 60 75 64 31 82 73 66 29 
--
9 94 81 72 11 102 69 38 13 40 67 
80 73 10 95 84 71 12 99 68 37 14 
93 8 91 82 103 98 101 70 39 66 41 
74 79 108 85 96 83 106 65 100 15 36 
7 92 77 90 107 104 97 44 63 42 29 
78 75 58 109 86 89 64 105 28 35 16 
49 6 87 76 57 110 45 62 43 30 27 
52 55 50 59 88 61 24 1 34 17 20 
5 48 53 56 3 46 33 22 19 26 31 
54 51 4 47 60 23 2 25 32 21 18 
--
15 18 49 66 39 20 41 34 37 22 43 
50 67 16 19 48 63 38 21 42 33 36 
17 14 69 92 65 40 47 62 35 44 23 
68 51 82 71 90 99 64 85 46 61 32 
13 70 91 104 93 84 89 102 59 24 45 
52 81 72 83 100 103 98 1 86 31 60 
73 12 105 94 109 88 101 58 97 2 25 
80 53 78 75 106 95 110 87 28 5 30 
11 74 55 108 9 76 57 96 7 26 3 
54 79 10 77 56 107 8 27 4 29 6 
--
43 34 41 84 45 32 47 72 67 30 27 
40 83 44 33 48 89 68 31 28 71 66 
35 42 85 92 87 46 73 108 69 26 29 
82 39 80 49 90 109 88 63 74 65 70 
11 36 91 86 93 78 75 104 107 62 25 
38 81 12 79 50 95 110 77 64 101 106 
13 10 37 94 1 76 103 96 105 24 61 
4 7 16 51 54 97 56 59 102 21 100 
9 14 5 2 17 58 53 98 19 60 23 
6 3 8 15 52 55 18 57 22 99 20 
--
16 61 14 45 18 63 54 47 42 71 66 
13 20 17 62 55 46 43 72 65 48 41 
60 15 102 19 44 77 64 53 74 67 70 
21 12 59 56 101 108 73 76 69 40 49 
58 99 22 103 78 1 90 107 52 75 68 
11 80 57 100 109 106 95 2 89 50 39 
98 23 104 79 96 91 110 51 94 3 32 
81 10 97 26 105 86 93 88 33 38 35 
24 27 8 83 92 29 6 85 36 31 4 
9 82 25 28 7 84 87 30 5 34 37 
--
12 39 10 37 14 47 44 35 60 49 52 
9 16 13 46 43 36 75 48 51 34 61 
40 11 38 15 80 45 56 59 76 53 50 
17 8 81 42 57 104 79 74 55 62 33 
20 41 18 101 82 99 58 103 64 77 54 
7 90 21 98 109 102 105 78 73 32 63 
22 19 96 91 100 83 108 1 106 65 28 
89 6 87 84 97 110 93 72 29 68 31 
86 23 4 95 92 25 2 107 70 27 66 
5 88 85 24 3 94 71 26 67 30 69 
--
6 29 4 27 8 73 56 101 10 77 54 
3 26 7 74 57 104 9 76 55 80 11 
30 5 28 105 72 75 100 85 102 53 78 
25 2 71 58 99 110 103 92 79 12 81 
60 31 96 1 106 93 86 109 84 91 52 
45 24 59 70 95 98 107 90 87 82 13 
32 61 46 97 64 69 94 83 108 51 88 
23 44 35 62 47 40 65 68 89 14 17 
36 33 42 21 38 63 48 19 16 67 50 
43 22 37 34 41 20 39 66 49 18 15 
--
78 51 54 9 80 75 56 7 58 65 72 
53 10 79 76 55 8 81 70 73 6 59 
50 77 52 99 90 83 74 57 64 71 66 
11 100 91 84 105 102 89 82 69 60 5 
92 49 106 101 98 85 104 63 88 67 38 
47 12 97 94 103 108 87 68 39 4 61 
32 93 48 107 86 95 40 109 62 37 20 
13 46 31 96 41 110 17 36 21 24 3 
30 33 44 15 28 35 42 1 26 19 22 
45 14 29 34 43 16 27 18 23 2 25 
--
65 68 13 38 61 54 11 36 33 52 9 
14 39 66 83 12 37 60 53 10 35 32 
67 64 69 62 95 82 55 34 59 8 51 
40 15 84 81 88 93 104 49 56 31 58 
79 70 63 94 85 96 87 108 105 50 7 
16 41 80 89 92 109 106 103 48 57 30 
71 78 91 42 97 86 99 110 107 6 47 
20 17 74 77 90 1 102 45 100 29 26 
75 72 19 22 43 98 3 24 27 46 5 
18 21 76 73 2 23 44 101 4 25 28 
--
50 83 92 3 48 85 30 5 28 45 32 
93 2 49 84 91 4 47 86 31 6 27 
82 51 110 95 104 87 90 29 46 33 44 
1 94 99 80 109 96 105 42 89 26 7 
52 81 58 103 98 101 88 75 106 43 34 
57 16 69 100 79 108 97 72 41 8 25 
68 53 78 59 102 71 76 107 74 35 40 
15 56 17 70 77 60 73 38 63 24 9 
18 67 54 13 20 65 62 11 22 39 36 
55 14 19 66 61 12 21 64 37 10 23 
--
17 78 21 28 19 64 67 30 3 34 37 
22 27 18 77 66 29 2 63 36 31 4 
79 16 107 20 73 76 65 68 33 38 35 
26 23 80 97 106 1 74 47 62 5 32 
15 108 25 110 75 72 93 56 69 46 39 
24 81 98 103 96 105 70 61 48 55 6 
99 14 109 88 71 94 49 92 57 40 45 
82 85 102 95 104 89 60 43 52 7 54 
13 100 87 84 11 50 91 58 9 44 41 
86 83 12 101 90 59 10 51 42 53 8 
--
6 3 8 27 72 99 106 25 74 77 102 
9 28 5 2 107 26 73 100 103 24 75 
4 7 30 71 98 105 110 89 76 101 78 
29 10 95 108 1 84 97 104 91 82 23 
62 31 70 53 96 109 90 83 88 79 48 
11 54 61 94 85 68 87 92 49 22 81 
32 63 52 69 60 93 50 67 80 47 38 
15 12 55 64 51 86 59 46 39 42 21 
56 33 14 17 58 35 66 19 44 37 40 
13 16 57 34 65 18 45 36 41 20 43 
--
61 76 57 6 55 44 95 8 53 42 39 
58 5 60 77 96 7 54 43 40 9 52 
75 62 97 56 105 94 45 100 51 38 41 
4 59 78 73 98 101 110 93 46 87 10 
63 74 65 106 1 104 99 88 109 50 37 
22 3 72 79 66 107 102 47 92 11 86 
71 64 23 2 103 80 89 108 85 36 49 
18 21 70 67 26 29 82 91 48 33 12 
69 24 19 16 81 90 27 14 31 84 35 
20 17 68 25 28 15 30 83 34 13 32 
--
6 9 4 13 58 11 18 89 22 55 20 
3 14 7 10 17 88 59 56 19 90 23 
8 5 16 79 12 57 104 87 92 21 54 
15 2 37 84 105 86 93 60 97 24 91 
38 83 80 1 78 103 98 109 94 53 62 
81 36 73 106 85 110 77 102 61 96 25 
72 39 82 69 74 99 108 95 76 63 52 
35 42 71 46 107 68 75 66 101 26 29 
40 47 44 33 70 49 100 31 28 51 64 
43 34 41 48 45 32 67 50 65 30 27 
--
36 71 32 9 34 57 64 7 54 51 60 
31 10 35 74 65 8 55 58 61 6 53 
72 37 70 33 56 89 66 63 52 59 50 
11 30 73 90 75 68 81 88 85 62 5 
38 91 76 69 100 87 108 67 82 49 84 
29 12 103 98 109 80 101 86 107 4 47 
92 39 94 77 102 99 110 79 48 83 20 
13 28 97 104 95 78 17 106 21 46 3 
40 93 26 15 42 105 24 1 44 19 22 
27 14 41 96 25 16 43 18 23 2 45 
--
11 14 39 76 73 16 37 60 33 18 35 
40 75 12 15 38 69 72 17 36 59 32 
13 10 85 74 77 106 63 70 61 34 19 
80 41 78 95 84 71 68 103 64 31 58 
9 94 81 86 105 102 107 62 57 20 65 
42 79 98 93 96 83 104 67 110 55 30 
91 8 87 82 99 108 101 56 29 66 21 
46 43 92 97 88 49 24 109 54 1 28 
7 90 45 48 5 100 51 26 3 22 53 
44 47 6 89 50 25 4 23 52 27 2 
--
32 13 34 41 30 15 28 25 64 17 20 
35 38 31 14 27 42 89 16 19 24 63 
12 33 40 37 90 29 26 65 88 21 18 
39 36 71 68 43 92 103 60 23 62 87 
70 11 44 91 108 105 66 93 100 59 22 
7 72 69 80 67 102 107 104 61 86 99 
10 45 8 109 106 79 94 101 98 55 58 
3 6 73 76 81 110 97 56 95 52 85 
46 9 4 1 48 75 78 83 50 57 54 
5 2 47 74 77 82 49 96 53 84 51 
--
12 37 74 33 14 35 100 89 16 87 102 
73 32 13 36 97 90 15 104 101 84 17 
38 11 92 75 34 105 96 99 88 103 86 
31 72 39 46 91 98 109 106 85 18 83 
10 41 76 93 110 47 80 95 108 63 66 
71 30 45 40 79 94 107 64 67 82 19 
42 9 70 77 48 1 68 81 62 65 54 
29 6 49 44 69 78 61 58 55 20 23 
8 43 4 27 60 51 2 25 22 53 56 
5 28 7 50 3 26 59 52 57 24 21 
--
94 43 72 55 106 45 74 53 78 47 76 
71 56 95 44 73 54 105 46 75 52 79 
42 93 70 107 98 103 68 81 50 77 48 
57 96 87 102 69 110 63 104 67 80 51 
88 41 92 97 108 99 82 1 62 49 66 
13 58 101 86 91 60 109 64 83 2 33 
40 89 14 59 100 85 18 61 34 65 22 
9 12 39 90 17 28 35 84 23 32 3 
38 15 10 7 36 19 26 5 30 21 24 
11 8 37 16 27 6 29 20 25 4 31 
--
2 57 26 29 4 53 48 31 6 35 46 
25 28 3 56 51 30 5 54 47 32 7 
58 1 90 27 102 55 52 49 34 45 36 
89 24 103 110 91 50 81 78 43 8 33 
104 59 88 97 80 101 76 41 74 37 44 
23 98 109 92 95 86 79 82 77 42 9 
60 105 96 87 100 83 94 75 40 73 38 
19 22 99 108 93 70 85 72 65 10 13 
106 61 20 17 84 63 68 15 12 39 66 
21 18 107 62 69 16 71 64 67 14 11 
--
7 50 41 46 5 72 43 22 3 24 27 
40 47 6 73 42 45 4 95 26 21 2 
51 8 49 62 71 98 75 44 23 28 25 
48 39 70 85 74 63 94 99 96 1 20 
9 52 61 64 93 106 97 76 19 104 29 
38 59 86 69 84 77 100 105 110 79 18 
53 10 65 60 101 92 107 78 103 30 109 
58 37 56 87 68 83 102 91 108 17 80 
11 54 35 66 13 88 33 82 15 90 31 
36 57 12 55 34 67 14 89 32 81 16 
--
102 11 34 37 106 13 32 25 28 15 30 
35 38 103 12 33 60 81 14 31 24 27 
10 101 36 105 80 107 54 59 26 29 16 
39 104 63 108 61 82 79 86 53 56 23 
64 9 100 83 110 85 98 55 58 17 52 
69 40 109 62 99 90 1 78 87 22 57 
8 65 70 91 84 97 88 93 2 51 18 
41 68 43 96 89 92 77 48 19 74 21 
44 7 66 71 46 5 94 73 76 3 50 
67 42 45 6 95 72 47 4 49 20 75 
--
51 16 53 58 49 18 61 40 25 20 23 
54 57 50 17 64 59 48 19 22 41 26 
15 52 65 56 79 62 85 60 39 24 21 
66 55 80 63 86 105 78 47 44 27 42 
81 14 87 100 89 84 109 104 77 38 45 
2 67 90 83 110 99 106 95 46 43 28 
13 82 1 88 101 94 103 108 35 76 37 
6 3 68 91 10 107 98 73 96 29 32 
69 12 5 8 71 102 93 34 31 36 75 
4 7 70 11 92 9 72 97 74 33 30 
--
20 53 22 91 18 51 68 15 8 3 6 
23 92 19 52 69 90 17 2 5 14 9 
54 21 94 87 98 67 50 89 16 7 4 
93 24 97 70 109 88 1 66 35 10 13 
72 55 104 95 86 99 108 49 12 43 34 
25 96 71 100 103 110 85 44 65 36 11 
56 73 82 105 84 77 102 107 48 33 42 
81 26 79 76 101 106 45 60 39 64 37 
74 57 28 83 78 59 30 47 62 41 32 
27 80 75 58 29 46 61 40 31 38 63 
--
