--
23 46 29 2 21 44 77 72 19 42 
30 3 22 45 78 1 20 43 76 71 
47 24 49 28 51 60 73 80 41 18 
4 31 52 61 58 79 54 39 70 75 
25 48 27 50 53 66 59 74 17 40 
8 5 32 57 62 55 38 65 14 69 
33 26 7 10 35 64 67 12 37 16 
6 9 34 63 56 11 36 15 68 13 
--
33 16 43 14 31 60 51 2 29 26 
42 13 32 61 50 1 30 27 52 3 
17 34 15 44 65 76 59 54 25 28 
12 41 64 49 62 55 80 75 4 53 
35 18 45 56 77 66 71 58 79 24 
40 11 38 63 48 57 78 67 74 5 
19 36 9 46 21 70 7 72 23 68 
10 39 20 37 8 47 22 69 6 73 
--
63 16 37 50 61 18 39 2 47 20 
36 51 62 17 38 49 58 19 40 3 
15 64 53 60 79 70 1 48 21 46 
52 35 78 71 68 59 44 57 4 41 
65 14 67 54 75 80 69 42 45 22 
34 11 74 77 72 43 56 25 28 5 
13 66 9 32 55 76 7 30 23 26 
10 33 12 73 8 31 24 27 6 29 
--
73 16 41 14 79 60 39 2 35 52 
42 13 74 61 40 1 56 53 38 3 
17 72 15 80 55 78 59 36 51 34 
12 43 62 75 64 49 54 57 4 37 
71 18 69 48 77 58 65 50 33 24 
44 11 76 63 68 47 32 25 28 5 
19 70 9 46 21 66 7 30 23 26 
10 45 20 67 8 31 22 27 6 29 
--
43 20 55 26 45 2 53 6 47 4 
56 23 44 21 54 27 46 3 52 7 
19 42 25 58 1 68 75 50 5 48 
24 57 22 67 64 73 28 69 8 51 
41 18 39 80 59 76 65 74 49 70 
38 15 60 63 66 79 72 29 32 9 
17 40 13 36 77 62 11 34 71 30 
14 37 16 61 12 35 78 31 10 33 
--
33 20 35 54 31 22 77 6 1 4 
36 55 32 21 78 61 30 3 24 7 
19 34 57 62 53 76 23 80 5 2 
56 37 66 73 64 79 60 29 8 25 
67 18 63 58 71 52 75 26 47 28 
38 15 72 65 74 59 48 51 44 9 
17 68 13 40 49 70 11 42 27 46 
14 39 16 69 12 41 50 45 10 43 
--
39 76 5 20 37 80 3 18 57 62 
6 21 38 75 4 19 58 63 2 17 
77 40 67 36 79 74 1 16 61 56 
22 7 78 71 68 59 64 73 30 15 
41 70 35 66 53 72 31 60 55 48 
8 23 42 69 32 65 54 49 14 29 
43 34 25 10 45 52 27 12 47 50 
24 9 44 33 26 11 46 51 28 13 
--
38 17 40 47 36 19 34 23 78 21 
41 46 37 18 33 72 79 20 1 24 
16 39 44 73 48 35 32 75 22 77 
45 42 49 56 53 74 71 80 25 2 
50 15 52 43 70 55 60 31 76 65 
9 12 57 54 59 30 69 64 3 26 
14 51 10 7 68 61 28 5 66 63 
11 8 13 58 29 6 67 62 27 4 
--
53 6 27 22 45 4 29 20 33 2 
26 23 54 5 28 21 44 3 30 19 
7 52 25 60 77 46 67 32 1 34 
24 59 78 55 68 63 80 43 18 31 
51 8 61 76 79 66 47 64 35 14 
58 73 56 69 62 75 42 15 38 17 
9 50 71 74 11 48 65 40 13 36 
72 57 10 49 70 41 12 37 16 39 
--
3 22 5 46 1 24 17 26 75 54 
6 47 2 23 18 71 80 53 16 27 
21 4 45 70 63 52 25 76 55 74 
44 7 48 19 50 77 72 79 28 15 
39 20 43 62 69 64 51 58 73 56 
8 35 38 49 42 59 78 65 14 29 
37 40 33 10 61 68 31 12 57 66 
34 9 36 41 32 11 60 67 30 13 
--
48 67 42 19 46 77 40 7 2 5 
43 18 47 78 41 20 1 4 39 8 
66 49 68 45 80 63 76 37 6 3 
17 44 79 64 73 70 21 62 9 38 
50 65 32 69 60 75 36 71 22 57 
31 16 51 74 35 72 61 58 25 10 
52 33 14 29 54 59 12 27 56 23 
15 30 53 34 13 28 55 24 11 26 
--
76 7 26 29 70 9 24 21 60 11 
27 30 75 8 25 50 69 10 23 20 
6 77 28 65 74 71 22 61 12 59 
31 46 73 80 51 66 49 68 19 38 
78 5 64 47 72 1 62 37 58 13 
45 32 79 52 63 48 67 16 39 18 
4 53 34 43 2 55 36 41 14 57 
33 44 3 54 35 42 15 56 17 40 
--
72 55 10 19 70 31 12 17 66 33 
9 20 71 78 11 18 67 32 13 16 
56 73 54 69 60 77 30 15 34 65 
21 8 61 76 79 68 41 64 29 14 
48 57 74 53 62 59 80 35 42 37 
7 22 49 58 75 40 63 38 1 28 
50 47 24 5 52 45 26 3 36 43 
23 6 51 46 25 4 39 44 27 2 
--
60 11 42 51 78 13 40 17 70 15 
43 48 61 12 41 56 75 14 39 18 
10 59 50 77 52 79 36 69 16 71 
49 44 47 62 57 76 55 74 19 38 
46 9 58 53 80 35 68 37 72 31 
3 6 45 24 63 54 73 30 67 20 
8 25 4 1 34 27 22 65 32 29 
5 2 7 26 23 64 33 28 21 66 
--
50 67 28 5 32 75 26 3 22 79 
29 6 51 70 27 4 33 80 25 2 
68 49 66 31 76 39 74 23 78 21 
7 30 69 52 71 34 77 38 1 24 
48 53 42 65 46 73 40 61 20 37 
11 8 47 72 41 64 35 58 17 60 
54 43 10 13 56 45 62 15 36 19 
9 12 55 44 63 14 57 18 59 16 
--
50 35 38 5 48 41 20 3 22 43 
37 6 49 62 39 4 47 42 19 2 
34 51 36 57 78 61 40 21 44 23 
7 56 63 60 67 74 77 46 1 18 
52 33 58 75 64 79 66 73 24 45 
11 8 55 68 59 76 27 80 17 72 
32 53 10 13 30 65 70 15 28 25 
9 12 31 54 69 14 29 26 71 16 
--
59 78 61 10 57 68 41 12 49 46 
62 9 58 77 72 11 50 47 40 13 
79 60 73 56 69 52 67 42 45 48 
8 63 80 71 76 65 44 51 14 39 
29 74 55 64 1 70 53 66 43 22 
4 7 30 75 54 19 34 23 38 15 
31 28 5 2 33 26 17 36 21 24 
6 3 32 27 18 35 20 25 16 37 
--
16 53 18 23 14 49 30 25 12 47 
19 22 15 54 31 24 13 48 29 26 
52 17 72 21 50 55 68 27 46 11 
71 20 51 64 69 32 45 56 61 28 
40 73 70 77 44 65 62 67 10 57 
1 78 39 74 63 76 33 58 7 60 
38 41 80 3 36 43 66 5 34 9 
79 2 37 42 75 4 35 8 59 6 
--
12 27 44 41 10 25 46 21 8 23 
43 38 11 26 45 62 9 24 59 20 
28 13 42 63 40 47 66 61 22 7 
37 52 39 48 65 76 69 58 19 60 
14 29 64 53 70 67 18 75 6 57 
51 36 49 32 77 74 71 68 3 80 
30 15 34 73 54 17 78 1 56 5 
35 50 31 16 33 72 55 4 79 2 
--
58 7 10 27 56 79 12 29 32 77 
9 26 57 70 11 28 55 78 13 30 
6 59 8 51 80 69 72 31 76 33 
25 42 47 60 71 54 75 62 67 14 
46 5 52 1 50 61 68 73 34 63 
41 24 43 48 53 74 37 66 15 18 
4 45 22 39 2 49 20 17 64 35 
23 40 3 44 21 38 65 36 19 16 
--
9 12 29 74 63 14 31 52 61 16 
28 75 10 13 30 73 62 15 32 51 
11 8 67 76 79 64 53 72 17 60 
40 27 78 45 66 69 80 59 50 33 
7 44 39 68 77 58 65 54 71 18 
26 41 24 57 46 55 70 1 34 49 
23 6 43 38 21 4 47 36 19 2 
42 25 22 5 56 37 20 3 48 35 
--
30 57 36 9 28 73 68 11 26 23 
37 8 29 72 69 10 27 24 67 12 
58 31 56 35 78 71 74 53 22 25 
7 38 79 70 55 52 77 66 13 50 
32 59 34 39 80 75 54 51 64 21 
3 6 43 60 45 18 65 76 49 14 
42 33 4 1 40 61 16 47 20 63 
5 2 41 44 17 46 19 62 15 48 
--
37 68 31 8 35 64 29 6 25 48 
32 9 36 67 30 7 58 47 28 5 
69 38 77 34 63 46 65 26 49 24 
10 33 70 79 66 57 62 59 4 27 
39 78 41 76 61 80 45 56 23 50 
14 11 74 71 42 53 60 1 20 3 
73 40 13 16 75 44 55 18 51 22 
12 15 72 43 54 17 52 21 2 19 
--
5 8 37 26 73 10 39 14 43 12 
36 25 6 9 38 27 70 11 40 15 
7 4 35 74 29 72 61 42 13 44 
24 75 30 79 62 69 28 71 16 41 
3 34 63 76 67 78 53 60 45 56 
64 23 80 31 52 59 68 55 48 17 
33 2 21 66 77 54 19 50 57 46 
22 65 32 1 20 51 58 47 18 49 
--
25 70 27 16 23 80 47 4 21 2 
28 15 24 79 68 17 22 1 46 5 
71 26 69 62 75 66 77 48 3 20 
14 29 74 67 78 61 18 65 6 45 
55 72 53 60 63 76 49 44 19 40 
30 13 56 73 52 43 64 39 36 7 
57 54 11 32 59 50 9 34 41 38 
12 31 58 51 10 33 42 37 8 35 
--
30 9 28 25 56 7 62 49 54 5 
27 24 31 8 63 50 55 6 71 48 
10 29 26 57 34 65 78 61 4 53 
23 32 35 64 79 60 51 72 47 70 
36 11 58 33 40 73 66 77 52 3 
19 22 39 74 59 80 15 44 69 46 
12 37 20 17 14 41 76 67 2 43 
21 18 13 38 75 16 1 42 45 68 
--
16 31 78 27 14 29 48 43 12 51 
79 26 15 30 75 44 13 50 47 42 
32 17 74 77 28 49 72 45 52 11 
25 80 33 58 73 76 53 56 41 46 
18 59 24 69 64 57 22 71 10 55 
1 34 63 60 23 70 65 54 7 40 
62 19 36 3 68 21 38 5 66 9 
35 2 61 20 37 4 67 8 39 6 
--
27 24 5 20 43 66 3 18 61 68 
6 21 26 53 4 19 62 67 2 17 
25 28 23 42 65 44 1 16 69 60 
22 7 54 39 52 63 70 75 46 15 
29 38 41 64 55 80 45 72 59 74 
8 35 32 51 40 71 76 79 14 47 
33 30 37 10 77 56 49 12 73 58 
36 9 34 31 50 11 78 57 48 13 
--
15 38 17 56 13 36 33 6 11 8 
18 51 14 37 34 55 12 9 32 5 
39 16 57 54 71 66 35 30 7 10 
52 19 50 67 58 79 70 65 4 31 
49 40 53 78 69 72 59 80 29 64 
20 43 68 47 60 77 74 63 26 3 
41 48 45 22 73 62 1 24 75 28 
44 21 42 61 46 23 76 27 2 25 
--
17 2 51 44 19 14 49 34 21 12 
52 65 18 15 50 43 20 13 24 35 
3 16 1 64 45 48 33 62 11 22 
66 53 72 47 80 63 42 23 36 25 
57 4 67 76 71 46 61 32 41 10 
54 73 56 79 68 77 40 37 26 29 
5 58 75 70 7 60 31 28 9 38 
74 55 6 59 78 69 8 39 30 27 
--
20 55 16 53 38 71 14 51 36 33 
17 40 19 72 15 52 37 34 13 50 
56 21 54 39 80 59 70 49 32 35 
41 18 77 58 73 44 79 60 69 12 
22 57 42 1 78 61 74 65 48 31 
5 2 25 76 43 64 45 68 11 66 
26 23 4 7 28 75 62 9 30 47 
3 6 27 24 63 8 29 46 67 10 
--
44 23 4 21 54 79 6 63 56 77 
3 20 45 72 5 64 55 78 7 62 
24 43 22 53 80 71 68 61 76 57 
19 2 73 46 65 52 75 58 69 8 
38 25 42 1 74 67 70 51 60 31 
41 18 39 66 47 50 59 32 9 12 
26 37 16 49 28 35 14 11 30 33 
17 40 27 36 15 48 29 34 13 10 
--
17 44 19 50 15 48 41 62 13 10 
20 51 16 47 42 63 14 11 38 61 
45 18 43 64 49 40 77 60 9 12 
52 21 46 1 70 57 68 39 78 37 
25 2 65 56 67 80 59 76 31 8 
22 53 24 71 58 69 32 79 36 75 
3 26 55 66 5 28 73 34 7 30 
54 23 4 27 72 33 6 29 74 35 
--
2 33 16 57 14 31 70 55 12 29 
17 42 1 32 77 56 13 30 67 54 
34 3 60 15 58 71 78 69 28 11 
43 18 41 80 61 76 49 66 53 68 
4 35 44 59 48 79 72 75 10 27 
19 40 21 36 73 62 47 50 65 52 
22 5 38 45 24 7 74 63 26 9 
39 20 23 6 37 46 25 8 51 64 
--
43 12 41 60 45 14 77 18 55 16 
40 47 44 13 78 59 56 15 76 19 
11 42 61 46 57 80 73 70 17 54 
48 39 26 79 72 69 58 75 20 67 
27 10 49 62 1 74 71 68 53 34 
4 7 38 25 50 63 52 33 66 21 
9 28 5 2 37 30 23 64 35 32 
6 3 8 29 24 51 36 31 22 65 
--
40 21 38 77 42 23 58 69 2 25 
37 44 41 22 53 76 1 24 57 70 
20 39 78 43 80 59 68 71 26 3 
45 36 63 52 73 54 75 60 67 56 
48 19 46 79 64 61 72 55 4 27 
35 16 49 62 51 74 31 66 7 10 
18 47 14 33 30 65 12 9 28 5 
15 34 17 50 13 32 29 6 11 8 
--
68 23 20 3 60 33 18 15 42 35 
21 4 69 32 19 2 57 34 17 14 
24 67 22 59 78 61 16 41 36 43 
5 70 31 72 1 58 77 56 13 40 
30 25 66 79 62 73 50 39 44 37 
65 6 71 28 53 80 55 76 47 12 
26 29 8 63 74 51 10 49 38 45 
7 64 27 52 9 54 75 46 11 48 
--
25 2 27 72 23 70 43 16 21 18 
28 77 24 69 44 73 22 19 42 15 
3 26 1 78 71 52 63 40 17 20 
80 29 76 45 68 65 74 53 14 41 
47 4 79 66 75 62 51 64 39 54 
30 7 46 61 50 67 56 59 36 13 
5 48 9 32 57 60 11 34 55 38 
8 31 6 49 10 33 58 37 12 35 
--
14 33 16 71 12 31 28 5 10 7 
17 66 13 32 29 70 11 8 27 4 
34 15 72 65 76 47 30 55 6 9 
67 18 63 48 69 56 77 46 3 26 
50 35 68 73 64 75 54 43 58 45 
19 38 49 62 53 78 57 80 25 2 
36 51 40 21 74 61 42 23 44 59 
39 20 37 52 41 22 79 60 1 24 
--
12 45 24 59 10 47 22 51 8 49 
25 62 11 46 23 58 9 48 21 52 
44 13 72 63 60 41 74 19 50 7 
65 26 61 42 73 70 57 36 53 20 
14 43 64 71 40 75 18 79 6 35 
27 66 29 76 69 80 37 56 3 54 
30 15 68 39 32 17 78 1 34 5 
67 28 31 16 77 38 33 4 55 2 
--
43 40 9 72 37 26 7 24 35 28 
10 61 42 39 8 71 36 27 6 23 
41 44 73 78 59 38 25 70 29 34 
62 11 60 49 64 79 58 33 22 5 
45 50 63 74 77 54 65 30 69 32 
12 15 76 53 48 57 80 55 4 21 
51 46 17 14 75 66 19 2 31 68 
16 13 52 47 18 1 56 67 20 3 
--
2 33 16 57 14 31 70 55 12 29 
17 42 1 32 79 56 13 30 71 54 
34 3 60 15 58 67 74 69 28 11 
43 18 41 80 61 78 49 66 53 72 
4 35 44 59 48 75 68 73 10 27 
19 40 21 36 77 62 47 50 65 52 
22 5 38 45 24 7 76 63 26 9 
39 20 23 6 37 46 25 8 51 64 
--
59 6 27 24 61 8 29 12 37 10 
26 23 60 7 28 35 62 9 30 13 
5 58 25 64 79 68 33 36 11 38 
22 65 48 67 34 63 78 73 14 31 
49 4 57 80 69 74 45 32 39 72 
56 21 66 47 52 77 70 75 42 15 
3 50 19 54 1 46 17 44 71 40 
20 55 2 51 18 53 76 41 16 43 
--
7 4 71 34 19 2 49 32 17 22 
72 35 6 3 74 33 18 21 48 31 
5 8 73 70 1 20 55 50 23 16 
36 69 62 67 54 75 60 79 30 47 
9 66 53 76 61 80 51 56 15 24 
40 37 68 63 52 59 78 27 46 29 
65 10 39 42 77 12 57 44 25 14 
38 41 64 11 58 43 26 13 28 45 
--
60 43 18 45 68 65 16 47 52 73 
19 2 59 66 17 46 79 72 15 48 
42 61 44 69 80 67 64 51 74 53 
3 20 1 58 63 78 71 56 49 14 
28 41 62 77 70 57 50 75 54 35 
21 4 29 40 25 76 55 36 13 10 
30 27 6 23 32 39 8 11 34 37 
5 22 31 26 7 24 33 38 9 12 
--
73 16 25 20 71 18 27 32 3 6 
24 21 72 17 26 33 2 5 28 31 
15 74 23 70 19 78 59 30 7 4 
22 69 62 79 76 1 34 39 58 29 
63 14 75 50 67 60 77 54 35 8 
46 49 68 61 80 51 38 57 40 55 
13 64 47 44 11 66 53 42 9 36 
48 45 12 65 52 43 10 37 56 41 
--
57 28 13 32 55 74 11 34 37 72 
14 31 56 75 12 33 70 73 10 35 
27 58 29 54 79 76 49 36 71 38 
30 15 78 63 52 47 80 69 50 9 
59 26 53 46 77 64 51 48 39 68 
16 23 62 65 20 1 42 67 8 5 
25 60 21 18 45 66 3 6 43 40 
22 17 24 61 2 19 44 41 4 7 
--
9 40 11 58 7 38 23 34 5 36 
12 59 8 39 24 57 6 37 22 33 
41 10 71 60 55 26 51 32 35 4 
72 13 64 25 76 31 56 27 50 21 
63 42 73 70 61 54 77 52 3 28 
14 65 62 75 78 69 30 47 20 49 
43 74 67 16 45 80 53 18 29 2 
66 15 44 79 68 17 46 1 48 19 
--
42 15 36 19 72 17 34 61 2 5 
37 20 41 16 35 74 1 4 33 62 
14 43 38 73 18 71 60 79 6 3 
21 40 45 50 53 80 75 70 63 32 
44 13 52 39 76 69 64 59 78 7 
25 22 49 46 51 54 77 68 31 58 
12 47 24 27 10 65 56 29 8 67 
23 26 11 48 55 28 9 66 57 30 
--
79 22 29 34 1 24 27 8 3 6 
30 33 80 23 28 35 2 5 26 9 
21 78 31 36 71 50 25 52 7 4 
32 37 74 77 62 57 72 49 10 45 
75 20 63 58 73 70 51 46 53 48 
38 17 76 67 64 61 56 69 44 11 
19 66 15 40 59 68 13 42 47 54 
16 39 18 65 14 41 60 55 12 43 
--
6 9 48 25 46 11 70 23 44 13 
49 26 7 10 71 24 45 12 69 22 
8 5 74 47 58 67 72 65 14 43 
27 50 57 76 73 62 59 68 21 64 
4 75 34 61 56 77 66 63 42 15 
31 28 51 80 35 60 55 18 39 20 
52 3 30 33 54 1 78 37 16 41 
29 32 53 2 79 36 17 40 19 38 
--
45 12 47 16 43 14 71 28 41 2 
48 17 44 13 72 29 42 1 66 27 
11 46 49 56 15 80 63 70 3 40 
18 55 60 73 62 69 30 65 26 67 
59 10 57 50 79 64 77 68 39 4 
54 19 74 61 76 51 38 31 34 25 
9 58 21 52 7 78 23 36 5 32 
20 53 8 75 22 37 6 33 24 35 
--
19 48 1 46 17 68 75 44 15 66 
2 29 18 53 80 45 16 67 74 43 
49 20 47 30 69 76 79 62 65 14 
28 3 52 77 54 61 70 73 42 63 
21 50 27 60 31 78 25 64 13 72 
4 35 32 51 26 55 58 71 10 41 
33 22 37 6 59 24 39 8 57 12 
36 5 34 23 38 7 56 11 40 9 
--
33 30 5 72 49 28 3 80 47 26 
6 73 32 29 4 77 48 27 2 79 
31 34 63 76 71 50 1 78 25 46 
58 7 74 53 64 61 70 51 68 15 
35 54 59 62 75 52 67 16 45 24 
8 57 38 65 60 21 42 69 14 17 
39 36 55 10 41 66 19 12 23 44 
56 9 40 37 20 11 22 43 18 13 
--
7 4 41 56 19 2 43 24 17 22 
40 57 6 3 42 55 18 21 44 25 
5 8 59 68 65 20 1 52 23 16 
58 39 64 61 54 77 66 45 26 51 
9 60 69 76 67 62 53 80 15 30 
38 71 36 63 78 75 46 29 50 27 
35 10 73 70 33 12 79 48 31 14 
72 37 34 11 74 47 32 13 28 49 
--
28 5 26 23 30 7 62 11 32 9 
25 22 29 6 63 70 31 8 61 12 
4 27 24 71 46 75 64 69 10 33 
21 44 47 74 79 68 57 66 13 60 
48 3 72 45 76 65 78 59 34 55 
43 20 51 80 73 58 67 56 37 14 
2 49 18 41 52 77 16 39 54 35 
19 42 1 50 17 40 53 36 15 38 
--
35 68 15 64 33 10 13 6 31 8 
16 61 34 67 14 63 32 9 12 5 
69 36 65 62 77 72 11 56 7 30 
60 17 78 71 66 51 76 29 4 25 
37 70 59 50 73 80 57 26 55 28 
18 43 40 79 58 47 52 75 24 3 
41 38 45 20 49 74 1 22 27 54 
44 19 42 39 46 21 48 53 2 23 
--
13 30 65 34 11 28 41 24 9 26 
66 33 12 29 64 37 10 27 40 23 
31 14 59 74 35 42 61 38 25 8 
58 67 32 63 60 79 36 43 22 39 
15 54 73 68 75 62 1 48 7 44 
72 57 70 51 80 47 78 19 4 21 
53 16 55 76 69 18 49 2 45 6 
56 71 52 17 50 77 46 5 20 3 
--
28 5 38 55 26 7 64 53 24 9 
37 40 27 6 67 54 25 8 61 52 
4 29 56 39 74 63 68 65 10 23 
41 36 79 72 69 66 75 62 51 60 
30 3 42 57 78 73 70 59 22 11 
35 44 33 80 71 58 15 76 19 50 
2 31 46 43 14 77 48 17 12 21 
45 34 1 32 47 16 13 20 49 18 
--
6 25 4 11 8 37 52 13 70 35 
3 10 7 38 51 12 71 36 67 14 
26 5 24 9 80 53 66 63 34 69 
23 2 39 50 57 72 77 68 15 64 
40 27 46 1 54 79 62 65 76 33 
45 22 43 56 49 58 73 78 61 16 
28 41 20 47 30 55 18 59 32 75 
21 44 29 42 19 48 31 74 17 60 
--
7 4 57 34 19 2 49 32 17 22 
56 35 6 3 62 33 18 21 48 31 
5 8 55 58 1 20 73 50 23 16 
54 59 36 63 74 61 80 71 30 47 
9 64 53 60 69 72 51 78 15 24 
40 37 68 75 52 79 70 27 46 29 
65 10 39 42 67 12 77 44 25 14 
38 41 66 11 76 43 26 13 28 45 
--
29 8 27 22 31 6 37 20 33 4 
26 23 30 7 38 21 32 5 36 19 
9 28 25 42 67 54 39 52 3 34 
24 43 70 55 40 75 66 35 18 51 
57 10 41 76 65 68 53 80 63 2 
44 71 56 69 74 77 64 15 50 17 
11 58 73 46 13 60 79 48 1 62 
72 45 12 59 78 47 14 61 16 49 
--
6 9 26 61 44 11 42 75 54 13 
25 46 7 10 27 78 55 12 41 74 
8 5 60 45 62 43 76 79 14 53 
33 24 47 28 77 58 63 56 73 40 
4 29 34 59 48 67 80 69 52 15 
23 32 21 66 1 64 57 72 39 70 
20 3 30 35 18 49 68 37 16 51 
31 22 19 2 65 36 17 50 71 38 
--
42 53 40 13 44 57 72 15 78 67 
39 12 43 56 61 14 79 68 63 16 
54 41 52 45 58 71 62 73 66 77 
11 38 55 60 49 74 69 80 17 64 
32 51 46 37 70 59 48 65 76 25 
7 10 33 50 47 22 75 26 1 18 
34 31 8 5 36 29 20 3 24 27 
9 6 35 30 21 4 23 28 19 2 
--
67 28 13 26 69 74 11 44 41 72 
14 25 68 75 12 45 70 73 10 43 
29 66 27 46 79 76 51 42 71 40 
24 15 78 63 48 53 80 59 50 9 
65 30 47 54 77 62 49 52 39 60 
16 23 64 33 20 1 58 61 8 5 
31 34 21 18 55 36 3 6 57 38 
22 17 32 35 2 19 56 37 4 7 
--
39 10 31 68 37 12 35 16 59 14 
30 49 38 11 32 69 62 13 34 17 
9 40 29 48 67 36 33 58 15 60 
50 47 76 65 80 63 70 61 18 57 
41 8 51 28 75 66 79 22 71 24 
46 5 44 77 64 1 74 25 56 19 
7 42 3 52 27 78 21 54 23 72 
4 45 6 43 2 53 26 73 20 55 
--
10 57 36 51 12 53 48 19 14 17 
35 38 11 66 55 50 13 16 47 20 
58 9 56 37 52 65 54 49 18 15 
39 34 67 60 75 72 1 62 21 46 
8 59 40 71 64 61 74 79 2 25 
33 68 31 76 73 80 63 24 45 22 
30 7 70 41 28 5 78 43 26 3 
69 32 29 6 77 42 27 4 23 44 
--
19 2 29 44 17 78 31 64 15 12 
28 43 18 79 30 65 16 13 32 63 
3 20 1 50 45 74 77 62 11 14 
42 27 68 75 80 51 66 57 72 33 
21 4 49 46 67 76 73 34 61 10 
26 41 24 69 52 47 58 71 56 35 
5 22 39 48 7 70 37 54 9 60 
40 25 6 23 38 53 8 59 36 55 
--
7 4 9 28 25 2 35 30 23 56 
10 27 6 3 36 29 24 55 34 31 
5 8 37 26 1 60 71 32 57 22 
38 11 42 61 72 79 68 59 54 33 
41 46 39 80 67 70 65 74 21 58 
12 43 62 49 64 73 78 69 18 53 
47 40 45 14 77 66 51 16 75 20 
44 13 48 63 50 15 76 19 52 17 
--
6 59 52 29 8 61 44 15 10 13 
53 30 7 60 65 28 9 12 41 16 
58 5 74 51 62 45 64 43 14 11 
31 54 57 66 73 50 27 40 17 42 
4 67 32 75 56 63 46 49 26 39 
33 76 55 80 47 72 37 20 23 18 
68 3 78 35 70 1 48 25 38 21 
77 34 69 2 79 36 71 22 19 24 
--
64 53 56 9 62 41 24 7 26 39 
55 10 63 74 57 8 37 40 23 6 
52 65 54 61 46 73 42 25 38 27 
11 60 75 72 79 58 45 36 5 22 
66 51 68 59 76 47 78 43 28 35 
15 12 71 80 69 44 31 34 21 4 
50 67 14 17 48 77 2 19 32 29 
13 16 49 70 1 18 33 30 3 20 
--
55 20 39 34 43 22 41 32 3 24 
38 35 54 21 40 33 2 23 28 31 
19 56 37 44 53 42 79 30 25 4 
36 45 58 61 68 1 72 27 78 29 
57 18 63 52 59 74 67 80 5 26 
46 49 60 69 62 71 12 73 8 77 
17 64 51 48 15 66 75 10 13 6 
50 47 16 65 70 11 14 7 76 9 
--
33 16 35 2 31 58 53 4 29 26 
36 1 32 57 54 3 30 27 50 5 
17 34 15 62 69 56 59 52 25 28 
14 37 80 55 66 61 70 49 6 51 
77 18 63 68 79 72 65 60 47 24 
38 13 78 73 64 67 48 71 44 7 
19 76 11 40 21 74 9 42 23 46 
12 39 20 75 10 41 22 45 8 43 
--
16 37 18 59 14 35 74 57 12 33 
19 60 15 36 75 58 13 34 29 56 
38 17 76 63 66 73 70 55 32 11 
61 20 65 72 77 54 67 28 69 30 
48 39 62 53 64 71 78 31 10 27 
21 42 49 80 45 52 25 68 7 4 
40 47 44 23 50 79 2 5 26 9 
43 22 41 46 1 24 51 8 3 6 
--
62 17 24 27 52 19 22 3 40 43 
25 28 61 18 23 2 51 42 21 4 
16 63 26 53 74 59 20 39 44 41 
29 54 79 60 1 56 73 50 5 38 
64 15 30 55 78 75 58 45 72 49 
31 12 67 80 57 46 69 76 37 6 
14 65 10 33 68 77 8 35 48 71 
11 32 13 66 9 34 47 70 7 36 
--
44 33 46 17 42 35 2 19 22 37 
47 16 43 34 77 18 41 36 3 20 
32 45 78 61 70 1 56 21 38 23 
15 48 31 80 73 76 69 40 57 4 
30 79 60 75 62 71 58 55 24 39 
49 14 63 72 59 74 53 68 5 8 
64 29 12 51 66 27 10 7 54 25 
13 50 65 28 11 52 67 26 9 6 
--
70 43 38 11 68 59 36 13 32 55 
39 10 69 74 37 12 51 56 35 14 
44 71 42 67 58 73 60 33 54 31 
9 40 75 72 65 52 57 50 15 34 
78 45 66 41 76 61 64 53 30 23 
5 8 77 62 1 20 49 24 27 16 
46 79 6 3 48 63 18 29 22 25 
7 4 47 80 19 2 21 26 17 28 
--
5 66 35 26 7 78 33 28 9 48 
36 25 6 79 34 27 8 47 32 29 
65 4 67 70 73 52 77 30 49 10 
24 37 72 53 80 69 74 51 46 31 
3 64 1 68 71 62 45 76 11 50 
38 23 54 63 42 75 58 61 14 17 
55 2 21 40 57 44 19 16 59 12 
22 39 56 43 20 41 60 13 18 15 
--
8 11 6 29 38 13 44 57 40 15 
5 28 9 12 45 56 39 14 43 58 
10 7 30 37 32 53 68 59 16 41 
27 4 33 52 79 46 55 42 67 74 
34 23 36 31 54 69 78 73 60 17 
3 26 51 70 49 80 47 64 75 66 
22 35 24 1 20 63 72 77 18 61 
25 2 21 50 71 48 19 62 65 76 
--
32 35 46 13 78 37 48 15 58 19 
45 12 33 36 47 14 77 18 49 16 
34 31 44 73 38 79 52 59 20 57 
11 72 39 68 53 76 55 80 17 50 
30 43 64 71 74 69 60 51 56 21 
65 10 67 40 61 54 75 24 1 4 
42 29 8 63 70 27 6 3 22 25 
9 66 41 28 7 62 23 26 5 2 
--
9 44 11 34 7 42 65 32 5 2 
12 35 8 43 66 33 6 3 70 31 
45 10 59 50 41 64 71 68 1 4 
36 13 46 63 60 67 24 79 30 69 
47 58 49 40 51 78 61 72 23 80 
14 37 54 57 62 25 74 77 20 29 
55 48 39 16 75 52 27 18 73 22 
38 15 56 53 26 17 76 21 28 19 
--
5 8 3 40 55 10 23 38 35 12 
2 41 6 9 22 39 54 11 24 37 
7 4 43 66 51 56 45 36 13 34 
42 1 64 21 44 67 50 53 46 25 
61 20 71 80 65 52 57 68 33 14 
72 75 60 63 70 79 30 49 26 47 
19 62 77 74 17 58 69 28 15 32 
76 73 18 59 78 29 16 31 48 27 
--
25 44 19 2 23 42 17 70 77 40 
20 3 24 43 18 1 78 41 16 69 
45 26 61 22 59 48 71 80 39 76 
4 21 50 47 62 79 58 73 68 15 
27 46 29 60 49 72 63 56 75 38 
8 5 32 51 30 57 74 67 14 55 
33 28 7 10 35 64 53 12 37 66 
6 9 34 31 52 11 36 65 54 13 
--
49 16 47 42 63 18 77 22 65 20 
46 41 50 17 78 43 64 19 76 23 
15 48 45 62 59 70 73 80 21 66 
40 51 58 71 44 79 60 69 24 75 
55 14 39 52 61 72 1 74 67 32 
8 11 54 57 38 29 68 33 2 25 
13 56 9 6 53 36 27 4 31 34 
10 7 12 37 28 5 30 35 26 3 
--
8 19 6 23 10 21 46 71 40 37 
5 12 9 20 43 76 41 38 47 70 
18 7 24 11 22 45 72 75 36 39 
13 4 17 44 73 42 77 48 69 56 
16 25 14 31 80 49 74 55 78 35 
3 28 1 50 63 60 79 68 57 54 
26 15 30 61 32 65 52 59 34 67 
29 2 27 64 51 62 33 66 53 58 
--
39 54 5 20 37 52 3 18 71 50 
6 21 38 53 4 19 72 51 2 17 
55 40 79 36 77 58 1 16 49 70 
22 7 60 57 80 73 76 67 30 15 
41 56 35 78 59 66 31 74 69 48 
8 23 42 61 32 75 68 65 14 29 
43 34 25 10 45 62 27 12 47 64 
24 9 44 33 26 11 46 63 28 13 
--
20 3 30 57 18 1 54 69 16 13 
29 32 19 2 55 68 17 14 53 70 
4 21 56 31 58 51 80 61 12 15 
33 28 41 50 67 60 75 52 71 62 
22 5 34 59 42 79 66 77 46 11 
27 36 25 40 49 76 47 74 63 72 
6 23 38 35 8 43 78 65 10 45 
37 26 7 24 39 48 9 44 73 64 
--
42 15 32 37 44 17 30 53 46 19 
33 36 43 16 31 72 45 18 29 54 
14 41 34 71 38 49 52 69 20 47 
35 64 39 50 73 70 67 48 55 28 
40 13 76 25 66 51 80 27 68 21 
63 10 65 74 77 26 59 56 1 4 
12 75 8 61 24 79 6 3 22 57 
9 62 11 78 7 60 23 58 5 2 
--
15 68 17 44 13 64 39 42 11 8 
18 45 14 65 70 43 12 9 36 41 
67 16 69 56 63 38 77 40 7 10 
46 19 66 71 78 55 60 37 74 35 
23 80 57 62 59 76 73 54 29 6 
20 47 22 79 72 61 30 75 34 53 
1 24 49 58 3 26 51 32 5 28 
48 21 2 25 50 31 4 27 52 33 
--
44 17 48 15 50 35 60 3 52 55 
47 14 45 36 61 2 51 54 59 4 
18 43 16 49 68 71 34 75 56 53 
13 46 37 62 1 74 69 72 5 58 
38 19 42 67 70 33 80 57 76 29 
41 12 39 22 63 66 73 28 79 6 
20 23 10 65 32 25 8 77 30 27 
11 40 21 24 9 64 31 26 7 78 
--
16 39 18 41 14 69 48 43 12 55 
19 22 15 70 49 42 13 56 47 44 
38 17 40 21 76 51 68 45 54 11 
23 20 77 50 71 64 57 52 61 46 
26 37 24 75 30 67 62 65 10 53 
1 78 27 72 63 74 31 58 7 60 
36 25 80 3 34 29 66 5 32 9 
79 2 35 28 73 4 33 8 59 6 
--
50 15 34 19 48 17 32 61 2 5 
35 20 49 16 33 74 1 4 31 62 
14 51 36 75 18 47 60 79 6 3 
21 38 53 58 71 80 73 46 63 30 
52 13 70 37 76 59 68 29 78 7 
39 22 57 54 69 72 77 64 45 28 
12 55 24 41 10 67 26 43 8 65 
23 40 11 56 25 42 9 66 27 44 
--
18 45 16 59 20 43 62 39 2 41 
15 22 19 44 61 58 1 42 65 38 
46 17 60 21 70 53 66 63 40 3 
23 14 55 48 57 68 71 80 37 64 
26 47 24 69 54 79 52 67 4 75 
13 30 27 56 49 72 77 74 7 36 
28 25 32 11 78 51 34 9 76 5 
31 12 29 50 33 10 73 6 35 8 
--
6 29 52 35 8 31 64 15 10 13 
51 34 7 30 63 36 9 12 67 16 
28 5 50 53 32 61 68 65 14 11 
49 54 33 62 59 80 37 70 17 66 
4 27 48 77 56 69 60 79 38 71 
47 24 55 58 1 78 75 72 41 18 
26 3 22 45 76 57 20 43 74 39 
23 46 25 2 21 44 73 40 19 42 
--
35 38 49 10 51 40 73 12 53 16 
48 9 36 39 78 11 52 15 76 13 
37 34 47 50 41 72 77 74 17 54 
8 65 42 63 58 79 56 69 14 75 
33 46 31 66 71 68 59 80 55 18 
30 7 64 43 62 57 70 21 24 1 
45 32 5 28 67 60 3 26 19 22 
6 29 44 61 4 27 20 23 2 25 
--
12 71 32 35 10 77 56 37 8 5 
31 34 11 78 67 36 9 6 49 38 
72 13 70 33 76 55 80 57 4 7 
61 30 73 68 79 66 21 50 39 48 
14 69 60 65 54 75 58 1 20 3 
29 62 27 74 59 44 51 22 47 40 
26 15 64 53 24 17 42 45 2 19 
63 28 25 16 43 52 23 18 41 46 
--
12 67 14 65 10 71 28 57 8 5 
15 64 11 72 29 58 9 6 25 56 
68 13 66 61 70 27 78 55 4 7 
63 16 69 30 73 50 59 26 77 24 
46 31 62 43 60 79 76 41 54 3 
17 34 45 74 49 42 51 80 23 40 
32 47 36 19 44 75 38 21 2 53 
35 18 33 48 37 20 1 52 39 22 
--
15 74 25 28 13 64 69 30 11 8 
24 27 14 73 68 29 12 9 60 31 
75 16 79 26 65 72 63 70 7 10 
46 23 76 67 78 53 40 59 32 61 
17 80 45 54 39 66 71 62 41 6 
22 47 20 77 52 55 42 35 58 33 
1 18 49 44 3 38 51 56 5 36 
48 21 2 19 50 43 4 37 34 57 
--
44 19 42 37 46 21 2 23 58 27 
41 38 45 20 1 36 79 26 3 24 
18 43 40 47 78 71 22 57 28 59 
39 48 67 72 55 80 35 74 25 4 
68 17 54 77 70 73 56 29 60 31 
49 14 69 66 53 34 75 32 5 8 
16 65 12 51 76 63 10 7 30 61 
13 50 15 64 11 52 33 62 9 6 
--
41 18 43 52 39 20 1 72 37 22 
44 53 40 19 56 73 38 21 2 71 
17 42 55 74 51 58 69 80 23 36 
54 45 50 57 76 79 62 59 70 3 
29 16 75 46 61 64 77 68 35 24 
10 13 28 49 78 47 60 63 4 67 
15 30 11 8 27 32 65 6 25 34 
12 9 14 31 48 7 26 33 66 5 
--
12 57 60 29 10 53 70 27 8 5 
59 30 11 52 71 28 9 6 69 26 
56 13 58 61 54 67 72 47 4 7 
31 62 55 74 51 64 21 68 25 48 
14 75 44 63 66 73 46 49 20 3 
43 32 79 76 45 50 65 22 37 24 
78 15 34 41 80 17 36 39 2 19 
33 42 77 16 35 40 1 18 23 38 
--
10 13 8 39 36 15 54 49 34 17 
7 38 11 14 79 50 35 16 53 48 
12 9 70 37 40 55 78 51 18 33 
63 6 41 74 61 80 43 56 47 52 
26 71 62 69 42 73 60 77 32 19 
5 64 25 72 75 68 1 44 57 46 
24 27 66 3 22 29 76 59 20 31 
65 4 23 28 67 2 21 30 45 58 
--
3 22 5 24 1 54 17 36 79 52 
6 25 2 55 18 37 80 53 16 35 
21 4 23 38 73 66 59 64 51 78 
26 7 56 19 58 63 74 77 34 15 
43 20 39 62 67 72 65 60 75 50 
8 27 44 57 40 61 76 71 14 33 
45 42 29 10 47 68 31 12 49 70 
28 9 46 41 30 11 48 69 32 13 
--
21 42 23 52 19 40 61 76 17 38 
24 1 20 41 60 77 18 39 34 75 
43 22 51 80 53 62 73 78 37 16 
2 25 54 59 72 79 64 33 74 35 
55 44 71 50 63 66 69 36 15 32 
26 3 58 67 70 49 30 65 12 9 
45 56 5 28 47 68 7 10 31 14 
4 27 46 57 6 29 48 13 8 11 
--
13 28 15 26 11 46 73 42 9 44 
16 23 12 47 74 25 10 45 72 41 
29 14 27 24 55 76 69 78 43 8 
22 17 48 75 52 79 56 67 40 71 
49 30 21 54 57 68 77 70 7 62 
18 33 58 51 80 53 66 61 4 39 
31 50 35 20 65 60 37 2 63 6 
34 19 32 59 36 1 64 5 38 3 
--
27 12 53 48 25 10 43 6 23 8 
52 49 26 11 54 47 24 9 42 5 
13 28 51 60 65 44 79 46 7 22 
50 59 66 55 74 71 64 21 4 41 
29 14 61 72 63 80 45 78 35 20 
58 67 56 75 70 73 36 1 40 3 
15 30 69 62 17 32 77 38 19 34 
68 57 16 31 76 37 18 33 2 39 
--
6 9 4 27 48 11 64 15 46 13 
3 26 7 10 65 50 47 12 61 16 
8 5 28 49 52 71 66 63 14 45 
25 2 53 72 79 68 51 60 17 62 
54 29 78 1 74 59 70 67 44 35 
77 24 73 58 69 80 43 36 39 18 
30 55 22 75 32 57 20 41 34 37 
23 76 31 56 21 42 33 38 19 40 
--
6 29 4 27 8 57 74 15 10 13 
3 26 7 58 75 70 9 12 63 16 
30 5 28 71 56 73 64 79 14 11 
25 2 55 76 59 80 69 66 17 62 
50 31 48 1 72 65 78 61 68 37 
47 24 51 54 77 60 67 38 41 18 
32 49 22 45 34 53 20 43 36 39 
23 46 33 52 21 44 35 40 19 42 
--
17 76 19 40 15 72 47 42 13 52 
20 39 16 73 48 41 14 53 46 43 
75 18 77 38 71 58 63 44 51 12 
78 21 74 59 80 49 54 57 62 45 
33 66 79 70 37 64 61 50 11 56 
22 69 32 65 60 1 26 55 8 5 
31 34 67 24 29 36 3 6 27 10 
68 23 30 35 2 25 28 9 4 7 
--
21 60 3 58 19 68 31 48 17 50 
4 57 20 69 2 53 18 51 30 47 
61 22 59 54 75 32 67 28 49 16 
56 5 76 63 70 1 52 33 46 29 
23 62 55 80 37 74 27 66 15 34 
6 77 38 73 64 71 36 43 12 45 
39 24 79 8 41 26 65 10 35 14 
78 7 40 25 72 9 42 13 44 11 
--
12 35 14 75 10 33 52 29 8 31 
15 66 11 34 51 74 9 32 25 28 
36 13 78 63 76 53 48 27 30 7 
65 16 67 56 79 50 73 24 47 26 
58 37 64 77 62 69 54 49 6 23 
17 40 57 68 55 80 21 72 3 46 
38 59 42 19 70 61 44 1 22 5 
41 18 39 60 43 20 71 4 45 2 
--
20 63 2 37 18 61 44 39 16 59 
3 36 19 62 1 38 17 60 43 40 
64 21 66 35 70 45 80 41 58 15 
49 4 71 46 77 34 69 32 79 42 
22 65 48 67 72 75 78 57 14 31 
5 50 25 76 47 68 33 74 11 56 
26 23 52 7 28 73 54 9 30 13 
51 6 27 24 53 8 29 12 55 10 
--
51 12 31 16 49 14 29 70 47 2 
32 17 50 13 30 71 48 1 28 69 
11 52 33 58 15 62 79 68 3 46 
18 35 54 63 72 59 74 61 80 27 
53 10 57 34 75 78 67 26 45 4 
36 19 64 55 66 73 60 77 42 25 
9 56 21 38 7 76 23 40 5 44 
20 37 8 65 22 39 6 43 24 41 
--
