--
43 16 27 2 41 56 29 4 33 36 
26 1 42 85 28 3 40 35 30 5 
17 44 15 52 55 84 57 32 37 34 
14 25 90 79 86 53 60 39 6 31 
45 18 51 54 89 78 83 58 61 38 
24 13 80 87 82 59 68 77 72 7 
19 46 21 50 75 88 73 64 69 62 
12 23 48 81 10 67 76 71 8 65 
47 20 11 22 49 74 9 66 63 70 
--
77 16 87 14 75 42 35 2 33 44 
88 13 76 79 86 1 74 43 36 3 
17 78 15 90 71 84 41 34 45 32 
12 89 80 85 40 73 54 69 4 37 
81 18 59 72 83 70 39 52 31 46 
22 11 82 63 60 53 68 55 38 5 
19 64 21 58 67 62 51 28 47 30 
10 23 66 61 8 25 56 49 6 27 
65 20 9 24 57 50 7 26 29 48 
--
67 12 69 50 39 14 37 18 41 16 
70 51 66 13 88 49 40 15 36 19 
11 68 81 76 65 38 87 48 17 42 
52 71 58 89 80 83 64 1 20 35 
57 10 77 82 75 90 47 86 43 2 
28 53 72 59 84 79 74 63 34 21 
9 56 27 78 73 60 85 46 3 44 
26 29 54 7 24 31 62 5 22 33 
55 8 25 30 61 6 23 32 45 4 
--
47 24 5 20 45 76 3 18 43 74 
6 21 46 77 4 19 44 75 2 17 
25 48 23 66 81 78 1 16 73 42 
22 7 80 63 84 67 82 71 36 15 
49 26 65 68 79 88 37 90 41 72 
8 53 62 85 64 83 70 87 14 35 
27 50 29 54 69 86 89 38 57 40 
30 9 52 61 32 11 56 59 34 13 
51 28 31 10 55 60 33 12 39 58 
--
21 40 25 4 23 58 77 6 73 56 
26 3 22 45 76 5 74 57 80 7 
41 20 39 24 59 88 81 78 55 72 
2 27 44 89 46 75 60 85 8 79 
19 42 1 38 61 84 87 82 71 54 
28 15 34 43 90 47 70 53 86 9 
33 18 31 48 37 62 83 68 65 52 
14 29 16 35 12 69 50 63 10 67 
17 32 13 30 49 36 11 66 51 64 
--
40 1 18 23 42 79 16 25 28 75 
19 22 41 90 17 24 73 76 15 26 
2 39 20 43 80 89 78 27 74 29 
21 44 83 66 87 62 85 72 77 14 
38 3 58 81 84 67 88 61 30 71 
45 82 65 68 59 86 63 70 13 54 
4 37 48 57 64 69 60 55 10 31 
49 46 35 6 51 56 33 8 53 12 
36 5 50 47 34 7 52 11 32 9 
--
71 30 21 34 69 64 19 36 39 54 
22 33 70 65 20 35 84 53 18 37 
29 72 31 68 85 82 63 38 55 40 
32 23 74 79 66 89 58 83 52 17 
73 28 67 90 81 86 77 62 41 56 
24 1 80 75 78 59 88 57 16 51 
7 4 27 46 87 76 61 48 13 42 
2 25 6 9 60 47 44 11 50 15 
5 8 3 26 45 10 49 14 43 12 
--
44 39 58 23 46 37 2 25 28 35 
59 22 45 38 57 24 47 36 3 26 
40 43 60 89 48 1 54 27 34 29 
21 74 41 68 83 56 49 32 53 4 
42 61 88 75 90 67 82 55 30 33 
73 20 69 78 87 84 31 50 5 52 
62 17 76 85 70 79 66 81 8 11 
19 72 15 64 77 86 13 10 51 6 
16 63 18 71 14 65 80 7 12 9 
--
47 24 5 20 45 76 3 18 43 74 
6 21 46 77 4 19 44 75 2 17 
25 48 23 66 87 78 1 16 73 42 
22 7 88 79 64 67 86 71 36 15 
49 26 65 68 83 90 37 62 41 72 
8 53 82 89 80 63 70 85 14 35 
27 50 29 54 69 84 61 38 57 40 
30 9 52 81 32 11 56 59 34 13 
51 28 31 10 55 60 33 12 39 58 
--
14 33 38 61 12 67 30 5 10 7 
39 60 13 32 37 70 11 8 29 4 
34 15 62 71 66 31 68 79 6 9 
63 40 59 36 69 80 75 28 3 78 
16 35 72 65 74 57 84 77 82 27 
41 64 43 58 85 76 81 56 89 2 
20 17 46 73 44 51 90 83 26 55 
47 42 19 22 49 86 53 24 1 88 
18 21 48 45 52 23 50 87 54 25 
--
79 16 69 14 77 46 35 2 33 44 
70 13 78 89 68 1 66 45 36 3 
17 80 15 76 61 88 47 34 43 32 
12 71 74 83 90 67 60 65 4 37 
73 18 81 62 75 84 87 48 31 42 
22 11 72 85 82 57 64 59 38 5 
19 52 21 56 63 86 49 28 41 30 
10 23 54 51 8 25 58 39 6 27 
53 20 9 24 55 50 7 26 29 40 
--
10 35 8 73 12 33 52 79 26 31 
7 14 11 34 75 80 27 32 51 78 
36 9 74 13 72 53 90 77 30 25 
15 6 57 54 87 76 81 28 83 50 
56 37 16 71 58 1 86 89 24 29 
5 60 55 64 69 88 45 82 49 84 
38 17 70 59 2 65 68 85 44 23 
61 4 19 40 63 46 21 42 67 48 
18 39 62 3 20 41 66 47 22 43 
--
47 16 39 14 45 70 37 2 33 68 
40 13 46 71 38 1 74 69 36 3 
17 48 15 44 73 76 85 34 67 32 
12 41 72 57 78 43 90 75 4 35 
49 18 55 42 81 84 77 86 31 66 
22 11 58 79 56 87 82 89 62 5 
19 50 21 54 83 80 61 28 65 30 
10 23 52 59 8 25 88 63 6 27 
51 20 9 24 53 60 7 26 29 64 
--
34 17 38 15 36 43 74 3 50 47 
39 14 35 44 75 2 49 46 73 4 
18 33 16 37 42 45 78 85 48 51 
13 40 31 76 1 86 61 52 5 72 
32 19 26 41 62 77 90 79 84 53 
25 12 63 30 87 60 83 54 71 6 
20 27 22 59 82 65 80 89 68 55 
11 24 29 64 9 88 57 66 7 70 
28 21 10 23 58 81 8 69 56 67 
--
37 2 19 46 35 44 17 68 33 30 
20 47 36 43 18 71 34 31 16 67 
3 38 1 58 45 42 69 72 29 32 
48 21 60 41 70 85 76 27 66 15 
39 4 57 90 59 82 73 84 75 28 
22 49 40 61 86 89 26 77 14 65 
5 52 87 56 81 62 83 74 11 78 
50 23 54 7 88 25 80 9 64 13 
53 6 51 24 55 8 63 12 79 10 
--
89 16 1 38 83 56 13 36 33 54 
2 39 88 57 14 37 82 55 12 35 
17 90 15 84 77 68 65 34 53 32 
40 3 58 87 66 81 76 69 64 11 
45 18 85 72 75 78 67 80 31 52 
4 41 46 59 86 73 70 63 10 27 
19 44 21 74 71 60 79 28 51 30 
22 5 42 47 24 7 62 49 26 9 
43 20 23 6 61 48 25 8 29 50 
--
64 57 52 19 88 77 50 21 46 79 
53 18 65 62 51 20 85 78 49 22 
58 63 56 87 82 89 76 47 80 45 
17 54 61 66 71 86 81 84 23 48 
38 59 72 55 90 83 70 75 44 9 
31 16 39 60 67 74 43 10 69 24 
34 37 32 73 42 1 68 25 8 5 
15 30 35 40 13 28 3 6 11 26 
36 33 14 29 2 41 12 27 4 7 
--
30 7 28 63 32 9 60 13 34 11 
27 70 31 8 67 62 33 10 59 14 
6 29 66 69 64 87 58 61 12 35 
71 26 81 90 77 68 47 88 15 56 
82 5 76 65 86 89 78 57 36 49 
25 72 83 80 1 46 85 48 55 16 
4 75 22 43 84 79 54 39 50 37 
21 24 73 2 19 42 45 52 17 40 
74 3 20 23 44 53 18 41 38 51 
--
47 2 19 78 45 36 17 34 43 38 
20 79 46 75 18 77 44 37 16 33 
3 48 1 82 85 74 35 64 39 42 
80 21 86 69 76 63 84 41 32 15 
49 4 81 90 83 60 73 62 65 40 
22 87 68 59 70 89 66 57 14 31 
5 50 25 88 67 58 61 72 11 56 
26 23 52 7 28 71 54 9 30 13 
51 6 27 24 53 8 29 12 55 10 
--
4 23 32 27 6 25 34 45 8 11 
31 28 5 24 33 82 7 10 35 46 
22 3 30 83 26 71 44 81 12 9 
29 60 63 72 75 84 79 70 47 36 
2 21 74 61 86 69 76 43 80 13 
59 62 1 64 73 78 85 48 37 42 
20 65 58 87 68 53 40 77 14 49 
57 90 67 18 55 88 51 16 41 38 
66 19 56 89 52 17 54 39 50 15 
--
42 31 44 5 40 33 90 3 38 17 
45 6 41 32 87 4 39 16 85 2 
30 43 68 47 34 89 86 1 18 37 
7 46 29 88 67 76 35 84 15 80 
28 55 48 69 60 83 78 81 36 19 
49 8 59 56 77 66 75 20 79 14 
54 27 52 61 70 57 82 65 74 21 
9 50 25 58 11 62 23 72 13 64 
26 53 10 51 24 71 12 63 22 73 
--
14 17 54 57 78 19 52 23 84 21 
55 36 15 18 53 82 89 20 51 24 
16 13 56 79 58 77 50 83 22 85 
35 62 37 60 75 88 81 90 25 48 
12 39 70 67 80 59 76 49 86 1 
63 34 61 38 69 74 87 28 47 26 
40 11 68 71 66 29 44 73 2 5 
33 64 9 42 31 72 7 4 27 46 
10 41 32 65 8 43 30 45 6 3 
--
27 24 5 20 59 44 3 18 57 42 
6 21 26 45 4 19 58 43 2 17 
25 28 23 60 81 84 1 16 41 56 
22 7 46 89 62 79 82 85 70 15 
29 64 61 80 83 90 73 76 55 40 
8 47 88 63 78 75 86 71 14 69 
33 30 65 50 87 72 77 74 39 54 
48 9 32 35 66 11 52 37 68 13 
31 34 49 10 51 36 67 12 53 38 
--
14 31 46 51 12 29 36 69 10 27 
45 50 13 30 47 70 11 28 37 68 
32 15 48 59 52 35 74 67 26 9 
49 44 53 34 87 80 71 38 73 66 
16 33 60 81 58 75 88 79 8 25 
43 54 17 90 61 86 39 72 65 78 
18 1 82 57 40 89 76 85 24 7 
55 42 3 20 83 62 5 22 77 64 
2 19 56 41 4 21 84 63 6 23 
--
41 30 43 4 39 32 77 2 37 16 
44 5 40 31 80 3 38 15 78 1 
29 42 67 70 33 76 79 90 17 36 
6 45 28 81 68 87 34 75 14 85 
27 52 69 66 71 82 89 86 35 18 
46 7 72 53 88 65 74 19 84 13 
51 26 49 64 73 54 83 62 59 20 
8 47 24 55 10 63 22 57 12 61 
25 50 9 48 23 56 11 60 21 58 
--
44 41 60 31 46 1 52 29 48 3 
59 32 45 42 87 30 47 2 51 28 
40 43 86 61 82 53 90 71 4 49 
33 58 39 54 85 88 81 50 27 70 
16 55 62 83 64 79 76 89 72 5 
57 34 17 38 77 84 65 80 69 26 
12 15 56 63 20 23 78 75 6 73 
35 18 13 10 37 66 21 8 25 68 
14 11 36 19 22 9 24 67 74 7 
--
12 59 34 57 10 79 30 73 8 5 
35 56 11 80 33 72 9 6 29 74 
60 13 58 55 78 31 90 75 4 7 
53 36 81 32 83 76 71 2 87 28 
14 61 54 77 70 1 86 89 44 3 
37 52 39 82 63 84 43 68 27 88 
18 15 62 49 40 69 64 85 24 45 
51 38 17 20 65 42 47 22 67 26 
16 19 50 41 48 21 66 25 46 23 
--
41 30 43 10 39 32 69 12 37 16 
44 9 40 31 70 11 38 15 84 13 
29 42 71 46 33 68 83 80 17 36 
8 45 28 67 82 79 34 85 14 89 
27 54 47 72 59 86 81 90 35 18 
48 7 58 55 66 61 78 19 88 1 
53 26 51 60 73 56 87 62 77 20 
6 49 24 57 4 65 22 75 2 63 
25 52 5 50 23 74 3 64 21 76 
--
17 48 19 82 15 46 31 44 13 10 
20 83 16 47 32 77 14 11 30 43 
49 18 79 88 81 34 45 72 9 12 
86 21 84 33 78 73 76 35 42 29 
61 50 87 80 89 66 71 74 37 8 
22 85 60 65 70 75 36 67 28 41 
51 62 53 90 59 68 57 38 7 4 
54 23 64 69 56 25 2 5 40 27 
63 52 55 24 1 58 39 26 3 6 
--
21 24 43 4 45 26 51 6 47 28 
42 3 22 25 56 5 46 27 52 7 
23 20 57 44 71 78 55 50 29 48 
2 41 70 85 58 81 72 77 8 53 
19 68 1 82 79 84 75 54 49 30 
40 15 86 69 90 59 80 73 76 9 
67 18 65 38 83 74 89 60 31 34 
14 39 16 87 12 63 36 33 10 61 
17 66 13 64 37 88 11 62 35 32 
--
10 29 66 35 8 27 44 39 6 25 
65 34 9 28 71 38 7 26 43 40 
30 11 64 67 36 45 80 41 24 5 
63 68 33 70 81 72 37 46 79 42 
12 31 84 73 52 75 82 77 4 23 
85 62 69 32 83 90 51 56 47 78 
16 13 86 89 74 53 76 1 22 3 
61 88 15 18 59 50 55 20 57 48 
14 17 60 87 54 19 58 49 2 21 
--
41 18 39 36 43 16 71 34 45 14 
38 23 42 17 74 35 44 15 72 33 
19 40 37 84 79 76 73 70 13 46 
24 85 22 75 64 83 80 77 32 69 
1 20 65 86 89 78 63 82 47 12 
56 25 90 21 66 81 88 61 68 31 
5 2 55 58 87 62 67 50 11 48 
26 57 4 7 28 53 60 9 30 51 
3 6 27 54 59 8 29 52 49 10 
--
16 67 40 29 14 69 84 7 12 9 
41 30 15 68 85 28 13 10 89 6 
66 17 72 39 70 61 90 83 8 11 
31 42 65 62 73 86 27 58 5 88 
18 63 38 71 60 1 82 87 26 57 
37 32 43 64 81 74 59 2 79 4 
44 19 50 35 48 53 80 75 56 25 
33 36 21 46 51 76 23 54 3 78 
20 45 34 49 22 47 52 77 24 55 
--
8 11 6 45 38 13 50 47 40 15 
5 30 9 12 79 46 39 14 51 48 
10 7 88 37 44 65 82 49 16 41 
31 4 29 78 83 80 43 66 59 52 
28 89 36 87 68 75 64 81 42 17 
3 32 69 84 77 86 67 60 53 58 
70 27 90 35 74 63 76 57 18 21 
33 2 25 72 85 56 23 20 61 54 
26 71 34 1 24 73 62 55 22 19 
--
38 33 36 13 40 49 56 15 76 73 
35 12 39 50 55 14 77 74 57 16 
32 37 34 41 48 53 58 81 72 75 
11 42 45 54 51 82 47 78 17 84 
44 31 26 65 46 59 52 83 80 71 
25 10 43 30 1 64 79 60 85 18 
4 7 22 27 66 29 86 89 70 61 
9 24 5 2 21 90 63 68 19 88 
6 3 8 23 28 67 20 87 62 69 
--
51 30 7 26 49 58 9 24 21 44 
6 27 50 57 8 25 48 43 10 23 
31 52 29 64 85 56 59 22 45 20 
28 5 86 55 60 65 84 47 42 11 
53 32 63 90 83 80 61 70 19 46 
4 87 54 81 62 89 66 79 12 41 
33 74 35 88 1 82 71 16 69 18 
36 3 76 73 38 15 78 67 40 13 
75 34 37 2 77 72 39 14 17 68 
--
44 17 2 57 42 75 14 55 40 37 
3 58 43 76 15 56 41 38 13 54 
18 45 16 1 78 81 74 85 36 39 
59 4 77 82 73 86 89 80 53 12 
46 19 60 63 90 79 84 65 88 35 
5 62 69 72 83 64 87 52 11 28 
20 47 22 61 68 71 66 29 34 31 
23 6 49 70 25 8 51 32 27 10 
48 21 24 7 50 67 26 9 30 33 
--
26 3 44 53 28 5 46 9 30 7 
43 54 27 4 45 52 29 6 47 10 
2 25 58 55 62 89 48 51 8 31 
59 42 61 90 65 56 63 88 11 50 
24 1 66 57 78 85 82 49 32 87 
41 60 79 84 81 64 77 86 73 12 
20 23 18 67 76 83 74 35 70 33 
17 40 21 80 15 38 69 72 13 36 
22 19 16 39 68 75 14 37 34 71 
--
12 51 32 35 14 49 42 37 16 19 
31 34 13 50 43 36 15 18 41 38 
52 11 70 33 54 87 48 39 20 17 
67 30 53 86 69 44 55 90 47 40 
10 77 68 71 80 85 88 45 2 21 
29 66 81 78 83 72 1 56 89 46 
76 9 74 63 26 79 84 59 22 3 
65 28 7 82 73 62 5 24 57 60 
8 75 64 27 6 25 58 61 4 23 
--
57 8 25 30 63 6 23 32 39 4 
26 29 56 7 24 31 72 5 22 33 
9 58 27 64 87 62 35 38 3 40 
28 55 88 61 36 73 86 71 34 21 
59 10 65 82 85 90 37 80 41 2 
54 83 60 89 74 81 70 1 20 49 
11 66 75 84 69 46 79 50 17 42 
76 53 68 13 78 51 44 15 48 19 
67 12 77 52 45 14 47 18 43 16 
--
50 17 72 3 52 47 36 5 34 45 
73 2 51 48 77 4 53 46 37 6 
18 49 16 71 54 67 78 35 44 33 
15 74 1 82 79 76 55 68 7 38 
84 19 80 75 70 89 66 61 32 43 
23 14 83 90 81 60 69 56 39 8 
20 85 22 59 88 65 62 29 42 31 
13 24 87 64 11 26 57 40 9 28 
86 21 12 25 58 63 10 27 30 41 
--
9 44 7 72 11 42 49 68 13 40 
6 73 10 43 70 83 12 41 50 67 
45 8 71 84 77 48 69 86 39 14 
74 5 80 47 88 85 82 37 66 51 
29 46 89 76 81 78 87 56 15 38 
4 75 28 79 90 57 36 65 52 55 
27 30 61 58 35 64 53 18 21 16 
60 3 32 25 62 1 34 23 54 19 
31 26 59 2 33 24 63 20 17 22 
--
9 44 11 42 7 52 23 72 5 2 
12 41 8 53 24 73 6 3 22 71 
45 10 43 66 51 26 89 70 1 4 
40 13 54 25 76 65 74 27 88 21 
55 46 63 50 67 84 81 90 69 28 
14 39 56 77 64 75 68 83 20 87 
47 62 49 36 59 82 85 80 29 32 
38 15 60 57 78 17 34 31 86 19 
61 48 37 16 35 58 79 18 33 30 
--
72 21 74 11 56 23 48 9 50 25 
75 12 71 22 77 10 57 24 47 8 
20 73 76 83 70 55 66 49 26 51 
13 86 19 78 67 84 69 58 7 46 
18 35 88 85 82 63 54 65 52 27 
87 14 79 34 89 68 59 28 45 6 
36 17 90 81 62 33 64 53 42 29 
1 80 15 38 3 60 31 40 5 44 
16 37 2 61 32 39 4 43 30 41 
--
30 33 40 5 60 63 42 3 46 89 
39 6 31 34 41 4 61 90 43 2 
32 29 38 59 62 71 64 45 88 47 
7 58 35 72 55 66 85 78 1 44 
28 37 54 57 84 77 70 65 48 87 
21 8 73 36 67 56 79 86 69 14 
24 27 22 53 76 83 68 15 80 49 
9 20 25 74 11 18 51 82 13 16 
26 23 10 19 52 75 12 17 50 81 
--
48 55 42 13 46 37 40 15 76 35 
43 12 47 80 41 14 75 36 39 16 
54 49 56 45 68 79 38 73 34 77 
11 44 83 52 81 74 69 78 17 72 
50 53 26 57 84 67 86 71 88 33 
25 10 51 82 1 70 89 32 65 18 
4 7 22 27 58 85 66 87 62 31 
9 24 5 2 21 90 29 60 19 64 
6 3 8 23 28 59 20 63 30 61 
--
8 5 28 13 52 3 32 15 50 47 
27 12 7 4 29 14 51 48 31 16 
6 9 26 73 2 53 30 33 46 49 
25 62 11 54 69 74 83 44 17 34 
10 55 72 75 84 1 70 35 82 45 
61 24 63 68 71 86 77 90 43 18 
56 65 58 85 76 89 36 79 40 81 
23 60 67 64 21 78 87 38 19 42 
66 57 22 59 88 37 20 41 80 39 
--
47 38 41 18 49 44 23 20 3 72 
40 17 48 45 42 19 2 73 24 21 
37 46 39 50 57 74 43 22 71 4 
16 51 58 67 80 1 76 69 78 25 
59 36 65 56 75 68 79 90 5 70 
52 15 60 81 66 87 62 77 26 85 
35 12 55 64 61 82 89 86 29 6 
14 53 10 33 88 63 8 31 84 27 
11 34 13 54 9 32 83 28 7 30 
--
57 40 47 30 85 42 45 28 75 2 
48 31 56 41 46 29 84 1 44 27 
39 58 49 86 55 90 43 76 3 74 
32 53 38 59 78 83 72 89 26 69 
15 50 79 54 87 60 77 70 73 4 
52 33 16 37 82 71 88 61 68 25 
11 14 51 80 19 22 67 64 5 62 
34 17 12 9 36 81 20 7 24 65 
13 10 35 18 21 8 23 66 63 6 
--
52 39 42 21 2 49 44 9 4 7 
41 20 53 50 43 22 3 6 47 10 
38 51 40 1 56 83 48 45 8 5 
19 54 57 84 65 78 23 86 11 46 
58 37 64 55 90 85 82 77 24 73 
33 18 89 66 79 76 87 74 81 12 
36 59 34 63 88 67 80 27 72 25 
17 32 61 68 15 30 75 70 13 28 
60 35 16 31 62 69 14 29 26 71 
--
42 31 44 5 40 33 80 3 38 17 
45 6 41 32 81 4 39 16 79 2 
30 43 68 59 34 87 82 1 18 37 
7 46 29 88 67 76 35 86 15 78 
28 53 60 69 58 83 90 77 36 19 
47 8 57 54 89 66 75 20 85 14 
52 27 50 61 70 55 84 65 74 21 
9 48 25 56 11 62 23 72 13 64 
26 51 10 49 24 71 12 63 22 73 
--
23 10 25 42 21 12 51 40 19 14 
26 43 22 11 52 41 20 13 50 39 
9 24 47 44 85 54 49 58 15 18 
46 27 80 53 48 57 86 17 38 59 
73 8 45 84 71 88 55 60 69 16 
28 81 72 79 56 83 70 87 62 37 
7 74 31 82 89 78 61 66 1 68 
32 29 76 5 34 65 90 3 36 63 
75 6 33 30 77 4 35 64 67 2 
--
18 49 76 37 16 51 60 35 14 11 
77 38 17 50 75 36 15 12 63 34 
48 19 78 85 52 59 74 61 10 13 
39 88 47 58 79 86 29 64 33 62 
20 1 84 87 66 53 82 73 28 9 
89 40 57 46 83 80 65 30 71 32 
2 21 90 67 54 45 72 81 8 27 
41 56 23 4 43 68 25 6 31 70 
22 3 42 55 24 5 44 69 26 7 
--
50 25 22 11 76 47 20 13 74 45 
23 10 51 48 21 12 75 46 17 14 
26 49 24 77 54 81 16 19 44 73 
9 52 55 84 63 78 89 80 15 18 
56 27 62 53 82 85 68 1 72 43 
31 8 83 64 67 90 79 88 37 2 
28 57 30 61 86 65 38 69 42 71 
7 32 59 66 5 34 87 40 3 36 
58 29 6 33 60 39 4 35 70 41 
--
10 49 8 63 12 47 66 43 14 45 
7 54 11 48 65 74 13 46 67 42 
50 9 64 73 62 77 68 81 44 15 
55 6 53 78 69 82 75 90 41 84 
32 51 72 61 76 87 80 83 16 89 
5 56 33 52 79 70 1 88 85 40 
34 31 60 71 26 37 86 19 22 17 
57 4 29 36 59 2 27 24 39 20 
30 35 58 3 28 25 38 21 18 23 
--
10 13 52 65 48 15 50 35 46 17 
53 68 11 14 51 64 47 16 37 34 
12 9 66 81 88 49 36 61 18 45 
67 54 69 76 63 80 85 44 33 38 
8 27 82 87 84 89 62 39 60 19 
55 70 77 28 75 86 79 90 43 32 
26 7 74 83 78 29 40 59 20 1 
71 56 5 24 73 58 3 22 31 42 
6 25 72 57 4 23 30 41 2 21 
--
15 52 13 64 17 50 57 46 19 48 
12 65 16 51 68 63 18 49 58 45 
53 14 67 74 77 56 69 62 47 20 
66 11 76 55 72 87 78 41 44 59 
7 54 73 88 75 70 61 86 21 42 
10 81 8 71 90 79 40 43 60 29 
3 6 89 80 37 26 85 30 33 22 
82 9 4 1 84 39 24 35 28 31 
5 2 83 38 25 36 27 32 23 34 
--
60 21 62 3 58 23 50 5 52 25 
63 2 59 22 65 4 57 24 49 6 
20 61 64 87 56 71 66 51 26 53 
1 76 19 74 67 88 55 72 7 48 
18 35 90 77 86 73 70 47 54 27 
81 14 75 34 89 68 85 28 45 8 
36 17 80 83 78 33 46 69 42 29 
13 82 15 38 11 84 31 40 9 44 
16 37 12 79 32 39 10 43 30 41 
--
48 25 6 21 46 57 4 19 44 55 
7 22 47 58 5 20 45 56 3 18 
26 49 24 61 90 51 2 17 54 43 
23 8 85 50 59 62 89 52 37 16 
80 27 60 87 70 1 38 65 42 53 
9 86 79 84 63 88 69 74 15 36 
28 81 30 71 78 75 64 39 66 41 
31 10 83 76 33 12 73 68 35 14 
82 29 32 11 72 77 34 13 40 67 
--
24 27 60 11 62 29 78 13 32 35 
59 10 25 28 79 12 31 34 77 14 
26 23 68 61 30 63 82 89 36 33 
9 58 21 80 67 84 39 76 15 88 
22 51 66 69 64 81 90 83 40 37 
53 8 57 20 85 70 75 38 87 16 
50 5 52 65 56 1 86 71 44 41 
7 54 3 48 19 74 43 46 17 72 
4 49 6 55 2 47 18 73 42 45 
--
3 28 71 74 1 26 51 22 79 24 
72 31 2 27 70 89 76 25 50 21 
29 4 73 90 75 52 55 80 23 78 
32 85 30 53 60 69 88 77 20 49 
5 40 61 84 87 54 59 56 81 16 
62 33 86 39 68 57 82 17 48 19 
41 6 67 64 83 38 45 58 15 12 
34 63 8 43 36 65 10 13 18 47 
7 42 35 66 9 44 37 46 11 14 
--
48 29 26 5 80 45 24 3 20 63 
27 6 49 46 25 4 79 64 23 2 
30 47 28 77 66 81 44 21 62 19 
7 50 67 84 43 78 65 88 1 22 
68 31 76 51 82 85 42 61 18 89 
35 8 83 72 75 52 87 90 41 14 
32 69 34 53 86 73 60 15 56 17 
9 36 71 74 11 38 55 58 13 40 
70 33 10 37 54 59 12 39 16 57 
--
44 23 2 19 42 61 14 17 40 59 
3 20 43 62 1 18 41 60 13 16 
24 45 22 73 68 89 84 15 58 39 
21 4 63 90 81 72 67 88 83 12 
46 25 74 69 78 85 82 57 38 87 
5 64 77 80 75 66 71 86 11 34 
26 47 28 65 70 79 56 35 52 37 
29 6 49 76 31 8 51 54 33 10 
48 27 30 7 50 55 32 9 36 53 
--
6 9 42 39 58 11 44 37 76 13 
41 26 7 10 43 38 77 12 45 36 
8 5 40 57 88 59 46 79 14 75 
27 56 25 54 47 78 85 74 35 66 
4 23 48 87 60 89 64 67 80 15 
49 28 55 24 53 86 73 84 65 34 
22 3 52 61 90 63 68 71 16 81 
29 50 1 20 31 72 83 18 33 70 
2 21 30 51 62 19 32 69 82 17 
--
39 20 73 60 37 18 1 52 35 16 
72 61 38 19 74 87 36 17 2 51 
21 40 75 88 59 56 53 90 15 34 
76 71 62 55 86 89 58 47 50 3 
41 22 83 78 57 54 85 14 33 48 
70 77 42 63 84 79 46 49 4 13 
23 26 69 82 45 64 11 80 7 32 
68 43 28 25 66 81 30 9 12 5 
27 24 67 44 29 10 65 6 31 8 
--
28 7 82 65 26 9 24 59 40 11 
83 66 27 8 89 64 41 10 23 58 
6 29 88 81 74 25 60 63 12 39 
67 84 69 90 79 62 75 42 57 22 
30 5 80 87 76 73 56 61 38 13 
47 68 85 70 1 78 43 72 21 54 
4 31 48 77 86 71 18 55 14 37 
49 46 33 2 51 44 35 16 53 20 
32 3 50 45 34 17 52 19 36 15 
--
24 7 36 3 26 21 32 75 28 19 
37 4 25 22 35 2 27 20 31 76 
8 23 6 39 86 33 74 55 18 29 
5 38 83 34 1 62 87 30 77 56 
82 9 40 85 88 79 64 73 54 17 
41 84 81 68 63 90 61 78 57 72 
10 47 44 89 80 67 70 65 16 53 
45 42 49 12 69 60 51 14 71 58 
48 11 46 43 50 13 66 59 52 15 
--
7 26 73 44 5 24 55 42 3 22 
72 31 6 25 74 43 4 23 56 41 
27 8 71 80 45 54 63 68 21 2 
32 81 30 75 70 89 46 1 40 57 
9 28 79 88 53 62 69 64 67 20 
82 33 76 29 84 65 90 47 58 39 
13 10 83 78 87 52 61 66 19 48 
34 77 12 15 36 85 50 17 38 59 
11 14 35 86 51 16 37 60 49 18 
--
45 30 27 8 43 78 25 10 21 88 
28 7 44 55 26 9 80 89 24 11 
31 46 29 42 79 82 77 22 87 20 
6 39 56 83 54 41 90 81 12 23 
47 32 53 40 67 84 73 76 19 86 
38 5 66 57 74 1 68 85 72 13 
33 48 35 52 65 58 75 16 63 18 
4 37 50 59 2 69 64 61 14 71 
49 34 3 36 51 60 15 70 17 62 
--
26 51 32 85 28 49 30 47 2 5 
33 76 27 50 31 84 1 4 9 46 
52 25 86 81 90 29 48 65 6 3 
77 34 75 60 83 66 89 8 45 10 
24 53 82 87 80 61 64 67 40 7 
35 78 59 74 69 88 39 62 11 44 
54 23 70 79 58 63 68 41 14 17 
71 36 21 56 73 38 19 16 43 12 
22 55 72 37 20 57 42 13 18 15 
--
62 57 64 15 38 59 84 17 40 43 
65 14 61 58 85 16 39 42 83 18 
56 63 68 37 60 79 86 89 44 41 
13 66 55 78 73 90 47 82 19 88 
54 69 36 67 48 75 80 87 2 45 
35 12 53 74 77 72 1 46 81 20 
52 9 70 33 30 49 76 23 26 3 
11 34 7 50 71 32 5 28 21 24 
8 51 10 31 6 29 22 25 4 27 
--
19 2 53 78 21 16 51 44 23 14 
54 85 20 17 52 77 22 15 26 43 
3 18 1 84 79 50 45 70 13 24 
90 55 86 49 76 69 82 25 42 27 
57 4 89 80 83 66 73 46 71 12 
34 87 56 75 48 81 68 65 28 41 
5 58 35 88 67 74 47 72 11 64 
36 33 60 7 38 31 62 9 40 29 
59 6 37 32 61 8 39 30 63 10 
--
27 4 29 24 61 6 41 52 63 8 
30 23 26 5 42 59 62 7 40 53 
3 28 43 60 25 88 51 66 9 64 
44 31 22 85 50 67 58 77 54 39 
21 2 49 74 89 78 87 68 65 10 
32 45 84 1 86 69 76 57 38 55 
83 20 73 48 75 90 79 70 11 14 
46 33 18 81 72 35 16 13 56 37 
19 82 47 34 17 80 71 36 15 12 
--
57 22 55 12 59 24 73 10 61 26 
54 13 58 23 74 11 60 25 50 9 
21 56 53 86 65 72 51 70 27 62 
14 87 20 75 52 85 66 63 8 49 
19 36 77 90 83 64 71 48 69 28 
78 15 88 35 76 67 84 29 46 7 
37 18 1 82 89 34 47 68 43 30 
2 79 16 39 4 81 32 41 6 45 
17 38 3 80 33 40 5 44 31 42 
--
24 43 26 45 22 75 2 71 20 17 
27 46 23 76 1 72 21 18 3 70 
42 25 44 61 74 79 90 69 16 19 
47 28 77 80 87 62 73 82 89 4 
56 41 60 49 78 81 88 15 68 83 
29 48 57 86 59 50 63 84 5 14 
40 55 38 51 64 85 12 33 8 67 
37 30 53 58 35 32 65 10 13 6 
54 39 36 31 52 11 34 7 66 9 
--
19 38 13 78 17 36 11 50 75 34 
14 69 18 37 12 85 76 35 10 49 
39 20 79 16 77 72 51 84 33 74 
68 15 70 55 90 81 86 73 48 9 
21 40 1 80 71 62 89 52 83 32 
2 67 56 63 54 87 82 61 8 47 
25 22 41 66 57 64 53 88 31 60 
42 3 24 27 44 5 58 29 46 7 
23 26 43 4 65 28 45 6 59 30 
--
49 46 15 68 43 34 13 32 41 36 
16 67 48 45 14 65 42 35 12 31 
47 50 69 66 79 44 33 64 37 40 
70 17 78 53 72 61 80 39 30 11 
51 54 71 74 77 82 63 60 23 38 
18 75 52 87 62 73 22 81 10 29 
1 88 55 76 83 86 59 26 7 24 
56 19 90 3 58 21 84 5 28 9 
89 2 57 20 85 4 27 8 25 6 
--
81 34 57 16 79 36 53 4 39 2 
58 15 80 35 56 17 38 1 54 5 
33 82 59 78 37 90 55 52 3 40 
14 77 32 83 60 75 18 89 6 51 
31 70 73 76 87 84 63 50 41 20 
72 13 86 61 74 49 88 19 64 7 
69 30 71 48 85 62 65 42 21 24 
12 47 28 67 10 45 26 23 8 43 
29 68 11 46 27 66 9 44 25 22 
--
15 20 75 24 13 22 59 46 11 44 
74 25 14 21 88 65 12 43 60 47 
19 16 73 76 23 58 87 64 45 10 
26 77 18 89 66 85 42 57 48 61 
17 72 67 78 55 90 63 86 9 50 
68 27 80 1 84 41 56 49 62 33 
71 2 69 40 79 54 83 34 51 8 
28 39 4 81 30 37 6 53 32 35 
3 70 29 38 5 82 31 36 7 52 
--
59 36 61 26 57 38 81 24 55 40 
62 27 58 37 72 25 56 39 80 23 
35 60 67 76 69 82 73 86 41 54 
28 63 34 71 74 87 52 79 22 85 
11 66 75 68 77 70 83 90 53 42 
64 29 12 33 88 51 78 43 84 21 
7 10 65 50 15 18 89 46 1 44 
30 13 8 5 32 49 16 3 20 47 
9 6 31 14 17 4 19 48 45 2 
--
82 47 16 43 80 31 14 29 40 33 
17 44 81 88 15 42 79 32 13 28 
48 83 46 71 78 87 30 41 34 39 
45 18 89 86 67 72 37 76 27 12 
84 49 70 73 90 77 68 55 38 35 
19 62 85 66 69 56 75 36 11 26 
50 65 58 61 74 1 54 23 8 5 
59 20 63 52 57 22 3 6 25 10 
64 51 60 21 2 53 24 9 4 7 
--
14 31 46 49 12 29 36 63 10 27 
45 50 13 30 47 64 11 28 37 62 
32 15 48 65 80 35 88 61 26 9 
51 44 81 34 87 68 79 38 85 60 
16 33 66 69 82 89 86 75 8 25 
43 52 17 90 67 78 39 84 59 76 
18 1 70 55 40 83 74 77 24 7 
53 42 3 20 71 56 5 22 73 58 
2 19 54 41 4 21 72 57 6 23 
--
37 34 13 32 55 84 11 86 79 76 
14 31 36 71 12 81 56 77 10 87 
35 38 33 54 83 72 85 80 75 78 
30 15 68 49 70 57 82 73 88 9 
39 48 53 44 67 90 65 58 21 74 
16 29 50 69 52 63 20 89 8 59 
47 40 45 26 43 66 1 64 5 22 
28 17 42 51 62 19 24 3 60 7 
41 46 27 18 25 2 61 6 23 4 
--
18 39 20 13 16 45 80 1 48 51 
21 12 17 44 87 14 47 50 77 2 
40 19 38 15 46 79 90 81 52 49 
11 22 43 88 67 86 63 78 3 76 
32 41 66 37 64 89 82 85 70 53 
23 10 33 42 83 68 71 62 75 4 
28 31 26 65 36 61 84 69 54 57 
9 24 29 34 7 72 59 56 5 74 
30 27 8 25 60 35 6 73 58 55 
--
6 31 8 57 4 29 20 45 2 27 
9 58 5 30 21 56 3 28 19 44 
32 7 60 55 68 23 46 53 26 1 
59 10 69 22 61 54 87 24 43 18 
70 33 62 73 78 67 52 47 90 25 
11 74 71 66 51 88 79 86 17 42 
34 63 36 75 72 77 48 89 82 85 
37 12 65 50 39 14 83 80 41 16 
64 35 38 13 76 49 40 15 84 81 
--
4 23 6 27 2 51 18 29 32 43 
7 26 3 52 19 28 45 42 17 30 
22 5 24 1 50 53 56 31 44 33 
25 8 87 20 55 60 49 46 41 16 
88 21 62 81 90 57 54 59 34 47 
9 86 89 78 61 80 73 48 15 40 
66 63 82 85 74 77 58 37 72 35 
83 10 65 68 79 12 75 70 39 14 
64 67 84 11 76 69 38 13 36 71 
--
10 35 12 77 8 33 24 49 6 31 
13 82 9 34 25 76 7 32 23 48 
36 11 78 81 88 27 50 59 30 5 
79 14 83 26 75 58 87 28 47 22 
64 37 80 89 86 71 60 51 4 29 
15 84 63 74 61 90 57 72 21 46 
38 65 40 85 70 73 52 1 56 3 
41 16 67 62 43 18 69 54 45 20 
66 39 42 17 68 53 44 19 2 55 
--
42 31 44 5 40 33 80 3 38 17 
45 6 41 32 81 4 39 16 79 2 
30 43 68 59 34 87 82 1 18 37 
7 46 29 88 67 76 35 86 15 78 
28 53 60 69 58 83 90 77 36 19 
47 8 57 54 89 66 75 20 85 14 
52 27 50 61 70 55 84 65 74 21 
9 48 25 56 11 62 23 72 13 64 
26 51 10 49 24 71 12 63 22 73 
--
42 45 12 33 56 69 10 31 28 65 
13 34 43 70 11 32 57 66 9 30 
44 41 46 55 72 81 68 29 64 27 
35 14 71 52 75 58 73 80 67 8 
40 47 54 59 90 77 82 63 26 79 
15 36 51 76 53 74 89 78 7 22 
48 39 16 1 60 83 62 23 86 25 
17 2 37 50 19 4 85 88 21 6 
38 49 18 3 84 61 20 5 24 87 
--
56 53 16 85 64 51 14 49 38 35 
17 86 55 52 15 68 39 36 13 48 
54 57 90 65 84 63 50 69 34 37 
87 18 83 62 77 70 67 40 47 12 
58 1 78 89 66 61 46 33 24 41 
19 88 59 82 71 76 23 42 11 28 
2 79 72 75 60 45 32 27 8 25 
73 20 81 4 31 22 43 6 29 10 
80 3 74 21 44 5 30 9 26 7 
--
7 10 5 56 37 12 39 50 35 14 
4 57 8 11 52 61 36 13 40 49 
9 6 55 60 67 38 51 80 15 34 
58 3 68 53 62 83 66 41 48 81 
25 54 59 84 75 64 79 82 33 16 
2 69 24 63 86 77 88 65 42 47 
23 26 85 76 89 74 45 78 17 32 
70 1 28 21 72 87 30 19 46 43 
27 22 71 90 29 20 73 44 31 18 
--
13 22 39 66 15 20 35 56 1 18 
40 65 14 21 38 71 16 19 34 55 
23 12 67 74 69 36 57 90 17 2 
64 41 62 37 72 83 70 33 54 87 
11 24 73 68 75 58 89 86 3 32 
42 63 44 61 84 77 82 59 88 53 
25 10 47 76 45 60 85 78 31 4 
48 43 8 27 50 81 6 29 52 79 
9 26 49 46 7 28 51 80 5 30 
--
4 19 42 37 6 53 16 35 8 11 
41 38 5 18 43 36 7 10 15 34 
20 3 40 79 54 17 52 33 12 9 
39 86 55 44 51 80 67 14 49 32 
2 21 88 85 78 69 50 81 66 13 
87 56 1 70 45 82 77 68 31 48 
22 59 84 89 76 71 46 73 28 65 
57 90 61 24 83 74 63 26 47 30 
60 23 58 75 62 25 72 29 64 27 
--
73 6 25 28 69 8 23 40 55 10 
26 29 72 7 24 53 68 9 22 41 
5 74 27 76 59 70 39 54 11 56 
30 77 60 71 52 87 58 67 42 21 
61 4 75 88 81 66 49 38 57 12 
78 31 82 65 90 51 86 43 20 37 
3 62 89 80 83 48 17 50 13 44 
32 79 64 1 34 85 46 15 36 19 
63 2 33 84 47 16 35 18 45 14 
--
4 23 6 81 2 25 18 29 42 27 
7 86 3 24 19 80 43 26 17 30 
22 5 82 87 76 1 32 51 28 41 
83 8 85 20 79 50 77 44 31 16 
60 21 88 75 90 67 52 33 40 45 
9 84 59 70 53 78 49 68 15 34 
58 61 74 89 66 69 54 37 46 39 
73 10 63 56 71 12 65 48 35 14 
62 57 72 11 64 55 36 13 38 47 
--
24 29 84 5 22 31 74 3 20 35 
85 6 23 30 89 4 21 36 73 2 
28 25 88 83 32 75 72 1 34 19 
7 86 27 78 65 90 33 76 37 70 
26 49 58 87 82 77 66 71 18 41 
57 8 79 50 67 64 81 40 69 38 
48 11 54 59 80 51 68 63 42 17 
9 56 13 46 53 60 15 44 39 62 
12 47 10 55 14 45 52 61 16 43 
--
21 40 25 4 23 46 57 6 49 52 
26 3 22 45 58 5 48 51 56 7 
41 20 39 24 47 60 79 70 53 50 
2 27 44 59 90 69 86 55 8 71 
19 42 1 38 61 80 89 78 85 54 
28 15 34 43 76 87 68 81 72 9 
33 18 31 62 37 64 77 88 67 84 
14 29 16 35 12 75 82 65 10 73 
17 32 13 30 63 36 11 74 83 66 
--
45 24 11 20 43 38 13 18 67 64 
10 21 44 39 12 19 68 65 14 17 
25 46 23 42 69 90 37 16 63 66 
22 9 52 87 40 71 80 85 36 15 
47 26 41 70 89 86 1 74 79 62 
8 53 88 51 72 75 84 81 2 35 
27 48 29 54 83 56 73 76 61 78 
30 7 50 57 32 5 82 59 34 3 
49 28 31 6 55 58 33 4 77 60 
--
59 42 11 32 61 56 9 30 27 54 
12 33 60 57 10 31 70 55 8 29 
43 58 41 62 71 88 65 28 53 26 
34 13 78 87 64 69 72 85 74 7 
79 44 63 40 89 86 75 66 25 52 
14 35 90 77 68 39 84 73 6 21 
45 80 15 36 83 76 67 22 51 24 
16 1 82 47 18 3 38 49 20 5 
81 46 17 2 37 48 19 4 23 50 
--
12 15 10 79 48 17 36 21 50 19 
9 82 13 16 35 88 49 18 37 22 
14 11 78 83 80 47 38 87 20 51 
75 8 81 34 71 86 89 52 23 40 
66 33 74 77 84 63 46 39 90 53 
7 76 65 70 45 72 85 62 41 24 
32 67 30 73 64 61 42 1 54 57 
29 6 69 44 27 4 59 56 25 2 
68 31 28 5 60 43 26 3 58 55 
--
10 57 52 41 8 59 36 39 6 73 
51 42 9 58 65 40 7 74 35 38 
56 11 64 53 60 69 86 37 72 5 
43 50 55 68 87 66 75 70 83 34 
12 63 48 61 54 85 90 81 4 71 
49 44 25 88 67 76 29 84 33 82 
24 13 62 47 28 89 80 1 18 3 
45 26 15 22 77 30 17 20 79 32 
14 23 46 27 16 21 78 31 2 19 
--
40 23 2 19 42 37 14 17 52 75 
3 20 41 38 1 18 53 76 13 16 
24 39 22 43 54 89 36 15 74 51 
21 4 55 90 45 84 77 62 35 12 
56 25 44 81 88 61 46 73 50 63 
5 80 87 60 85 78 83 64 11 34 
26 57 28 79 82 65 72 47 68 49 
29 6 59 86 31 8 67 70 33 10 
58 27 30 7 66 71 32 9 48 69 
--
62 67 72 11 44 59 34 13 36 39 
71 10 61 68 73 12 43 38 33 14 
66 63 70 89 60 45 58 35 40 37 
9 76 65 74 69 88 51 42 15 32 
64 21 84 81 90 57 46 55 50 41 
77 8 75 20 83 54 87 52 31 16 
22 5 82 85 80 1 56 47 28 49 
7 78 3 24 19 86 53 26 17 30 
4 23 6 79 2 25 18 29 48 27 
--
47 58 21 54 45 36 19 34 43 38 
22 55 46 89 20 77 44 37 18 33 
59 48 57 66 53 88 35 76 39 42 
56 23 90 61 82 65 78 41 32 17 
49 60 67 52 87 62 75 64 71 40 
24 1 50 83 68 81 70 79 16 31 
7 4 27 86 51 84 63 74 13 72 
2 25 6 9 28 69 80 11 30 15 
5 8 3 26 85 10 29 14 73 12 
--
81 64 61 24 45 38 3 26 29 36 
62 23 82 79 2 25 44 37 4 27 
65 80 63 60 87 46 39 28 35 30 
22 83 86 1 78 43 54 33 40 5 
85 66 73 88 59 90 47 42 31 34 
74 21 84 77 72 53 32 55 6 41 
67 18 75 52 89 58 71 48 9 12 
20 51 16 69 76 49 14 11 56 7 
17 68 19 50 15 70 57 8 13 10 
--
41 30 43 10 39 32 77 12 37 16 
44 9 40 31 80 11 38 15 76 13 
29 42 69 72 33 78 81 88 17 36 
8 45 28 79 70 89 34 75 14 87 
27 52 71 68 73 82 85 90 35 18 
46 7 56 53 84 67 74 19 86 1 
51 26 49 66 57 54 83 64 61 20 
6 47 24 55 4 65 22 59 2 63 
25 50 5 48 23 58 3 62 21 60 
--
11 30 35 62 9 52 27 2 7 4 
36 61 10 29 34 63 8 5 26 1 
31 12 59 66 53 28 51 90 3 6 
60 37 56 33 64 83 76 25 50 89 
13 32 65 58 67 54 87 84 75 24 
38 57 40 55 86 77 82 71 88 49 
17 14 43 68 41 70 85 78 23 74 
44 39 16 19 46 81 72 21 48 79 
15 18 45 42 69 20 47 80 73 22 
--
49 30 27 8 51 62 25 6 21 74 
28 9 50 63 26 7 78 75 24 5 
31 48 29 52 77 84 61 22 73 20 
10 39 64 83 60 79 76 89 4 23 
47 32 53 40 85 90 59 80 19 72 
38 11 86 65 82 41 88 1 58 3 
33 46 35 54 87 66 81 16 71 18 
12 37 44 67 14 55 42 69 2 57 
45 34 13 36 43 68 15 56 17 70 
--
7 4 27 12 81 2 29 14 55 76 
26 11 6 3 28 13 82 77 30 15 
5 8 25 86 1 80 31 56 75 54 
24 87 10 61 32 85 78 83 16 57 
9 40 33 90 79 62 59 74 53 70 
34 23 88 41 60 73 84 71 58 17 
39 42 37 46 89 66 63 50 69 52 
22 35 44 65 20 47 72 67 18 49 
43 38 21 36 45 64 19 48 51 68 
--
49 2 19 62 73 86 17 66 71 68 
20 61 50 87 18 63 72 69 16 65 
3 48 1 60 83 74 85 64 67 70 
58 21 88 51 90 53 82 75 78 15 
47 4 59 54 81 84 79 34 27 76 
22 57 46 89 52 55 26 77 14 33 
5 40 37 56 45 80 35 30 11 28 
38 23 42 7 36 25 44 9 32 13 
41 6 39 24 43 8 31 12 29 10 
--
52 23 4 19 50 37 2 17 88 39 
5 20 51 54 3 18 89 38 1 16 
24 53 22 49 82 55 36 15 40 87 
21 6 65 56 67 48 83 90 35 14 
60 25 68 79 84 81 72 47 86 41 
7 64 59 66 57 78 85 76 13 34 
26 61 28 69 80 71 46 73 42 75 
29 8 63 58 31 10 77 44 33 12 
62 27 30 9 70 45 32 11 74 43 
--
9 44 11 42 7 52 23 70 5 2 
12 41 8 53 24 69 6 3 22 71 
45 10 43 64 51 26 85 72 1 4 
40 13 54 25 86 73 68 27 84 21 
55 46 63 50 65 78 83 90 67 28 
14 39 56 79 74 87 66 77 20 89 
47 62 49 36 59 82 75 88 29 32 
38 15 60 57 80 17 34 31 76 19 
61 48 37 16 35 58 81 18 33 30 
--
73 78 3 46 27 84 15 32 25 30 
4 45 74 85 16 47 26 29 14 33 
77 72 79 2 89 28 83 34 31 24 
44 5 90 75 86 17 48 23 50 13 
71 76 63 80 1 88 55 82 35 22 
6 43 70 87 64 81 18 49 12 51 
59 62 65 40 69 56 67 54 21 36 
42 7 60 57 66 9 38 19 52 11 
61 58 41 8 39 68 53 10 37 20 
--
16 53 12 79 36 51 10 49 34 31 
13 86 15 52 11 78 35 32 9 48 
54 17 80 85 82 37 50 73 30 33 
87 14 83 56 75 72 77 38 47 8 
18 55 90 81 84 63 74 71 40 29 
1 88 57 64 69 76 39 62 7 46 
22 19 68 89 58 61 70 43 28 41 
67 2 21 24 65 4 59 26 45 6 
20 23 66 3 60 25 44 5 42 27 
--
59 34 37 18 57 64 39 20 55 52 
36 17 58 65 38 19 56 53 40 21 
33 60 35 68 63 78 49 84 51 54 
16 69 62 77 66 85 82 43 22 41 
61 32 67 74 79 48 89 50 83 44 
70 15 76 47 88 81 86 45 42 23 
31 12 73 80 75 46 27 90 3 6 
14 71 10 29 26 87 8 5 24 1 
11 30 13 72 9 28 25 2 7 4 
--
3 82 29 38 5 58 31 36 7 56 
28 39 4 83 30 37 6 57 32 35 
81 2 79 42 73 90 59 34 55 8 
40 27 84 1 78 43 72 89 52 33 
17 80 41 74 71 86 69 60 9 54 
26 75 18 85 44 77 64 53 88 51 
19 16 45 76 23 70 87 68 61 10 
46 25 14 21 48 65 12 63 50 67 
15 20 47 24 13 22 49 66 11 62 
--
