--
38 7 72 77 40 5 42 51 54 3 44 21 
73 76 39 6 71 100 55 4 43 20 53 2 
8 37 74 101 78 41 50 99 52 1 22 45 
75 90 79 70 105 98 117 56 49 66 19 58 
36 9 102 97 116 69 104 65 120 57 46 23 
91 80 89 84 103 106 113 118 67 48 59 18 
10 35 92 107 96 115 68 111 64 119 24 47 
81 88 83 32 85 112 95 114 27 62 17 60 
34 11 86 93 108 13 30 63 110 15 28 25 
87 82 33 12 31 94 109 14 29 26 61 16 
--
41 64 11 32 39 62 9 30 59 82 7 28 
12 33 40 63 10 31 60 81 8 29 58 83 
65 42 77 38 61 86 79 98 119 84 27 6 
34 13 66 87 78 99 120 85 80 97 118 57 
43 76 37 90 67 88 95 114 117 110 5 26 
14 35 70 75 94 113 100 1 96 115 56 109 
71 44 91 36 89 68 93 116 111 108 25 4 
18 15 74 69 92 49 112 101 2 53 106 55 
45 72 17 20 47 102 51 22 107 104 3 24 
16 19 46 73 50 21 48 103 52 23 54 105 
--
46 43 14 63 66 41 16 37 84 33 18 35 
13 62 45 42 15 64 87 40 17 36 83 32 
44 47 60 65 110 67 38 85 88 91 34 19 
61 12 69 58 95 86 109 92 39 82 31 90 
48 59 96 111 68 107 94 1 118 89 20 81 
11 70 57 106 99 114 119 108 93 2 117 30 
56 49 100 97 112 53 104 115 120 21 80 3 
71 10 73 54 105 98 113 26 77 116 29 22 
50 55 8 101 52 75 6 103 24 27 4 79 
9 72 51 74 7 102 25 76 5 78 23 28 
--
15 18 13 44 67 20 41 64 59 22 39 36 
12 45 16 19 42 65 118 21 40 37 58 23 
17 14 43 66 113 68 63 82 117 60 35 38 
46 11 112 69 86 119 116 97 62 83 24 57 
111 70 87 114 109 100 85 120 81 98 61 34 
10 47 110 105 102 115 96 99 84 1 56 25 
71 106 103 88 93 108 101 80 95 76 33 2 
48 9 92 107 104 79 94 75 30 53 26 55 
91 72 7 50 89 74 5 52 77 28 3 32 
8 49 90 73 6 51 78 29 4 31 54 27 
--
17 48 21 52 19 46 75 68 3 44 41 78 
22 51 18 47 74 69 2 45 80 77 4 43 
49 16 73 20 53 84 81 76 67 42 79 40 
56 23 50 117 72 1 70 99 82 101 66 5 
15 118 57 54 85 116 83 104 63 110 39 102 
24 55 86 115 120 71 98 111 100 103 6 65 
87 14 119 58 91 96 113 62 105 64 109 38 
28 25 90 95 114 59 92 97 112 35 106 7 
13 88 27 30 11 94 61 32 9 108 37 34 
26 29 12 89 60 31 10 93 36 33 8 107 
--
45 42 13 68 75 40 11 38 31 28 9 6 
14 69 44 41 12 67 76 27 10 7 32 29 
43 46 71 74 85 78 39 66 37 30 5 8 
70 15 84 79 72 115 86 77 26 65 36 33 
47 80 73 110 83 90 95 116 87 34 25 4 
16 101 82 91 114 109 118 89 94 57 64 35 
81 48 111 100 105 92 113 96 117 88 3 24 
102 17 104 51 112 119 108 93 56 63 58 61 
49 52 19 106 99 54 21 120 97 60 23 2 
18 103 50 53 20 107 98 55 22 1 62 59 
--
27 30 39 4 37 32 97 6 57 10 53 8 
40 3 28 31 100 5 58 35 96 7 56 11 
29 26 101 38 33 36 111 98 59 54 9 52 
76 41 2 105 118 99 34 115 112 95 12 55 
25 104 77 102 1 114 117 110 91 60 51 94 
42 75 70 119 106 109 88 113 116 93 84 13 
71 24 103 78 87 120 107 92 85 90 61 50 
74 43 72 69 108 79 86 89 64 83 14 17 
23 68 45 80 21 66 47 82 19 16 49 62 
44 73 22 67 46 81 20 65 48 63 18 15 
--
12 15 36 83 98 17 104 95 56 19 58 61 
37 80 13 16 35 96 99 18 105 60 55 20 
14 11 82 97 84 111 94 103 100 57 62 59 
81 38 79 34 89 102 119 112 109 106 21 54 
10 33 90 85 114 93 110 101 120 73 108 63 
39 78 31 46 91 88 113 118 107 64 53 22 
32 9 40 77 86 115 92 1 74 117 72 65 
41 6 47 30 45 76 87 116 71 68 23 52 
8 29 4 43 48 27 2 75 50 25 66 69 
5 42 7 28 3 44 49 26 67 70 51 24 
--
21 50 31 46 19 52 111 74 17 54 57 82 
30 33 20 51 112 73 18 53 98 81 16 55 
49 22 45 32 47 114 97 110 75 56 83 58 
34 29 48 113 72 109 76 105 96 99 80 15 
23 2 35 44 115 106 119 100 77 90 59 84 
28 37 116 1 118 71 108 95 104 85 14 79 
3 24 43 36 107 120 101 70 91 78 89 60 
38 27 6 117 42 67 92 103 94 63 86 13 
7 4 25 40 9 102 69 66 11 88 61 64 
26 39 8 5 68 41 10 93 62 65 12 87 
--
22 51 20 55 24 53 84 61 100 81 86 89 
19 26 23 52 63 60 101 82 85 88 93 80 
50 21 56 25 54 83 62 119 104 99 90 87 
27 18 49 64 59 118 105 102 107 92 79 94 
30 57 28 71 48 65 120 109 114 103 98 91 
17 42 31 58 117 72 113 106 1 108 95 78 
32 29 70 43 66 47 110 115 112 77 2 97 
41 16 39 36 69 116 73 46 9 96 5 76 
38 33 14 67 44 35 12 111 74 7 10 3 
15 40 37 34 13 68 45 8 11 4 75 6 
--
82 41 22 37 80 107 24 35 78 31 26 33 
21 38 81 112 23 36 79 106 25 34 57 30 
42 83 40 95 108 111 118 77 56 29 32 27 
39 20 109 90 113 94 105 74 119 76 55 58 
84 43 96 103 110 117 114 93 72 59 28 9 
19 98 89 116 91 104 73 120 75 10 61 54 
44 85 66 97 102 115 92 71 60 53 8 11 
67 18 99 88 65 70 101 48 1 62 5 52 
86 45 16 69 100 47 14 63 50 3 12 7 
17 68 87 46 15 64 49 2 13 6 51 4 
--
71 92 31 4 29 68 85 6 27 64 61 8 
32 3 70 95 86 5 28 67 82 7 26 63 
93 72 91 30 69 102 81 84 65 62 9 60 
2 33 94 117 96 87 66 101 80 83 22 25 
73 108 1 90 103 116 97 88 57 24 59 10 
34 51 118 105 120 89 100 79 98 21 44 23 
107 74 109 52 115 104 113 56 45 58 11 20 
50 35 106 119 112 53 78 99 18 41 14 43 
75 110 37 48 77 114 39 46 55 16 19 12 
36 49 76 111 38 47 54 17 40 13 42 15 
--
24 51 68 65 26 49 70 117 28 7 2 5 
67 62 25 50 69 118 27 48 1 4 29 8 
52 23 66 87 64 71 120 111 116 47 6 3 
61 74 63 72 119 86 109 98 45 32 9 30 
22 53 88 85 108 99 112 115 110 105 46 33 
75 60 73 100 91 114 107 104 97 44 31 10 
54 21 84 89 82 101 92 113 106 103 34 43 
59 76 57 80 93 90 39 102 41 96 11 14 
20 55 78 83 18 81 94 37 16 13 42 35 
77 58 19 56 79 38 17 40 95 36 15 12 
--
95 22 3 42 97 72 19 40 69 36 17 38 
4 43 96 73 20 41 116 71 18 39 66 35 
23 94 21 2 115 98 91 68 111 70 37 16 
44 5 74 99 92 113 106 117 90 67 34 65 
75 24 93 114 1 118 89 112 105 110 15 56 
6 45 76 81 100 103 120 107 60 57 64 33 
25 80 49 102 119 88 59 104 109 86 55 14 
46 7 82 77 50 101 108 87 58 61 32 63 
79 26 9 48 83 28 11 52 85 30 13 54 
8 47 78 27 10 51 84 29 12 53 62 31 
--
12 15 58 93 88 17 56 91 40 19 42 51 
59 94 13 16 57 92 89 18 55 50 39 20 
14 11 96 115 100 87 102 49 90 41 52 43 
95 60 99 64 111 116 113 86 103 54 21 38 
10 63 118 97 114 101 110 107 48 85 44 53 
61 98 65 72 117 112 77 104 83 108 37 22 
30 9 62 119 76 71 106 109 78 47 84 45 
3 6 31 66 73 120 75 70 105 82 23 36 
8 29 4 1 32 27 68 79 34 25 46 81 
5 2 7 28 67 74 33 26 69 80 35 24 
--
14 63 38 61 16 71 80 59 18 97 100 57 
37 40 15 70 77 60 17 96 103 58 19 98 
64 13 62 39 72 81 104 79 112 99 56 101 
41 36 69 76 93 78 95 106 115 102 119 20 
12 65 44 73 82 105 92 111 118 113 116 55 
35 42 75 68 45 94 83 114 107 110 21 120 
28 11 66 43 74 85 108 91 22 117 54 89 
31 34 29 46 67 48 23 84 109 90 1 4 
10 27 32 49 8 25 86 51 6 3 88 53 
33 30 9 26 47 50 7 24 87 52 5 2 
--
13 16 53 48 35 18 37 44 33 20 29 42 
52 49 14 17 54 47 34 19 38 43 32 21 
15 12 51 116 65 36 103 120 45 30 41 28 
50 67 64 55 114 117 46 39 102 97 22 31 
11 56 115 66 111 100 119 104 1 40 27 96 
68 63 88 113 118 109 82 101 98 105 2 23 
57 10 69 110 91 112 99 106 81 24 95 26 
62 87 60 89 108 83 92 77 94 75 80 3 
9 58 85 70 7 90 107 72 5 78 25 74 
86 61 8 59 84 71 6 93 76 73 4 79 
--
14 17 12 45 82 19 70 43 106 21 72 41 
11 46 15 18 69 44 113 20 71 42 105 22 
16 13 48 81 114 83 78 107 118 103 40 73 
47 10 61 68 79 112 119 116 77 108 23 104 
62 49 80 59 84 115 90 111 102 117 74 39 
9 60 67 88 91 96 99 120 109 76 101 24 
50 63 58 85 98 89 110 95 100 1 38 75 
57 8 87 66 53 92 97 32 35 94 25 28 
64 51 6 55 86 33 4 93 30 27 2 37 
7 56 65 52 5 54 31 34 3 36 29 26 
--
14 17 38 85 40 19 42 83 80 21 70 67 
37 54 15 18 43 84 81 20 71 68 73 22 
16 13 86 39 100 41 90 95 82 79 66 69 
53 36 55 44 89 94 99 110 91 72 23 74 
12 87 34 101 56 111 96 93 98 119 78 65 
35 52 45 88 105 102 109 120 107 92 75 24 
46 11 104 33 112 57 106 97 118 1 64 77 
51 8 49 58 103 114 117 108 61 76 25 28 
10 47 6 113 32 59 4 115 30 27 2 63 
7 50 9 48 5 116 31 60 3 62 29 26 
--
9 32 63 58 7 30 83 66 5 28 25 78 
62 51 8 31 86 65 6 29 82 77 4 27 
33 10 57 64 59 114 87 84 67 26 79 24 
52 61 50 115 56 85 68 113 88 81 76 3 
11 34 55 60 119 116 109 90 1 92 23 80 
44 53 118 49 110 69 120 93 112 89 2 75 
35 12 45 54 117 108 111 102 91 20 95 22 
40 43 38 105 48 103 70 107 94 99 74 19 
13 36 41 46 15 106 101 98 17 72 21 96 
42 39 14 37 104 47 16 71 100 97 18 73 
--
63 4 77 118 61 6 53 88 31 8 33 36 
76 119 62 5 78 113 86 7 52 35 30 9 
3 64 109 114 117 60 89 54 87 32 37 34 
108 75 120 79 112 103 116 85 58 51 10 29 
65 2 105 110 115 90 59 92 55 84 45 38 
74 107 80 1 104 111 102 83 50 57 28 11 
19 66 97 106 81 68 91 56 93 46 39 44 
98 73 20 67 96 101 82 47 42 49 12 27 
21 18 71 100 23 16 69 94 25 14 43 40 
72 99 22 17 70 95 24 15 48 41 26 13 
--
40 7 42 111 38 5 36 65 62 3 34 21 
43 98 39 6 67 118 63 4 35 20 61 2 
8 41 112 105 110 37 66 119 64 1 22 33 
99 44 97 68 113 108 117 58 31 82 19 60 
70 9 106 109 104 91 114 83 120 59 32 23 
45 100 69 96 107 116 103 90 57 30 81 18 
10 71 52 101 92 95 56 115 84 89 24 29 
49 46 93 74 53 102 85 88 27 78 17 80 
72 11 48 51 94 13 76 55 86 15 28 25 
47 50 73 12 75 54 87 14 77 26 79 16 
--
64 17 42 45 94 19 40 21 90 3 38 23 
43 46 63 18 41 118 93 2 39 22 89 4 
16 65 44 97 68 95 20 117 110 91 24 37 
47 62 67 70 119 116 109 92 1 112 5 88 
66 15 98 59 96 69 120 111 106 87 36 25 
61 48 71 78 115 108 105 82 113 26 103 6 
14 77 60 99 58 81 114 107 104 35 86 27 
49 72 51 76 79 100 55 30 83 102 7 34 
52 13 74 57 54 11 80 101 32 9 28 85 
73 50 53 12 75 56 31 10 29 84 33 8 
--
11 68 41 66 9 82 39 86 7 96 35 32 
42 65 10 83 40 85 8 99 36 33 6 95 
69 12 67 74 81 102 87 38 97 100 31 34 
64 43 80 71 84 73 98 101 118 37 94 5 
13 70 75 62 103 88 119 90 105 92 117 30 
44 63 58 79 72 77 104 115 120 107 4 93 
59 14 53 76 61 114 89 106 91 116 29 108 
52 45 60 57 78 49 24 113 110 1 20 3 
15 54 47 50 17 56 111 26 19 22 109 28 
46 51 16 55 48 25 18 23 112 27 2 21 
--
6 59 4 11 8 115 82 13 66 17 80 15 
3 10 7 116 61 12 65 114 81 14 67 18 
58 5 60 9 120 113 110 83 68 85 16 79 
41 2 117 62 111 64 119 86 109 78 19 70 
32 57 42 1 118 107 112 91 84 69 96 77 
43 40 33 106 63 90 87 108 103 98 71 20 
34 31 56 89 52 105 92 99 72 95 76 97 
39 44 37 48 55 88 51 104 93 102 21 24 
30 35 46 53 28 49 100 73 26 23 94 75 
45 38 29 36 47 54 27 50 101 74 25 22 
--
16 19 36 61 118 21 34 59 2 23 26 29 
37 62 17 20 35 60 117 22 33 28 3 24 
18 15 64 119 88 113 100 1 58 25 30 27 
63 38 71 82 73 120 89 116 105 32 57 4 
14 65 74 87 114 101 112 99 90 55 108 31 
39 70 81 72 83 86 115 106 109 104 5 56 
66 13 84 75 80 111 102 91 98 107 54 95 
43 40 69 78 85 76 47 110 103 96 51 6 
12 67 42 45 10 79 92 97 8 49 94 53 
41 44 11 68 77 46 9 48 93 52 7 50 
--
54 51 10 43 66 69 8 41 96 107 6 39 
11 44 53 68 9 42 111 108 7 40 95 106 
52 55 50 65 110 67 70 97 112 105 38 5 
45 12 73 62 71 98 109 118 91 94 89 104 
56 49 64 99 74 119 92 113 102 117 4 37 
13 46 61 72 63 114 101 120 93 90 103 88 
48 57 28 75 100 77 32 81 116 1 36 3 
27 14 47 60 31 80 115 78 35 20 87 84 
58 29 16 25 76 33 18 23 82 85 2 21 
15 26 59 30 17 24 79 34 19 22 83 86 
--
20 119 76 55 22 1 72 53 24 3 28 31 
77 56 21 120 95 54 23 2 71 30 25 4 
118 19 94 75 92 111 96 73 52 27 32 29 
57 78 117 114 97 74 91 112 47 70 5 26 
18 115 58 93 110 113 98 69 66 51 48 33 
59 106 79 116 99 90 109 50 87 46 67 6 
80 17 100 105 108 85 88 65 68 49 34 45 
101 60 107 84 89 104 39 86 41 44 7 10 
16 81 62 103 14 83 64 37 12 9 42 35 
61 102 15 82 63 38 13 40 43 36 11 8 
--
36 33 10 77 66 31 8 57 26 29 6 55 
11 78 35 32 9 76 65 30 7 56 25 28 
34 37 82 79 118 67 58 71 64 27 54 5 
81 12 103 84 75 112 117 68 59 70 61 24 
38 83 80 113 102 119 74 109 72 63 4 53 
13 92 85 104 97 116 111 120 69 60 23 62 
86 39 96 93 114 101 108 73 110 1 52 3 
91 14 89 98 105 94 115 100 49 20 45 22 
40 87 16 95 42 99 18 107 44 47 2 51 
15 90 41 88 17 106 43 48 19 50 21 46 
--
6 3 8 87 92 1 30 81 70 53 28 25 
9 90 5 2 31 86 109 52 29 26 69 54 
4 7 88 91 120 93 82 85 80 71 24 27 
89 10 119 32 95 110 79 108 51 84 55 68 
100 33 98 117 112 115 94 83 72 77 50 23 
11 118 101 114 103 96 111 78 107 62 67 56 
34 99 36 97 116 113 104 63 76 73 22 49 
15 12 39 102 37 44 75 106 61 64 57 66 
40 35 14 17 42 105 46 19 74 59 48 21 
13 16 41 38 45 18 43 60 47 20 65 58 
--
33 68 9 66 35 72 11 64 61 58 13 16 
8 37 34 71 10 65 62 59 12 15 20 57 
69 32 67 36 73 94 85 90 63 60 17 14 
38 7 70 97 84 89 92 103 86 19 56 21 
31 76 39 74 93 104 95 88 91 102 53 18 
6 41 98 81 96 83 108 101 112 87 22 55 
77 30 75 40 105 100 111 48 107 54 113 52 
42 5 80 99 82 47 106 109 120 49 116 23 
29 78 3 44 27 110 1 46 25 118 51 114 
4 43 28 79 2 45 26 119 50 115 24 117 
--
56 59 14 103 62 39 12 41 34 37 10 43 
15 104 57 60 13 118 63 38 11 42 33 36 
58 55 110 119 102 61 40 117 70 35 44 9 
105 16 101 94 109 120 113 64 45 66 71 32 
54 95 108 111 114 93 46 77 116 69 8 67 
17 106 97 100 1 112 115 82 65 78 31 72 
96 53 88 107 98 85 92 47 76 83 68 7 
21 18 99 86 89 2 81 84 79 28 73 30 
52 87 20 23 50 91 4 25 48 75 6 27 
19 22 51 90 3 24 49 80 5 26 29 74 
--
5 28 3 26 7 50 101 24 75 48 77 22 
2 9 6 51 102 25 90 49 100 23 74 47 
29 4 27 8 91 118 97 104 89 76 21 78 
10 1 52 117 62 103 94 115 96 99 46 73 
53 30 63 92 119 116 105 98 81 88 79 20 
58 11 120 61 110 93 114 95 108 83 72 45 
31 54 59 64 113 106 109 82 87 80 19 70 
12 57 34 111 60 65 86 107 84 71 44 41 
35 32 55 14 37 112 67 16 39 42 69 18 
56 13 36 33 66 15 38 85 68 17 40 43 
--
59 12 57 54 61 14 73 64 23 16 25 66 
56 53 60 13 74 83 62 15 72 65 22 17 
11 58 55 86 97 104 75 84 63 24 67 26 
52 87 98 107 90 85 82 105 76 71 18 21 
99 10 89 96 117 106 103 78 37 20 27 68 
88 51 118 101 108 91 120 81 70 77 38 19 
9 100 95 116 119 102 79 92 1 36 69 28 
50 113 48 109 94 115 44 31 80 39 2 35 
47 8 111 114 45 6 93 42 33 4 29 40 
112 49 46 7 110 43 32 5 30 41 34 3 
--
19 22 45 26 47 24 83 56 49 2 111 100 
44 27 20 23 84 57 48 1 114 99 50 3 
21 18 85 46 25 82 115 98 55 112 101 110 
28 43 30 81 94 87 58 113 120 109 4 51 
17 32 79 86 59 116 95 106 97 54 119 102 
42 29 60 31 80 93 88 117 108 105 52 5 
33 16 75 78 89 64 107 96 53 118 103 68 
38 41 36 61 74 77 92 65 104 69 6 9 
15 34 39 76 13 90 63 72 11 8 67 70 
40 37 14 35 62 73 12 91 66 71 10 7 
--
21 2 27 104 23 18 25 54 51 16 47 44 
28 105 22 19 26 103 52 17 48 45 50 15 
3 20 1 108 115 24 55 86 53 66 43 46 
106 29 116 71 102 87 114 69 56 49 14 65 
73 4 107 120 109 70 101 62 85 64 67 42 
30 117 72 91 88 119 94 113 68 57 84 13 
5 74 89 118 93 110 61 100 63 98 41 58 
34 31 92 77 90 95 112 97 60 81 12 83 
75 6 33 36 111 8 79 38 99 10 59 40 
32 35 76 7 78 37 96 9 80 39 82 11 
--
2 107 4 25 32 103 92 23 34 81 86 21 
5 26 1 106 119 24 33 84 91 22 35 80 
108 3 114 31 104 95 102 93 82 85 20 87 
27 6 105 120 113 118 83 98 73 90 79 36 
60 109 30 115 96 99 94 101 78 37 88 19 
7 28 61 110 117 112 97 72 89 74 53 38 
62 59 116 29 66 69 100 77 54 71 18 75 
11 8 65 68 111 48 55 70 43 76 39 52 
58 63 10 13 56 67 46 15 50 41 44 17 
9 12 57 64 47 14 49 42 45 16 51 40 
--
7 4 9 30 69 2 89 28 71 50 73 26 
10 31 6 3 94 29 70 51 88 27 54 49 
5 8 93 68 1 98 95 90 53 72 25 74 
32 11 34 117 96 91 52 103 80 87 48 55 
35 118 67 92 99 120 97 86 77 56 75 24 
12 33 106 119 116 85 104 81 102 79 58 47 
111 36 113 66 105 100 115 78 57 76 23 60 
16 13 110 107 114 65 84 101 82 59 46 43 
37 112 15 18 39 108 63 20 41 44 61 22 
14 17 38 109 64 19 40 83 62 21 42 45 
--
79 30 15 34 81 76 13 36 69 40 11 38 
16 33 80 77 14 35 94 73 12 37 68 41 
29 78 31 82 109 90 75 70 93 72 39 10 
32 17 112 89 84 95 108 91 74 65 42 67 
101 28 83 114 99 110 85 96 71 92 9 58 
18 113 100 111 88 119 98 107 64 59 66 43 
27 102 19 120 115 106 61 86 97 44 57 8 
20 1 116 105 24 87 118 49 60 63 54 45 
103 26 3 22 117 50 5 62 47 52 7 56 
2 21 104 25 4 23 48 51 6 55 46 53 
--
17 20 93 60 1 22 77 46 3 24 27 44 
94 61 18 21 92 59 2 23 76 45 4 25 
19 16 95 120 89 86 75 78 47 26 43 28 
62 119 88 91 108 117 58 85 74 79 48 5 
15 96 115 118 87 90 109 80 57 50 29 42 
114 63 102 107 116 81 84 55 110 73 6 49 
97 14 113 82 101 106 111 72 51 56 41 30 
64 67 100 103 112 83 54 105 40 33 36 7 
13 98 69 66 11 104 71 52 9 38 31 34 
68 65 12 99 70 53 10 39 32 35 8 37 
--
62 23 82 93 64 25 66 75 72 27 48 31 
83 94 63 24 81 98 73 26 67 30 71 28 
22 61 96 113 92 65 76 99 74 49 32 47 
95 84 91 80 97 112 103 68 45 70 29 50 
60 21 114 105 118 79 100 77 102 53 46 33 
85 106 119 90 111 104 117 54 69 44 51 12 
20 59 110 115 120 55 78 101 52 13 34 43 
107 86 1 58 89 116 39 16 37 42 11 8 
2 19 88 109 4 17 56 41 6 9 14 35 
87 108 3 18 57 40 5 38 15 36 7 10 
--
28 23 32 3 30 21 60 19 54 69 62 17 
33 4 29 22 59 2 55 90 61 18 53 70 
24 27 58 31 56 99 20 65 68 95 16 63 
5 34 25 118 1 66 89 98 91 64 71 52 
26 119 36 57 100 117 110 67 96 73 94 15 
35 6 101 120 113 88 97 92 109 78 51 72 
104 37 114 85 102 111 116 87 74 93 14 47 
7 40 103 112 115 86 81 108 79 48 77 50 
38 105 42 9 84 107 44 11 82 75 46 13 
41 8 39 106 43 10 83 80 45 12 49 76 
--
67 2 25 30 95 34 23 32 43 36 21 18 
26 29 66 1 24 31 62 35 22 19 42 37 
3 68 27 96 65 94 33 54 63 44 17 20 
28 99 70 93 120 101 64 61 90 53 38 41 
69 4 111 100 97 92 115 102 55 40 45 16 
106 71 98 119 104 117 84 91 60 89 52 39 
5 112 105 110 83 114 103 116 79 56 15 46 
72 107 74 113 118 85 78 59 88 49 12 51 
75 6 109 82 77 8 87 80 57 10 47 14 
108 73 76 7 86 81 58 9 48 13 50 11 
--
32 29 4 25 72 83 2 23 76 81 18 21 
5 26 31 84 3 24 73 82 19 22 77 80 
30 33 28 71 86 1 118 75 110 79 20 17 
27 6 85 68 119 74 111 100 117 96 109 78 
34 67 70 65 104 87 120 113 108 101 16 97 
7 54 63 88 69 112 103 116 99 114 95 44 
56 35 66 105 64 61 90 107 102 43 98 15 
53 8 55 62 89 106 49 60 115 94 45 42 
36 57 10 51 38 59 12 91 40 47 14 93 
9 52 37 58 11 50 39 48 13 92 41 46 
--
20 17 52 113 22 1 24 49 42 3 26 29 
53 116 21 18 51 114 47 2 25 28 43 4 
16 19 112 115 120 23 50 103 48 41 30 27 
109 54 117 84 111 104 119 46 39 78 5 44 
86 15 110 105 118 93 102 79 100 45 40 31 
55 108 85 94 83 106 99 92 77 38 65 6 
14 87 82 107 98 91 80 101 64 75 32 37 
59 56 95 90 81 72 97 76 35 68 7 66 
88 13 58 61 96 11 70 63 74 9 36 33 
57 60 89 12 71 62 73 10 69 34 67 8 
--
43 18 89 116 45 16 87 60 47 14 51 58 
90 21 44 17 88 113 46 15 86 59 48 13 
19 42 117 112 115 94 85 102 61 50 57 52 
22 91 20 93 120 107 114 95 100 81 12 49 
41 2 109 118 111 96 101 84 103 62 53 56 
72 23 92 1 108 119 106 99 80 55 82 11 
3 40 73 110 97 38 77 104 83 34 63 54 
24 71 26 39 76 105 98 37 66 79 10 33 
27 4 69 74 29 6 67 78 31 8 35 64 
70 25 28 5 68 75 30 7 36 65 32 9 
--
91 96 17 56 89 46 15 48 41 44 13 50 
18 57 90 95 16 55 116 45 14 49 40 43 
97 92 99 88 107 94 47 54 117 42 51 12 
58 19 102 93 100 113 106 115 80 53 76 39 
69 98 87 112 103 108 81 118 77 120 11 52 
20 59 68 101 86 111 114 105 82 79 38 75 
67 70 85 60 109 104 83 78 119 74 1 10 
24 21 64 71 84 33 110 73 8 29 4 37 
63 66 23 26 61 72 31 28 35 6 9 2 
22 25 62 65 32 27 34 7 30 3 36 5 
--
26 29 64 3 60 31 52 5 40 33 42 7 
65 2 27 30 63 4 59 32 51 6 39 34 
28 25 66 115 94 61 76 53 86 41 8 43 
1 116 95 62 77 114 85 58 75 50 35 38 
24 67 120 101 112 93 78 87 54 37 44 9 
117 100 111 96 119 102 113 84 57 74 49 36 
68 23 118 107 110 83 92 79 88 55 10 45 
99 106 97 82 103 108 89 56 73 48 13 16 
22 69 104 109 20 71 80 91 18 15 46 11 
105 98 21 70 81 90 19 72 47 12 17 14 
--
64 61 18 57 94 53 16 55 48 51 14 11 
19 58 63 92 17 56 95 52 15 12 45 50 
62 65 60 109 98 93 54 47 78 49 10 13 
59 20 99 112 91 116 89 96 31 46 77 44 
66 101 108 115 110 97 86 79 88 75 30 9 
21 106 111 100 113 90 117 34 41 32 43 76 
102 67 114 107 120 85 80 87 74 35 8 29 
105 22 103 84 81 118 71 40 33 42 5 36 
68 83 24 119 70 1 26 73 38 3 28 7 
23 104 69 82 25 72 39 2 27 6 37 4 
--
64 31 4 33 100 83 6 113 78 81 8 111 
3 34 65 62 5 114 99 82 7 112 77 80 
30 63 32 101 84 103 116 97 118 79 110 9 
35 2 61 66 115 98 119 92 109 96 107 76 
58 29 68 1 102 85 104 117 106 89 10 95 
19 36 57 60 67 120 91 88 93 108 75 46 
28 59 20 69 52 55 86 105 90 45 94 11 
21 18 37 56 25 70 51 54 87 74 47 44 
38 27 16 23 40 53 14 71 42 49 12 73 
17 22 39 26 15 24 41 50 13 72 43 48 
--
65 30 15 32 67 62 13 70 57 60 11 72 
16 33 66 63 14 69 78 61 12 71 56 59 
29 64 31 68 79 114 89 76 93 58 73 10 
34 17 80 115 84 77 100 111 90 75 92 55 
81 28 85 36 119 110 113 88 101 94 9 74 
18 35 120 83 116 87 106 99 112 91 54 47 
27 82 19 86 37 118 109 102 53 46 95 8 
20 1 38 117 24 105 52 107 98 103 48 45 
39 26 3 22 41 108 5 104 43 50 7 96 
2 21 40 25 4 23 42 51 6 97 44 49 
--
24 51 74 77 26 49 44 3 28 7 42 5 
73 76 25 50 79 2 27 48 43 4 29 8 
52 23 78 75 84 101 80 45 30 47 6 41 
65 72 85 102 1 82 89 100 117 40 9 32 
22 53 64 83 88 105 120 81 46 31 116 39 
63 66 71 86 103 90 99 106 113 118 33 10 
54 21 92 67 98 87 104 119 34 111 38 115 
59 62 57 70 91 68 95 112 107 114 11 14 
20 55 60 93 18 97 108 35 16 13 110 37 
61 58 19 56 69 94 17 96 109 36 15 12 
--
54 17 52 47 56 15 4 13 44 41 6 11 
51 48 55 16 3 46 57 100 5 12 39 42 
18 53 50 71 58 99 14 45 40 43 10 7 
49 70 59 94 73 2 113 98 101 8 35 38 
60 19 72 79 112 97 104 1 114 37 102 9 
69 78 95 74 93 120 109 116 103 34 89 36 
20 61 80 111 96 105 92 119 90 115 30 33 
77 68 75 64 83 110 117 108 31 86 27 88 
62 21 66 81 106 23 84 91 118 25 32 29 
67 76 63 22 65 82 107 24 85 28 87 26 
--
23 26 69 76 103 28 71 2 45 6 47 4 
68 77 24 27 70 75 102 29 72 3 44 7 
25 22 79 104 91 110 1 74 97 46 5 48 
78 67 90 117 88 105 98 101 30 73 8 43 
21 80 87 92 111 120 109 96 53 100 49 32 
66 85 116 89 118 95 106 99 108 31 42 9 
81 20 93 86 115 112 119 54 41 52 33 50 
62 65 84 113 94 59 38 107 36 55 10 13 
19 82 63 60 17 114 57 40 15 12 51 34 
64 61 18 83 58 39 16 37 56 35 14 11 
--
27 48 23 58 69 46 21 88 105 44 19 16 
24 59 26 47 22 87 114 45 20 17 102 43 
49 28 57 70 113 68 89 106 115 104 15 18 
56 25 60 67 86 119 116 111 90 101 42 103 
29 50 71 120 95 112 85 118 107 110 91 14 
2 55 66 61 74 117 96 109 92 83 100 41 
51 30 1 72 97 94 75 84 99 108 13 82 
6 3 54 65 62 73 98 93 78 81 40 37 
31 52 5 8 33 76 63 10 35 38 79 12 
4 7 32 53 64 9 34 77 80 11 36 39 
--
37 32 41 12 39 30 69 10 61 28 63 8 
42 13 38 31 70 11 60 29 68 9 58 27 
33 36 71 40 97 110 67 116 59 62 7 64 
14 43 34 95 72 103 108 111 66 117 26 57 
35 86 73 98 109 96 115 102 113 56 65 6 
44 15 94 85 104 107 112 55 118 53 120 25 
87 74 99 106 93 84 101 114 1 82 5 52 
16 45 88 91 100 105 20 83 54 119 24 81 
75 90 47 18 77 92 49 2 79 22 51 4 
46 17 76 89 48 19 78 21 50 3 80 23 
--
16 23 88 27 18 21 108 29 2 33 68 31 
87 26 17 22 105 28 19 66 109 30 3 34 
24 15 86 89 20 107 110 1 64 67 32 69 
47 90 25 106 85 104 65 112 101 120 35 4 
14 83 48 91 98 111 102 117 72 63 70 119 
49 46 93 84 103 76 97 100 113 118 5 36 
80 13 82 75 92 99 116 73 62 71 114 57 
45 50 79 94 77 74 41 96 115 58 37 6 
12 81 52 43 10 95 54 61 8 39 56 59 
51 44 11 78 53 42 9 40 55 60 7 38 
--
27 30 39 4 63 32 41 6 79 10 43 8 
38 3 28 31 40 5 62 33 42 7 78 11 
29 26 37 64 61 102 35 82 93 80 9 44 
2 65 60 119 36 91 94 99 34 83 12 77 
25 106 1 90 101 118 103 92 81 96 45 84 
66 59 114 105 120 89 100 95 98 85 76 13 
111 24 107 88 115 104 117 86 75 48 97 46 
58 67 110 113 108 87 74 49 72 51 14 17 
23 112 69 56 21 116 71 54 19 16 47 52 
68 57 22 109 70 55 20 73 50 53 18 15 
--
70 87 14 61 68 57 12 59 102 55 10 7 
15 62 69 86 13 60 107 56 11 8 99 54 
88 71 92 67 108 85 58 101 106 103 6 9 
63 16 89 76 93 112 105 116 33 100 53 98 
72 91 66 109 84 117 94 111 104 115 32 5 
17 64 75 90 77 110 113 120 81 34 97 52 
42 73 78 65 118 83 80 95 114 51 4 31 
21 18 43 74 79 26 119 82 1 96 35 50 
44 41 20 23 46 39 28 25 48 37 30 3 
19 22 45 40 27 24 47 38 29 2 49 36 
--
8 5 42 13 44 3 48 15 46 71 18 21 
41 12 7 4 49 14 45 72 17 20 25 70 
6 9 50 43 2 67 16 47 110 69 22 19 
51 40 11 66 53 114 109 68 73 24 111 26 
10 55 52 107 64 1 86 119 112 95 74 23 
39 62 65 54 115 108 113 102 85 118 27 96 
56 35 106 63 104 87 120 117 94 97 84 75 
61 38 59 88 91 116 103 98 101 78 81 28 
34 57 36 105 32 99 90 93 30 83 76 79 
37 60 33 58 89 92 31 100 77 80 29 82 
--
82 57 26 53 80 49 28 51 30 47 2 5 
25 54 81 78 27 52 99 48 1 4 31 46 
58 83 56 101 114 79 50 29 98 119 6 3 
55 24 107 90 77 100 113 120 75 32 45 118 
84 59 102 105 110 115 76 97 112 117 38 7 
23 106 91 108 89 104 111 116 39 74 33 44 
60 85 68 103 92 109 64 73 96 43 8 37 
69 22 93 88 67 72 95 40 15 36 11 34 
86 61 20 71 94 63 18 65 42 13 16 9 
21 70 87 62 19 66 41 14 17 10 35 12 
--
39 92 41 18 37 76 85 16 35 66 73 14 
42 19 38 109 90 17 36 75 84 15 34 65 
93 40 91 44 77 110 89 86 67 74 13 72 
20 43 118 111 108 87 78 81 70 83 64 33 
119 94 45 102 115 112 107 88 79 68 71 12 
46 21 114 117 106 101 80 69 82 55 32 63 
95 120 103 100 113 116 105 58 27 62 11 56 
22 47 96 1 104 59 28 61 54 57 8 31 
97 2 49 24 99 4 51 26 29 6 53 10 
48 23 98 3 50 25 60 5 52 9 30 7 
--
86 23 82 99 108 21 48 79 38 19 40 43 
83 100 85 22 81 98 115 20 47 42 37 18 
24 87 102 107 118 109 80 49 78 39 44 41 
101 84 93 110 103 116 97 114 55 46 17 36 
88 25 106 117 112 119 104 73 50 77 54 45 
7 94 111 92 105 96 113 76 61 56 35 16 
26 89 8 95 120 91 72 57 74 51 62 53 
3 6 27 90 71 68 75 60 65 58 15 34 
28 9 4 1 30 11 66 69 32 13 52 63 
5 2 29 10 67 70 31 12 59 64 33 14 
--
8 41 10 31 6 43 106 29 4 81 104 27 
11 32 7 42 111 30 5 100 105 28 3 80 
40 9 46 37 44 107 110 119 82 101 26 103 
33 12 39 112 85 118 83 108 99 120 79 2 
88 47 36 45 38 109 114 117 94 77 102 25 
13 34 89 86 113 84 93 98 115 72 1 78 
48 87 50 35 92 97 116 71 76 95 24 63 
17 14 53 90 51 58 75 96 73 64 69 66 
54 49 16 19 56 91 60 21 70 67 62 23 
15 18 55 52 59 20 57 74 61 22 65 68 
--
20 89 70 53 22 1 86 51 24 3 28 31 
69 54 21 88 117 52 23 2 85 30 25 4 
90 19 116 71 92 87 120 113 50 27 32 29 
55 68 91 108 115 118 73 84 75 112 5 26 
18 105 66 93 72 107 114 119 46 49 44 33 
67 56 101 106 109 94 83 74 111 76 47 6 
104 17 96 65 102 81 110 77 48 45 34 43 
57 60 103 100 95 64 39 82 41 78 7 10 
16 97 62 59 14 99 80 37 12 9 42 35 
61 58 15 98 63 38 13 40 79 36 11 8 
--
15 18 39 72 41 20 43 70 93 22 97 68 
38 55 16 19 44 71 114 21 98 69 92 23 
17 14 73 40 115 42 77 94 113 102 67 96 
54 37 56 45 76 119 116 99 78 95 24 91 
13 74 35 118 57 108 79 120 103 112 101 66 
36 53 46 75 80 117 106 109 100 1 90 25 
47 12 81 34 107 58 85 88 111 104 65 2 
52 9 50 59 84 87 110 105 62 89 26 29 
11 48 7 82 33 60 5 86 31 28 3 64 
8 51 10 49 6 83 32 61 4 63 30 27 
--
3 26 5 28 1 80 21 58 115 78 19 56 
6 29 2 81 22 59 120 79 20 57 114 77 
25 4 27 60 91 104 85 116 119 110 55 18 
30 7 82 23 84 117 96 105 86 113 76 109 
43 24 61 90 97 92 103 118 111 108 17 54 
8 31 42 83 102 89 106 95 100 87 112 75 
41 44 37 62 93 98 101 88 107 74 53 16 
32 9 40 47 36 65 94 99 50 67 72 69 
45 38 11 34 63 48 13 66 73 70 15 52 
10 33 46 39 12 35 64 49 14 51 68 71 
--
5 8 33 54 35 10 37 62 115 12 65 68 
32 53 6 9 38 61 118 11 64 67 116 13 
7 4 55 34 119 36 63 96 117 114 69 66 
56 31 52 39 60 95 120 109 86 97 14 113 
3 40 59 90 1 110 85 94 107 112 103 70 
30 57 2 51 78 89 108 111 104 87 98 15 
41 26 47 58 91 84 79 88 93 106 71 102 
46 29 44 77 50 75 92 105 82 99 16 19 
25 42 27 48 23 80 83 74 21 18 101 72 
28 45 24 43 76 49 22 81 100 73 20 17 
--
40 37 10 33 46 29 8 31 66 27 6 3 
11 34 39 42 9 32 69 28 7 4 65 26 
38 41 36 45 72 47 30 117 70 67 2 5 
35 12 73 48 43 118 71 68 23 120 25 64 
74 49 44 103 80 91 106 119 116 63 22 1 
13 82 79 90 111 104 113 92 107 24 115 62 
50 75 102 81 98 89 110 105 114 93 58 21 
83 14 85 78 101 112 97 88 55 108 61 94 
76 51 16 99 86 53 18 109 96 59 20 57 
15 84 77 52 17 100 87 54 19 56 95 60 
--
23 106 3 50 21 104 19 48 71 80 17 46 
4 51 22 105 2 49 72 101 18 47 68 79 
107 24 119 54 103 20 113 70 81 84 45 16 
52 5 108 1 114 73 102 83 100 69 78 67 
25 120 53 118 55 110 75 112 85 82 15 44 
6 91 56 109 74 115 86 99 64 77 66 35 
57 26 117 90 95 62 111 76 87 34 43 14 
92 7 94 61 116 89 98 63 40 65 36 33 
27 58 9 96 29 60 11 88 31 38 13 42 
8 93 28 59 10 97 30 39 12 41 32 37 
--
13 16 35 70 39 18 37 98 41 20 45 100 
34 69 14 17 36 93 40 19 102 99 42 21 
15 12 71 94 79 38 107 104 97 44 101 46 
68 33 78 87 92 105 96 119 108 103 22 43 
11 72 89 80 95 114 109 106 1 118 47 58 
32 67 86 77 88 91 120 113 110 59 2 23 
73 10 81 90 115 112 83 60 117 24 57 48 
66 31 76 85 82 61 116 111 56 49 52 3 
9 74 29 64 7 84 27 62 5 54 25 50 
30 65 8 75 28 63 6 55 26 51 4 53 
--
62 41 10 37 64 57 8 35 118 31 6 33 
11 38 63 60 9 36 107 56 7 34 115 30 
42 61 40 65 98 91 58 117 108 119 32 5 
39 12 77 92 59 106 103 110 55 116 29 114 
68 43 66 99 90 97 94 105 120 109 4 53 
13 76 69 78 93 104 111 102 95 54 113 28 
44 67 80 87 100 89 96 85 112 1 52 3 
75 14 73 70 79 86 101 20 49 84 27 24 
72 45 16 81 88 47 18 83 22 25 2 51 
15 74 71 46 17 82 21 48 19 50 23 26 
--
34 31 8 105 66 29 6 27 58 51 4 25 
9 108 33 30 7 118 65 52 5 26 59 50 
32 35 104 115 106 67 28 119 64 57 24 3 
109 10 107 82 103 120 117 68 53 2 49 60 
36 83 114 111 116 81 100 1 98 63 56 23 
11 110 89 102 95 112 97 78 69 54 61 48 
84 37 94 113 88 101 80 99 62 73 22 55 
15 12 87 90 93 96 77 74 79 70 47 44 
38 85 14 17 40 75 92 19 42 45 72 21 
13 16 39 86 91 18 41 76 71 20 43 46 
--
7 4 39 12 41 2 49 14 43 18 89 16 
38 11 6 3 50 13 42 47 94 15 44 19 
5 8 51 40 1 48 109 92 45 90 17 88 
52 37 10 57 110 115 46 95 108 93 20 79 
9 58 53 120 55 112 107 114 91 80 87 72 
36 63 56 111 116 119 100 85 96 73 78 21 
59 32 117 54 99 104 113 106 81 86 71 74 
64 35 62 103 118 101 82 97 84 77 22 25 
31 60 33 66 29 98 105 68 27 24 75 70 
34 65 30 61 102 67 28 83 76 69 26 23 
--
31 52 5 26 29 50 3 24 87 48 69 22 
6 27 30 51 4 25 92 49 70 23 86 47 
53 32 57 28 93 2 71 106 91 88 21 68 
56 7 54 35 72 105 120 89 66 101 46 85 
33 36 73 58 1 94 103 100 107 90 67 20 
8 55 34 95 104 111 108 119 102 65 84 45 
37 74 59 112 97 114 61 110 99 118 19 64 
12 9 96 77 60 109 98 115 62 81 44 83 
75 38 11 14 113 40 79 16 117 42 63 18 
10 13 76 39 78 15 116 41 80 17 82 43 
--
40 85 52 7 38 67 88 9 36 63 74 11 
53 6 39 86 103 8 37 66 89 10 35 62 
84 41 102 51 68 87 120 71 64 75 12 73 
5 54 83 104 117 70 65 90 115 72 61 34 
42 101 50 69 82 119 116 1 76 59 92 13 
49 4 55 118 105 2 81 114 91 108 33 60 
24 43 100 3 56 113 110 107 58 77 14 93 
99 48 25 44 111 106 57 80 109 94 17 32 
26 23 46 97 28 21 112 95 30 19 78 15 
47 98 27 22 45 96 29 20 79 16 31 18 
--
16 53 26 57 14 51 60 87 12 49 46 83 
25 28 15 52 59 88 13 50 79 84 11 48 
54 17 58 27 56 61 114 89 86 47 82 45 
29 24 55 62 115 102 91 80 113 78 85 10 
18 63 30 101 92 119 116 109 90 81 44 77 
23 32 93 120 103 110 97 118 75 112 9 72 
64 19 104 31 100 117 108 111 98 73 76 43 
33 22 1 94 105 96 99 74 107 40 71 8 
2 65 20 35 4 67 106 37 6 69 42 39 
21 34 3 66 95 36 5 68 41 38 7 70 
--
16 23 40 27 18 21 38 29 2 89 36 31 
41 26 17 22 39 28 19 110 37 30 3 88 
24 15 68 65 20 111 94 1 90 107 32 35 
63 42 25 74 95 66 117 106 109 34 87 4 
14 69 64 67 118 105 112 93 120 91 108 33 
43 62 75 96 73 98 119 116 103 100 5 86 
70 13 72 61 80 113 104 99 92 115 102 55 
47 44 79 76 97 60 81 114 101 54 85 6 
12 71 46 49 10 77 58 51 8 83 56 53 
45 48 11 78 59 50 9 82 57 52 7 84 
--
24 35 60 109 26 33 76 117 28 7 2 5 
61 54 25 34 77 118 27 32 1 4 29 8 
36 23 108 59 110 75 120 105 116 31 6 3 
55 62 53 78 119 106 115 102 95 104 9 30 
22 37 58 107 74 111 94 113 92 101 70 97 
47 56 63 52 79 114 91 100 103 96 85 10 
38 21 48 57 90 73 112 93 86 71 98 69 
43 46 41 64 51 80 87 72 99 84 11 14 
20 39 44 49 18 89 66 81 16 13 68 83 
45 42 19 40 65 50 17 88 67 82 15 12 
--
85 2 25 30 83 34 23 32 51 16 21 18 
26 29 84 1 24 31 82 35 22 19 50 15 
3 86 27 110 81 120 33 52 79 48 17 20 
28 111 88 117 106 109 80 115 36 53 14 49 
87 4 101 112 119 116 107 96 47 78 37 74 
64 89 118 105 108 97 114 77 72 75 54 13 
5 102 63 100 113 104 71 98 95 46 73 38 
62 65 90 103 70 99 94 41 76 55 12 45 
91 6 67 60 93 8 69 58 43 10 39 56 
66 61 92 7 68 59 42 9 40 57 44 11 
--
36 77 60 19 34 85 108 17 32 93 104 15 
61 20 35 84 107 18 33 100 105 16 31 92 
78 37 76 59 86 109 106 119 94 101 14 103 
21 62 83 112 75 120 87 110 99 118 91 30 
38 79 58 65 82 111 114 117 88 95 102 13 
57 22 63 80 113 74 1 96 115 98 29 90 
48 39 66 53 64 81 116 73 28 89 12 71 
23 56 47 50 67 52 43 2 97 72 9 6 
40 49 54 25 42 45 68 27 4 7 70 11 
55 24 41 46 51 26 3 44 69 10 5 8 
--
37 32 41 12 39 30 67 10 59 28 61 8 
42 13 38 31 68 11 104 29 66 9 58 27 
33 36 69 40 103 98 65 92 105 60 7 62 
14 43 34 99 80 113 106 97 64 93 26 57 
35 70 79 116 107 102 91 120 111 56 63 6 
44 15 100 81 114 117 112 55 96 53 94 25 
71 78 115 108 101 90 119 110 1 88 5 52 
16 45 82 75 118 109 20 89 54 95 24 87 
77 72 47 18 83 74 49 2 85 22 51 4 
46 17 76 73 48 19 84 21 50 3 86 23 
--
38 25 50 53 40 23 42 3 74 21 44 5 
51 54 39 24 49 2 81 22 43 4 71 20 
26 37 52 57 106 41 48 73 80 75 6 45 
55 58 107 94 1 96 105 82 47 72 19 70 
36 27 56 117 92 103 84 101 76 79 46 7 
59 110 93 108 95 120 97 104 83 18 69 78 
28 35 118 91 116 89 102 85 100 77 8 17 
111 60 109 32 119 98 115 88 15 66 11 68 
34 29 62 113 90 31 64 99 86 13 16 9 
61 112 33 30 63 114 87 14 65 10 67 12 
--
27 8 57 106 29 10 55 52 31 12 35 38 
58 107 28 9 56 119 30 11 54 37 32 13 
7 26 101 110 105 92 53 118 51 34 39 36 
98 59 108 81 102 111 120 91 48 71 14 33 
25 6 97 100 109 104 93 50 117 90 47 40 
60 99 82 103 80 1 112 115 72 49 70 15 
5 24 79 96 83 114 73 94 89 116 41 46 
78 61 84 21 2 95 88 113 44 67 16 69 
23 4 63 76 85 20 65 74 87 18 45 42 
62 77 22 3 64 75 86 19 66 43 68 17 
--
67 64 29 102 61 56 31 58 15 8 3 6 
28 91 66 63 30 99 60 55 2 5 14 9 
65 68 101 94 103 62 57 32 59 16 7 4 
90 27 92 117 100 83 98 1 54 33 10 13 
69 110 95 104 93 120 51 82 45 12 17 34 
26 89 116 109 118 97 84 75 50 53 44 11 
111 70 105 96 113 74 119 52 81 46 35 18 
88 25 112 115 108 85 78 49 76 43 38 41 
71 106 23 86 73 114 21 80 47 40 19 36 
24 87 72 107 22 79 48 77 20 37 42 39 
--
71 20 61 56 51 18 49 54 15 8 3 6 
60 57 70 19 62 55 52 17 2 5 14 9 
21 72 59 88 69 50 63 48 53 16 7 4 
58 89 74 99 112 85 68 1 64 35 10 13 
73 22 109 102 87 100 113 84 47 12 45 34 
90 75 98 107 114 111 86 67 120 65 36 11 
23 108 103 110 101 96 119 116 83 46 33 44 
76 91 78 97 106 115 82 41 66 117 30 37 
79 24 93 104 81 26 95 118 39 28 43 32 
92 77 80 25 94 105 40 27 42 31 38 29 
--
12 61 30 63 10 99 80 65 8 67 96 83 
29 32 11 100 79 64 9 112 97 82 7 68 
60 13 62 31 104 107 98 81 66 111 84 95 
33 28 103 58 101 78 113 106 109 94 69 6 
14 59 34 77 114 105 108 91 118 89 110 85 
27 36 41 102 57 54 119 116 93 86 5 70 
40 15 56 35 76 115 92 53 90 117 88 49 
23 26 37 42 55 44 19 120 87 48 71 4 
16 39 24 21 18 75 52 45 2 73 50 47 
25 22 17 38 43 20 1 74 51 46 3 72 
--
6 29 4 27 8 55 118 25 52 71 100 23 
3 10 7 56 117 26 53 104 115 24 51 70 
30 5 28 9 54 105 116 119 72 99 22 101 
11 2 57 106 87 120 95 110 103 114 69 50 
58 31 86 1 96 111 108 113 98 73 102 21 
85 12 61 82 107 88 97 94 109 92 49 68 
32 59 84 89 62 81 112 91 74 79 20 45 
13 38 35 60 83 90 75 80 93 46 67 48 
36 33 40 15 76 63 42 17 78 65 44 19 
39 14 37 34 41 16 77 64 43 18 47 66 
--
68 7 38 41 74 5 36 93 102 3 34 21 
39 42 67 6 37 94 103 4 35 20 117 2 
8 69 40 75 90 73 92 101 118 1 22 33 
43 66 79 72 95 104 97 108 31 116 19 120 
70 9 76 89 78 91 100 115 98 119 32 23 
65 44 71 80 105 96 107 82 109 30 113 18 
10 61 86 77 88 81 110 99 114 55 24 29 
45 64 47 60 85 106 83 56 27 112 17 54 
48 11 62 87 50 13 58 111 52 15 28 25 
63 46 49 12 59 84 51 14 57 26 53 16 
--
34 53 38 17 36 71 86 15 60 67 74 13 
39 18 35 102 55 16 59 72 85 14 61 66 
52 33 54 37 70 101 114 87 68 73 12 75 
19 40 103 56 119 58 69 100 109 84 65 62 
32 51 20 49 104 115 110 113 88 63 76 11 
21 2 41 118 57 120 97 108 99 112 83 64 
42 31 50 1 48 105 116 111 96 89 10 77 
3 22 47 44 117 26 95 98 107 80 91 82 
30 43 24 5 28 45 106 7 90 93 78 9 
23 4 29 46 25 6 27 94 79 8 81 92 
--
