--
21 14 33 36 23 12 9 
34 37 22 13 10 31 24 
15 20 35 32 41 8 11 
38 3 42 19 30 25 28 
1 16 5 40 27 18 7 
4 39 2 17 6 29 26 
--
7 10 5 24 35 12 27 
4 23 8 11 26 41 36 
9 6 25 34 37 28 13 
22 3 20 17 42 31 40 
19 16 1 38 33 14 29 
2 21 18 15 30 39 32 
--
18 9 38 29 20 7 4 
37 32 19 8 5 28 21 
10 17 36 39 30 3 6 
33 40 31 14 27 22 25 
16 11 42 35 24 13 2 
41 34 15 12 1 26 23 
--
23 26 1 12 15 34 41 
2 13 24 35 42 11 16 
25 22 27 14 31 40 33 
6 3 30 39 36 17 10 
21 28 5 8 19 32 37 
4 7 20 29 38 9 18 
--
24 27 12 37 8 21 10 
13 36 25 22 11 34 7 
26 23 28 35 38 9 20 
29 14 1 40 19 6 33 
2 41 16 31 4 39 18 
15 30 3 42 17 32 5 
--
4 15 2 33 6 17 20 
1 34 5 16 19 32 7 
14 3 42 35 28 21 18 
39 36 13 24 31 8 29 
12 25 38 41 10 27 22 
37 40 11 26 23 30 9 
--
13 2 21 32 11 8 19 
22 41 12 1 20 31 10 
3 14 33 40 9 18 7 
34 23 42 17 28 37 30 
15 4 25 36 39 6 27 
24 35 16 5 26 29 38 
--
30 25 12 39 8 23 10 
13 42 31 24 11 40 7 
26 29 38 41 32 9 22 
37 14 1 28 19 6 33 
2 27 16 35 4 21 18 
15 36 3 20 17 34 5 
--
2 39 36 15 18 21 34 
37 16 1 32 35 14 19 
40 3 38 17 20 33 22 
9 6 31 42 25 28 13 
4 41 8 11 30 23 26 
7 10 5 24 27 12 29 
--
5 22 39 30 3 20 15 
40 31 4 21 16 29 2 
23 6 41 38 1 14 19 
32 9 34 17 26 37 28 
7 24 11 42 35 18 13 
10 33 8 25 12 27 36 
--
13 32 29 2 11 40 23 
30 3 12 39 24 1 10 
33 14 31 28 9 22 41 
4 17 38 35 42 25 8 
15 34 19 6 27 36 21 
18 5 16 37 20 7 26 
--
40 33 38 15 18 21 2 
37 14 41 32 1 16 19 
34 39 36 17 20 3 22 
13 28 25 42 31 6 9 
26 35 30 11 8 23 4 
29 12 27 24 5 10 7 
--
24 39 18 15 26 29 2 
19 14 25 38 1 16 27 
40 23 42 17 28 3 30 
13 20 35 32 37 6 9 
34 41 22 11 8 31 4 
21 12 33 36 5 10 7 
--
40 33 38 15 18 21 2 
37 14 41 32 1 16 19 
34 39 36 17 20 3 22 
13 28 31 42 25 6 9 
30 35 26 11 8 23 4 
27 12 29 24 5 10 7 
--
4 21 38 29 2 19 14 
37 32 3 20 15 28 1 
22 5 36 39 30 13 18 
33 8 31 16 25 42 27 
6 23 10 35 40 17 12 
9 34 7 24 11 26 41 
--
2 5 26 19 22 7 24 
27 18 3 6 25 32 21 
4 1 28 39 20 23 8 
17 40 15 12 33 36 31 
14 11 42 29 38 9 34 
41 16 13 10 35 30 37 
--
13 4 33 22 15 2 41 
32 23 14 3 42 21 16 
5 12 31 34 17 40 1 
26 29 24 9 20 37 18 
11 6 27 30 35 8 39 
28 25 10 7 38 19 36 
--
41 26 23 12 15 34 21 
24 13 40 35 22 11 16 
27 42 25 14 31 20 33 
6 3 30 39 36 17 10 
1 28 5 8 19 32 37 
4 7 2 29 38 9 18 
--
4 23 20 17 2 41 36 
21 18 3 34 37 16 1 
24 5 22 19 42 35 40 
11 8 27 38 33 30 15 
6 25 10 13 28 39 32 
9 12 7 26 31 14 29 
--
32 39 30 15 18 21 2 
29 14 33 38 1 16 19 
40 31 42 17 20 3 22 
13 28 37 34 25 6 9 
36 41 26 11 8 23 4 
27 12 35 24 5 10 7 
--
19 8 25 38 17 2 23 
26 37 18 9 24 35 16 
7 20 39 36 1 22 3 
40 27 10 21 32 15 34 
11 6 29 42 13 4 31 
28 41 12 5 30 33 14 
--
37 40 9 26 5 28 7 
10 21 38 41 8 19 4 
39 36 25 20 27 6 29 
22 11 42 33 16 3 18 
35 32 13 24 1 30 15 
12 23 34 31 14 17 2 
--
26 29 4 15 18 39 2 
5 16 27 42 3 14 19 
28 25 30 17 40 1 38 
9 6 41 32 35 20 13 
24 31 8 11 22 37 34 
7 10 23 36 33 12 21 
--
32 39 30 15 18 21 2 
29 14 33 38 1 16 19 
40 31 42 17 20 3 22 
13 28 37 34 25 6 9 
36 41 26 11 8 23 4 
27 12 35 24 5 10 7 
--
29 12 27 24 5 10 7 
26 23 30 11 8 41 4 
13 28 25 42 31 6 9 
22 33 20 17 38 3 40 
19 14 35 32 1 16 37 
34 21 18 15 36 39 2 
--
32 39 30 15 18 21 2 
29 14 33 38 1 16 19 
40 31 42 17 20 3 22 
13 28 37 34 25 6 9 
36 41 26 11 8 23 4 
27 12 35 24 5 10 7 
--
4 19 16 33 2 25 14 
17 32 3 26 15 38 1 
20 5 18 39 34 13 24 
31 8 29 22 27 42 37 
6 21 10 35 40 23 12 
9 30 7 28 11 36 41 
--
7 10 5 24 29 12 27 
4 23 8 11 26 35 30 
9 6 25 42 31 28 13 
22 3 20 17 36 39 34 
19 16 1 32 41 14 37 
2 21 18 15 38 33 40 
--
13 2 21 32 11 8 19 
22 41 12 1 20 31 10 
3 14 33 40 9 18 7 
34 23 42 17 28 37 30 
15 4 25 36 39 6 27 
24 35 16 5 26 29 38 
--
13 28 25 2 11 34 23 
26 3 12 35 24 1 10 
29 14 27 42 9 22 33 
4 17 38 31 36 41 8 
15 30 19 6 39 32 21 
18 5 16 37 20 7 40 
--
5 22 33 30 3 20 15 
32 35 4 21 16 29 2 
23 6 31 34 1 14 19 
36 9 42 17 26 39 28 
7 24 11 38 41 18 13 
10 37 8 25 12 27 40 
--
40 33 38 15 18 21 2 
37 14 41 32 1 16 19 
34 39 36 17 20 3 22 
13 28 31 42 25 6 9 
30 35 26 11 8 23 4 
27 12 29 24 5 10 7 
--
5 22 39 30 3 20 15 
40 31 4 21 16 29 2 
23 6 41 38 1 14 19 
32 9 34 17 26 37 28 
7 24 11 42 35 18 13 
10 33 8 25 12 27 36 
--
29 12 27 24 5 10 7 
26 23 30 11 8 41 4 
13 28 25 42 31 6 9 
22 33 20 17 38 3 40 
19 14 35 32 1 16 37 
34 21 18 15 36 39 2 
--
38 29 18 1 16 35 26 
19 8 39 36 27 2 15 
30 37 28 17 42 25 34 
7 20 9 40 33 14 3 
10 31 22 5 12 41 24 
21 6 11 32 23 4 13 
--
32 39 30 15 18 21 2 
29 14 33 38 1 16 19 
40 31 42 17 20 3 22 
13 28 37 34 25 6 9 
36 41 26 11 8 23 4 
27 12 35 24 5 10 7 
--
26 29 6 17 2 41 4 
7 18 27 36 5 16 1 
28 25 30 19 42 3 40 
11 8 37 32 35 20 15 
24 31 10 13 22 39 34 
9 12 23 38 33 14 21 
--
13 28 25 2 11 36 23 
26 3 12 37 24 1 10 
29 14 27 42 9 22 35 
4 17 38 31 34 41 8 
15 30 19 6 39 32 21 
18 5 16 33 20 7 40 
--
35 2 29 14 27 8 41 
30 15 36 9 42 13 26 
3 34 1 28 19 40 7 
16 31 20 37 10 25 12 
21 4 33 18 23 6 39 
32 17 22 5 38 11 24 
--
26 33 4 15 18 39 2 
5 16 27 42 3 14 19 
34 25 32 17 40 1 38 
9 6 41 28 31 20 13 
24 35 8 11 22 37 30 
7 10 23 36 29 12 21 
--
29 12 27 24 5 10 7 
26 23 30 11 8 41 4 
13 28 25 42 31 6 9 
22 35 20 17 40 3 32 
19 14 37 34 1 16 39 
36 21 18 15 38 33 2 
--
29 12 27 24 5 10 7 
26 23 30 11 8 41 4 
13 28 25 42 31 6 9 
22 33 20 17 38 3 40 
19 14 35 32 1 16 37 
34 21 18 15 36 39 2 
--
38 29 18 5 16 35 26 
19 6 39 36 27 4 15 
30 37 28 17 42 25 34 
7 20 9 40 33 14 3 
10 31 22 1 12 41 24 
21 8 11 32 23 2 13 
--
41 26 15 12 1 32 23 
16 11 42 33 24 13 2 
27 40 25 14 35 22 31 
10 17 34 37 30 3 6 
39 28 19 8 5 36 21 
18 9 38 29 20 7 4 
--
7 18 5 40 9 20 23 
4 41 8 19 22 39 10 
17 6 37 42 31 24 21 
36 3 16 27 38 11 32 
15 28 1 34 13 30 25 
2 35 14 29 26 33 12 
--
12 25 34 31 14 17 2 
35 32 13 26 1 30 15 
24 11 42 33 16 3 18 
39 36 23 20 27 6 29 
10 21 38 41 8 19 4 
37 40 9 22 5 28 7 
--
13 4 23 32 11 6 21 
24 41 12 5 22 31 10 
3 14 33 40 9 20 7 
34 25 42 17 28 37 30 
15 2 27 36 39 8 19 
26 35 16 1 18 29 38 
--
32 39 30 15 18 21 2 
29 14 33 38 1 16 19 
40 31 42 17 20 3 22 
13 28 37 34 25 6 9 
36 41 26 11 8 23 4 
27 12 35 24 5 10 7 
--
4 15 2 33 6 17 20 
1 34 5 16 19 32 7 
14 3 42 35 28 21 18 
39 36 13 24 31 8 29 
12 25 38 41 10 27 22 
37 40 11 26 23 30 9 
--
18 5 16 29 20 3 40 
15 32 19 4 39 30 21 
6 17 28 31 22 41 2 
27 14 33 42 9 38 23 
34 7 12 25 36 1 10 
13 26 35 8 11 24 37 
--
13 2 23 32 11 8 21 
24 41 12 1 22 31 10 
3 14 33 40 9 20 7 
34 25 42 17 28 37 30 
15 4 27 36 39 6 19 
26 35 16 5 18 29 38 
--
2 39 36 15 18 21 34 
37 16 1 32 35 14 19 
40 3 38 17 20 33 22 
9 6 31 42 25 28 13 
4 41 8 11 30 23 26 
7 10 5 24 27 12 29 
--
13 4 23 32 11 6 21 
24 41 12 5 22 31 10 
3 14 33 40 9 20 7 
34 25 42 17 28 37 30 
15 2 27 36 39 8 19 
26 35 16 1 18 29 38 
--
38 29 26 5 16 35 24 
27 6 39 36 25 4 15 
30 37 28 17 42 23 34 
7 18 9 40 33 14 3 
10 31 20 1 12 41 22 
19 8 11 32 21 2 13 
--
38 29 26 5 16 35 24 
27 6 39 36 25 4 15 
30 37 28 17 42 23 34 
7 18 9 40 33 14 3 
10 31 20 1 12 41 22 
19 8 11 32 21 2 13 
--
2 39 36 15 18 21 34 
37 16 1 32 35 14 19 
40 3 38 17 20 33 22 
9 6 31 42 25 28 13 
4 41 8 11 30 23 26 
7 10 5 24 27 12 29 
--
13 28 25 8 11 34 23 
26 7 12 35 24 1 10 
29 14 27 42 9 22 33 
6 17 38 31 36 41 2 
15 30 19 4 39 32 21 
18 5 16 37 20 3 40 
--
36 27 12 25 8 33 10 
13 18 35 42 11 24 7 
28 37 26 17 34 9 32 
19 14 1 38 41 6 23 
2 29 16 21 4 31 40 
15 20 3 30 39 22 5 
--
37 30 35 10 13 16 41 
34 9 38 29 42 11 14 
31 36 33 12 15 40 17 
8 23 20 39 28 1 4 
21 32 25 6 3 18 27 
24 7 22 19 26 5 2 
--
7 40 5 22 9 24 35 
4 21 8 41 36 15 10 
39 6 37 14 23 34 25 
20 3 28 31 42 11 16 
29 38 1 18 13 26 33 
2 19 30 27 32 17 12 
--
34 1 40 27 16 7 18 
41 28 33 8 19 26 15 
2 35 42 39 32 17 6 
29 38 9 20 23 14 25 
10 3 36 31 12 5 22 
37 30 11 4 21 24 13 
--
7 10 5 24 35 12 27 
4 23 8 11 26 41 36 
9 6 25 34 37 28 13 
22 3 20 17 42 31 40 
19 16 1 38 33 14 29 
2 21 18 15 30 39 32 
--
37 30 35 10 13 16 41 
34 9 38 29 42 11 14 
31 36 33 12 15 40 17 
8 23 20 39 28 1 4 
21 32 25 6 3 18 27 
24 7 22 19 26 5 2 
--
5 22 39 30 3 20 15 
40 31 4 21 16 29 2 
23 6 41 38 1 14 19 
32 9 34 17 26 37 28 
7 24 11 42 35 18 13 
10 33 8 25 12 27 36 
--
32 39 30 15 18 21 2 
29 14 33 38 1 16 19 
40 31 42 17 20 3 22 
13 28 37 34 25 6 9 
36 41 26 11 8 23 4 
27 12 35 24 5 10 7 
--
4 15 2 33 6 17 20 
1 34 5 16 19 32 7 
14 3 42 35 28 21 18 
39 36 13 24 31 8 29 
12 25 38 41 10 27 22 
37 40 11 26 23 30 9 
--
18 9 38 29 2 7 4 
37 32 19 8 5 28 1 
10 17 36 39 30 3 6 
33 20 31 14 25 42 27 
16 11 22 35 40 13 24 
21 34 15 12 23 26 41 
--
40 21 4 15 36 27 2 
5 16 39 28 3 14 37 
22 41 20 35 38 1 26 
17 6 29 42 11 34 13 
30 23 8 19 32 25 10 
7 18 31 24 9 12 33 
--
26 7 20 41 16 5 18 
21 36 27 6 19 34 15 
8 25 42 35 40 17 4 
37 22 9 28 31 14 33 
10 1 24 39 12 3 30 
23 38 11 2 29 32 13 
--
38 29 26 1 16 35 24 
27 8 39 36 25 2 15 
30 37 28 17 42 23 34 
7 18 9 40 33 14 3 
10 31 20 5 12 41 22 
19 6 11 32 21 4 13 
--
41 12 9 24 33 18 7 
10 25 42 19 8 23 34 
13 40 11 32 35 6 17 
26 1 36 39 20 29 22 
37 14 3 28 31 16 5 
2 27 38 15 4 21 30 
--
4 15 2 33 6 17 20 
1 34 5 16 19 32 7 
14 3 42 35 28 21 18 
39 36 13 24 31 8 29 
12 25 38 41 10 27 22 
37 40 11 26 23 30 9 
--
32 39 30 15 18 21 2 
29 14 33 38 1 16 19 
40 31 42 17 20 3 22 
13 28 37 34 25 6 9 
36 41 26 11 8 23 4 
27 12 35 24 5 10 7 
--
19 8 27 34 17 2 25 
28 33 18 9 26 35 16 
7 20 39 32 1 24 3 
40 29 10 21 38 15 36 
11 6 31 42 13 4 23 
30 41 12 5 22 37 14 
--
2 5 26 19 22 7 24 
27 18 3 6 25 38 21 
4 1 28 39 20 23 8 
17 40 15 12 37 34 31 
14 11 42 29 32 9 36 
41 16 13 10 35 30 33 
--
9 32 23 26 11 30 41 
22 25 10 31 40 27 12 
33 8 39 24 13 42 29 
18 21 34 37 28 3 14 
7 38 19 16 5 36 1 
20 17 6 35 2 15 4 
--
2 29 18 15 4 39 26 
19 14 3 42 27 16 5 
30 1 28 17 38 25 40 
13 20 35 32 41 6 9 
34 31 22 11 8 37 24 
21 12 33 36 23 10 7 
--
37 30 35 10 13 16 41 
34 9 38 29 42 11 14 
31 36 33 12 15 40 17 
8 23 20 39 28 1 4 
21 32 25 6 3 18 27 
24 7 22 19 26 5 2 
--
2 5 26 19 22 7 24 
27 18 3 6 25 38 21 
4 1 28 39 20 23 8 
17 40 15 12 37 34 31 
14 11 42 29 32 9 36 
41 16 13 10 35 30 33 
--
2 29 18 15 4 39 26 
19 14 3 42 27 16 5 
30 1 28 17 38 25 40 
13 20 35 32 41 6 9 
34 31 22 11 8 37 24 
21 12 33 36 23 10 7 
--
40 7 20 37 16 5 18 
21 32 39 6 19 30 15 
8 41 36 31 38 17 4 
33 22 9 42 27 14 29 
10 1 24 35 12 3 26 
23 34 11 2 25 28 13 
--
7 10 5 24 29 12 27 
4 23 8 11 26 39 30 
9 6 25 38 31 28 13 
22 3 20 17 40 37 34 
19 16 1 32 35 14 41 
2 21 18 15 42 33 36 
--
13 2 21 32 11 8 19 
22 41 12 1 20 31 10 
3 14 33 40 9 18 7 
34 23 42 17 28 37 30 
15 4 25 36 39 6 27 
24 35 16 5 26 29 38 
--
40 33 38 15 18 21 2 
37 14 41 32 1 16 19 
34 39 36 17 20 3 22 
13 28 25 42 31 6 9 
26 35 30 11 8 23 4 
29 12 27 24 5 10 7 
--
32 39 30 15 18 21 2 
29 14 33 38 1 16 19 
40 31 42 17 20 3 22 
13 28 37 34 25 6 9 
36 41 26 11 8 23 4 
27 12 35 24 5 10 7 
--
29 14 31 26 7 12 9 
32 39 28 13 10 25 6 
15 30 33 38 27 8 11 
40 35 42 19 22 5 24 
1 16 37 34 3 18 21 
36 41 2 17 20 23 4 
--
7 28 5 22 9 40 37 
4 19 8 41 38 21 10 
29 6 27 20 23 36 39 
18 3 16 33 42 11 24 
15 30 1 26 13 32 35 
2 17 14 31 34 25 12 
--
7 10 5 24 29 12 27 
4 23 8 11 26 35 30 
9 6 25 42 31 28 13 
22 3 20 17 36 39 34 
19 16 1 32 41 14 37 
2 21 18 15 38 33 40 
--
2 19 38 27 36 17 12 
39 28 1 18 13 26 35 
20 3 40 37 42 11 16 
29 6 31 14 23 34 25 
4 21 8 41 32 15 10 
7 30 5 22 9 24 33 
--
29 12 27 24 5 10 7 
26 23 30 11 8 41 4 
13 28 25 42 31 6 9 
22 35 20 17 40 3 32 
19 14 37 34 1 16 39 
36 21 18 15 38 33 2 
--
33 24 9 22 5 30 7 
10 21 32 41 8 15 4 
25 34 23 14 31 6 29 
20 11 42 37 40 3 16 
35 26 13 18 1 28 39 
12 19 36 27 38 17 2 
--
5 22 39 30 3 20 15 
40 31 4 21 16 29 2 
23 6 41 38 1 14 19 
32 9 34 17 26 37 28 
7 24 11 42 35 18 13 
10 33 8 25 12 27 36 
--
5 34 17 20 3 36 15 
18 21 4 35 16 27 2 
33 6 19 28 1 14 37 
22 9 32 41 38 29 26 
7 40 11 24 31 42 13 
10 23 8 39 12 25 30 
--
4 23 20 17 2 41 36 
21 18 3 34 37 16 1 
24 5 22 19 42 35 40 
11 8 27 38 33 30 15 
6 25 10 13 28 39 32 
9 12 7 26 31 14 29 
--
13 28 25 8 11 36 23 
26 1 12 37 24 7 10 
29 14 27 42 9 22 35 
2 17 38 31 34 41 6 
15 30 19 4 39 32 21 
18 3 16 33 20 5 40 
--
38 29 26 1 16 35 24 
27 8 39 36 25 2 15 
30 37 28 17 42 23 34 
7 18 9 40 33 14 3 
10 31 20 5 12 41 22 
19 6 11 32 21 4 13 
--
13 2 23 32 11 8 21 
24 41 12 1 22 31 10 
3 14 33 40 9 20 7 
34 25 42 17 28 37 30 
15 4 27 36 39 6 19 
26 35 16 5 18 29 38 
--
36 41 18 7 16 29 26 
19 8 37 34 27 6 15 
40 35 42 17 30 25 28 
1 20 9 38 33 14 5 
10 39 22 3 12 31 24 
21 2 11 32 23 4 13 
--
21 32 19 12 23 26 41 
18 11 22 31 40 13 24 
33 20 39 14 25 42 27 
10 17 34 37 30 3 6 
35 38 15 8 5 28 1 
16 9 36 29 2 7 4 
--
41 36 11 28 7 30 9 
12 23 40 35 10 21 6 
37 42 27 22 29 8 31 
24 13 34 39 18 5 20 
1 38 15 26 3 32 17 
14 25 2 33 16 19 4 
--
26 23 12 39 8 21 10 
13 42 25 22 11 40 7 
24 27 38 41 32 9 20 
37 14 1 28 19 6 33 
2 29 16 35 4 31 18 
15 36 3 30 17 34 5 
--
13 24 21 4 11 30 37 
22 5 12 31 36 3 10 
25 14 23 20 9 38 29 
6 17 32 39 42 35 2 
15 26 19 8 33 28 41 
18 7 16 27 40 1 34 
--
30 21 4 15 38 27 2 
5 16 31 28 3 14 37 
22 29 20 39 36 1 26 
17 6 35 32 11 40 13 
34 23 8 19 42 25 10 
7 18 33 24 9 12 41 
--
7 10 5 24 29 12 27 
4 23 8 11 26 41 30 
9 6 25 42 31 28 13 
22 3 20 17 40 37 34 
19 16 1 32 35 14 39 
2 21 18 15 38 33 36 
--
38 29 18 5 16 35 26 
19 6 39 36 27 4 15 
30 37 28 17 42 25 34 
7 20 9 40 33 14 3 
10 31 22 1 12 41 24 
21 8 11 32 23 2 13 
--
36 29 26 1 16 41 24 
27 8 37 34 25 2 15 
30 35 28 17 42 23 40 
7 18 9 38 33 14 3 
10 31 20 5 12 39 22 
19 6 11 32 21 4 13 
--
29 12 27 24 5 10 7 
26 23 30 11 8 41 4 
13 28 25 42 31 6 9 
22 33 20 17 38 3 40 
19 14 35 32 1 16 37 
34 21 18 15 36 39 2 
--
4 19 16 33 2 27 14 
17 32 3 28 15 38 1 
20 5 18 39 34 13 26 
31 8 29 22 25 42 37 
6 21 10 35 40 23 12 
9 30 7 24 11 36 41 
--
41 12 9 24 33 18 7 
10 25 42 19 8 23 34 
13 40 11 32 35 6 17 
26 1 36 39 20 29 22 
37 14 3 28 31 16 5 
2 27 38 15 4 21 30 
--
38 29 18 5 16 35 26 
19 6 39 36 27 4 15 
30 37 28 17 42 25 34 
7 20 9 40 33 14 3 
10 31 22 1 12 41 24 
21 8 11 32 23 2 13 
--
4 7 20 29 38 9 18 
21 36 5 8 19 28 39 
6 3 30 37 34 17 10 
31 22 35 14 25 40 27 
2 13 24 33 42 11 16 
23 32 1 12 15 26 41 
--
13 4 23 32 11 6 21 
24 41 12 5 22 31 10 
3 14 33 40 9 20 7 
34 25 42 17 28 37 30 
15 2 27 36 39 8 19 
26 35 16 1 18 29 38 
--
30 23 12 39 8 25 10 
13 42 31 24 11 40 7 
22 29 38 41 32 9 26 
37 14 1 28 19 6 33 
2 21 16 35 4 27 18 
15 36 3 20 17 34 5 
--
33 30 35 10 13 16 41 
36 9 32 29 42 11 14 
31 34 37 12 15 40 17 
8 23 20 39 28 1 4 
21 38 25 6 3 18 27 
24 7 22 19 26 5 2 
--
33 30 35 10 13 16 41 
36 9 32 29 42 11 14 
31 34 37 12 15 40 17 
8 23 20 39 28 1 4 
21 38 25 6 3 18 27 
24 7 22 19 26 5 2 
--
40 7 20 37 16 5 18 
21 32 39 6 19 30 15 
8 41 36 31 38 17 4 
33 22 9 42 27 14 29 
10 1 24 35 12 3 26 
23 34 11 2 25 28 13 
--
18 9 38 29 20 7 4 
37 32 19 8 5 28 21 
10 17 36 39 30 3 6 
33 40 31 14 27 22 25 
16 11 42 35 24 13 2 
41 34 15 12 1 26 23 
--
36 29 26 1 16 41 24 
27 8 37 34 25 2 15 
30 35 28 17 42 23 40 
7 18 9 38 33 14 3 
10 31 20 5 12 39 22 
19 6 11 32 21 4 13 
--
37 24 27 12 31 40 29 
26 11 36 39 28 13 32 
23 38 25 14 33 30 41 
10 17 20 35 42 3 6 
19 22 15 8 5 34 1 
16 9 18 21 2 7 4 
--
7 28 5 22 9 40 37 
4 19 8 41 38 21 10 
29 6 27 20 23 36 39 
18 3 16 33 42 11 24 
15 30 1 26 13 32 35 
2 17 14 31 34 25 12 
--
4 7 20 29 38 9 18 
21 36 5 8 19 28 39 
6 3 30 37 34 17 10 
31 22 35 14 25 40 27 
2 13 24 33 42 11 16 
23 32 1 12 15 26 41 
--
2 29 26 15 18 37 24 
27 16 1 38 25 14 19 
30 3 28 17 42 23 36 
9 6 39 32 35 20 13 
4 31 8 11 22 41 34 
7 10 5 40 33 12 21 
--
7 10 5 24 35 12 27 
4 23 8 11 26 41 36 
9 6 25 34 37 28 13 
22 3 20 17 42 31 40 
19 16 1 38 33 14 29 
2 21 18 15 30 39 32 
--
2 5 26 19 22 7 24 
27 18 3 6 25 32 21 
4 1 28 39 20 23 8 
17 40 15 12 33 36 31 
14 11 42 29 38 9 34 
41 16 13 10 35 30 37 
--
32 39 30 15 18 21 2 
29 14 33 38 1 16 19 
40 31 42 17 20 3 22 
13 28 37 34 25 6 9 
36 41 26 11 8 23 4 
27 12 35 24 5 10 7 
--
23 26 1 12 15 38 41 
2 13 24 39 42 11 16 
25 22 27 14 31 40 37 
6 3 30 33 36 17 10 
21 28 5 8 19 32 35 
4 7 20 29 34 9 18 
--
7 28 5 22 9 40 37 
4 19 8 41 38 21 10 
29 6 27 20 23 36 39 
18 3 16 33 42 11 24 
15 30 1 26 13 32 35 
2 17 14 31 34 25 12 
--
13 2 21 32 11 8 19 
22 41 12 1 20 31 10 
3 14 33 40 9 18 7 
34 23 42 17 28 37 30 
15 4 25 36 39 6 27 
24 35 16 5 26 29 38 
--
40 27 12 25 8 37 10 
13 18 41 38 11 24 7 
28 39 26 17 42 9 36 
19 14 1 34 31 6 23 
2 29 16 21 4 35 32 
15 20 3 30 33 22 5 
--
36 29 26 5 16 41 24 
27 6 37 34 25 4 15 
30 35 28 17 42 23 40 
7 18 9 38 33 14 3 
10 31 20 1 12 39 22 
19 8 11 32 21 2 13 
--
37 40 11 24 7 30 9 
12 23 36 39 10 21 6 
41 38 25 22 29 8 31 
26 13 42 35 18 5 20 
1 34 15 28 3 32 17 
14 27 2 33 16 19 4 
--
16 7 28 25 18 5 2 
27 24 17 6 3 36 19 
8 15 26 29 20 1 4 
23 30 21 12 35 40 37 
14 9 32 39 42 11 34 
31 22 13 10 33 38 41 
--
23 26 1 12 15 34 41 
2 13 24 35 42 11 16 
25 22 27 14 31 40 33 
6 3 30 39 36 17 10 
21 28 5 8 19 32 37 
4 7 20 29 38 9 18 
--
4 19 16 33 2 25 14 
17 32 3 26 15 38 1 
20 5 18 39 34 13 24 
31 8 29 22 27 42 37 
6 21 10 35 40 23 12 
9 30 7 28 11 36 41 
--
18 9 38 29 20 7 4 
37 32 19 8 5 28 21 
10 17 36 39 30 3 6 
33 40 31 14 27 22 25 
16 11 42 35 24 13 2 
41 34 15 12 1 26 23 
--
2 5 26 19 22 7 24 
27 18 3 6 25 38 21 
4 1 28 39 20 23 8 
17 40 15 12 37 34 31 
14 11 42 29 32 9 36 
41 16 13 10 35 30 33 
--
2 29 26 15 18 39 24 
27 16 1 40 25 14 19 
30 3 28 17 42 23 38 
9 6 41 32 35 20 13 
4 31 8 11 22 37 34 
7 10 5 36 33 12 21 
--
30 23 12 39 8 25 10 
13 42 31 24 11 40 7 
22 29 38 41 32 9 26 
37 14 1 28 19 6 33 
2 21 16 35 4 27 18 
15 36 3 20 17 34 5 
--
38 29 26 1 16 35 24 
27 8 39 36 25 2 15 
30 37 28 17 42 23 34 
7 18 9 40 33 14 3 
10 31 20 5 12 41 22 
19 6 11 32 21 4 13 
--
4 23 20 17 2 41 36 
21 18 3 34 37 16 1 
24 5 22 19 42 35 40 
11 8 27 38 33 30 15 
6 25 10 13 28 39 32 
9 12 7 26 31 14 29 
--
41 36 11 24 7 30 9 
12 23 40 35 10 21 6 
37 42 25 22 29 8 31 
26 13 34 39 18 5 20 
1 38 15 28 3 32 17 
14 27 2 33 16 19 4 
--
38 29 26 5 16 35 24 
27 6 39 36 25 4 15 
30 37 28 17 42 23 34 
7 18 9 40 33 14 3 
10 31 20 1 12 41 22 
19 8 11 32 21 2 13 
--
24 17 6 27 2 15 4 
7 36 25 16 5 34 1 
18 23 28 35 26 3 14 
29 8 37 22 13 42 33 
38 19 10 31 40 21 12 
9 30 39 20 11 32 41 
--
2 39 36 15 18 21 34 
37 16 1 32 35 14 19 
40 3 38 17 20 33 22 
9 6 25 42 31 28 13 
4 41 8 11 26 23 30 
7 10 5 24 29 12 27 
--
13 4 21 32 11 6 19 
22 39 12 5 20 31 10 
3 14 33 38 9 18 7 
40 23 42 17 28 35 30 
15 2 25 34 37 8 27 
24 41 16 1 26 29 36 
--
2 5 26 19 22 7 24 
27 18 3 6 25 38 21 
4 1 28 39 20 23 8 
17 40 15 12 37 34 31 
14 11 42 29 32 9 36 
41 16 13 10 35 30 33 
--
32 39 30 15 18 21 2 
29 14 33 38 1 16 19 
40 31 42 17 20 3 22 
13 28 37 34 25 6 9 
36 41 26 11 8 23 4 
27 12 35 24 5 10 7 
--
30 23 12 39 8 21 10 
13 42 31 22 11 40 7 
24 29 38 41 32 9 20 
37 14 1 28 19 6 33 
2 25 16 35 4 27 18 
15 36 3 26 17 34 5 
--
4 23 20 17 2 41 36 
21 18 3 34 37 16 1 
24 5 22 19 42 35 40 
11 8 27 38 33 30 15 
6 25 10 13 28 39 32 
9 12 7 26 31 14 29 
--
30 23 12 39 8 25 10 
13 42 31 24 11 40 7 
22 29 38 41 32 9 26 
37 14 1 28 19 6 33 
2 21 16 35 4 27 18 
15 36 3 20 17 34 5 
--
40 27 12 25 8 37 10 
13 18 41 38 11 24 7 
28 39 26 17 42 9 36 
19 14 1 34 31 6 23 
2 29 16 21 4 35 32 
15 20 3 30 33 22 5 
--
4 19 16 33 2 25 14 
17 32 3 26 15 38 1 
20 5 18 39 34 13 24 
31 8 29 22 27 42 37 
6 21 10 35 40 23 12 
9 30 7 28 11 36 41 
--
33 24 9 22 5 30 7 
10 15 32 41 8 21 4 
25 34 23 14 31 6 29 
16 11 42 37 40 3 20 
35 26 13 18 1 28 39 
12 17 36 27 38 19 2 
--
14 33 30 5 12 41 28 
31 4 13 42 29 6 11 
34 15 32 21 10 27 40 
3 22 1 36 39 20 7 
16 35 24 9 18 37 26 
23 2 17 38 25 8 19 
--
41 26 11 24 7 34 9 
12 23 40 35 10 17 6 
27 42 25 16 31 8 33 
22 13 30 39 36 5 18 
1 28 15 20 3 32 37 
14 21 2 29 38 19 4 
--
39 22 25 12 29 32 27 
24 11 38 41 26 13 30 
21 40 23 14 31 28 33 
10 17 20 37 42 3 6 
19 36 15 8 5 34 1 
16 9 18 35 2 7 4 
--
13 28 25 2 11 34 23 
26 3 12 35 24 1 10 
29 14 27 42 9 22 33 
4 17 38 31 36 41 8 
15 30 19 6 39 32 21 
18 5 16 37 20 7 40 
--
9 30 23 26 11 40 37 
22 27 10 41 38 25 12 
29 8 31 24 13 36 39 
18 21 28 35 42 3 14 
7 32 19 16 5 34 1 
20 17 6 33 2 15 4 
--
2 29 18 15 4 39 26 
19 14 3 42 27 16 5 
30 1 28 17 38 25 40 
13 20 35 32 41 6 9 
34 31 22 11 8 37 24 
21 12 33 36 23 10 7 
--
32 39 30 15 18 21 2 
29 14 33 38 1 16 19 
40 31 42 17 20 3 22 
13 28 37 34 25 6 9 
36 41 26 11 8 23 4 
27 12 35 24 5 10 7 
--
4 23 20 17 2 29 36 
21 18 3 38 35 16 1 
24 5 22 19 28 37 30 
11 8 39 34 31 42 15 
6 25 10 13 40 27 32 
9 12 7 26 33 14 41 
--
4 7 20 29 38 9 18 
21 36 5 8 19 28 39 
6 3 30 37 34 17 10 
31 22 35 14 25 40 27 
2 13 24 33 42 11 16 
23 32 1 12 15 26 41 
--
13 4 21 32 11 6 19 
22 39 12 5 20 31 10 
3 14 33 38 9 18 7 
40 23 42 17 28 35 30 
15 2 25 34 37 8 27 
24 41 16 1 26 29 36 
--
13 28 25 8 11 34 23 
26 1 12 35 24 7 10 
29 14 27 42 9 22 33 
2 17 38 31 36 41 6 
15 30 19 4 39 32 21 
18 3 16 37 20 5 40 
--
10 23 20 41 2 31 18 
21 34 11 32 19 42 3 
24 9 22 1 40 17 30 
35 12 33 26 29 4 39 
8 25 14 37 6 27 16 
13 36 7 28 15 38 5 
--
40 7 20 33 16 5 18 
21 32 39 6 19 30 15 
8 41 34 31 38 17 4 
35 22 9 42 27 14 29 
10 1 24 37 12 3 26 
23 36 11 2 25 28 13 
--
23 26 1 12 15 34 41 
2 13 24 35 42 11 16 
25 22 27 14 31 40 33 
6 3 30 39 36 17 10 
21 28 5 8 19 32 37 
4 7 20 29 38 9 18 
--
37 30 35 10 13 16 41 
34 9 38 29 42 11 14 
31 36 33 12 15 40 17 
8 23 20 39 28 1 4 
21 32 25 6 3 18 27 
24 7 22 19 26 5 2 
--
4 7 20 29 38 9 18 
21 36 5 8 19 28 39 
6 3 30 37 34 17 10 
31 22 35 14 25 40 27 
2 13 24 33 42 11 16 
23 32 1 12 15 26 41 
--
13 4 23 32 11 6 21 
24 39 12 5 22 31 10 
3 14 33 38 9 20 7 
40 25 42 17 28 35 30 
15 2 27 34 37 8 19 
26 41 16 1 18 29 36 
--
29 14 31 26 7 12 9 
32 39 28 13 10 25 6 
15 30 33 38 27 8 11 
40 35 42 19 22 5 24 
1 16 37 34 3 18 21 
36 41 2 17 20 23 4 
--
30 25 12 39 8 23 10 
13 42 31 24 11 40 7 
26 29 38 41 32 9 22 
37 14 1 28 19 6 33 
2 27 16 35 4 21 18 
15 36 3 20 17 34 5 
--
7 10 23 36 33 12 21 
24 37 8 11 22 31 34 
9 6 41 32 35 20 13 
40 25 38 17 28 1 30 
5 16 27 42 3 14 19 
26 39 4 15 18 29 2 
--
1 38 13 30 9 32 11 
14 25 42 37 12 23 8 
39 2 29 24 31 10 33 
26 15 36 41 20 7 22 
3 40 17 28 5 34 19 
16 27 4 35 18 21 6 
--
41 26 11 24 7 34 9 
12 23 40 35 10 17 6 
27 42 25 16 31 8 33 
22 13 30 39 36 5 18 
1 28 15 20 3 32 37 
14 21 2 29 38 19 4 
--
41 26 11 24 7 34 9 
12 23 40 35 10 17 6 
27 42 25 16 31 8 33 
22 13 30 39 36 5 18 
1 28 15 20 3 32 37 
14 21 2 29 38 19 4 
--
25 22 11 36 7 20 9 
12 39 24 21 10 37 6 
23 26 35 38 31 8 19 
40 13 42 27 18 5 32 
1 28 15 34 3 30 17 
14 41 2 29 16 33 4 
--
4 19 16 33 2 25 14 
17 32 3 26 15 34 1 
20 5 18 35 42 13 24 
31 8 29 22 27 38 41 
6 21 10 39 36 23 12 
9 30 7 28 11 40 37 
--
2 5 26 19 22 7 24 
27 18 3 6 25 38 21 
4 1 28 39 20 23 8 
17 40 15 12 37 34 31 
14 11 42 29 32 9 36 
41 16 13 10 35 30 33 
--
36 33 38 15 18 21 2 
39 14 35 32 1 16 19 
34 37 40 17 20 3 22 
13 28 31 42 25 6 9 
30 41 26 11 8 23 4 
27 12 29 24 5 10 7 
--
37 30 35 10 13 16 41 
34 9 38 29 42 11 14 
31 36 33 12 15 40 17 
8 23 20 39 28 1 4 
21 32 25 6 3 18 27 
24 7 22 19 26 5 2 
--
23 26 1 12 15 34 41 
2 13 24 35 42 11 16 
25 22 27 14 31 40 33 
6 3 30 39 36 17 10 
21 28 5 8 19 32 37 
4 7 20 29 38 9 18 
--
4 19 16 33 2 27 14 
17 32 3 28 15 38 1 
20 5 18 39 34 13 26 
31 8 29 22 25 42 37 
6 21 10 35 40 23 12 
9 30 7 24 11 36 41 
--
2 5 26 19 22 7 24 
27 18 3 6 25 32 21 
4 1 28 39 20 23 8 
17 40 15 12 33 36 31 
14 11 42 29 38 9 34 
41 16 13 10 35 30 37 
--
13 24 21 2 11 30 37 
22 3 12 31 36 1 10 
25 14 23 20 9 38 29 
4 17 32 39 42 35 8 
15 26 19 6 33 28 41 
18 5 16 27 40 7 34 
--
21 32 15 12 23 26 41 
16 11 22 31 40 13 24 
33 20 39 14 25 42 27 
10 17 34 37 30 3 6 
35 38 19 8 5 28 1 
18 9 36 29 2 7 4 
--
26 31 12 39 8 23 10 
13 42 27 24 11 40 7 
30 25 32 41 38 9 22 
33 14 1 28 19 6 37 
2 29 16 35 4 21 18 
15 34 3 20 17 36 5 
--
40 7 20 37 16 5 18 
21 32 39 6 19 30 15 
8 41 36 31 38 17 4 
33 22 9 42 27 14 29 
10 1 24 35 12 3 26 
23 34 11 2 25 28 13 
--
4 19 16 33 2 27 14 
17 32 3 28 15 38 1 
20 5 18 39 34 13 26 
31 8 29 22 25 42 37 
6 21 10 35 40 23 12 
9 30 7 24 11 36 41 
--
5 34 17 20 3 36 15 
18 21 4 35 16 27 2 
33 6 19 28 1 14 37 
22 9 32 41 38 29 26 
7 40 11 24 31 42 13 
10 23 8 39 12 25 30 
--
38 29 26 5 16 35 24 
27 6 39 36 25 4 15 
30 37 28 17 42 23 34 
7 18 9 40 33 14 3 
10 31 20 1 12 41 22 
19 8 11 32 21 2 13 
--
4 7 20 29 38 9 18 
21 36 5 8 19 28 39 
6 3 30 37 34 17 10 
31 22 35 14 25 40 27 
2 13 24 33 42 11 16 
23 32 1 12 15 26 41 
--
34 25 40 1 10 19 38 
41 2 33 26 39 8 11 
24 35 42 9 18 37 20 
3 32 17 36 27 12 7 
16 23 30 5 14 21 28 
31 4 15 22 29 6 13 
--
35 24 9 22 5 40 7 
10 21 36 41 8 15 4 
25 34 23 14 37 6 39 
20 11 42 31 28 3 16 
33 26 13 18 1 38 29 
12 19 32 27 30 17 2 
--
13 28 25 2 11 34 23 
26 3 12 35 24 1 10 
29 14 27 42 9 22 33 
4 17 38 31 36 41 8 
15 30 19 6 39 32 21 
18 5 16 37 20 7 40 
--
38 29 18 5 16 35 26 
19 6 39 36 27 4 15 
30 37 28 17 42 25 34 
7 20 9 40 33 14 3 
10 31 22 1 12 41 24 
21 8 11 32 23 2 13 
--
2 39 18 15 4 29 26 
19 14 3 42 27 16 5 
38 1 40 17 30 25 28 
13 20 35 32 41 6 9 
34 37 22 11 8 31 24 
21 12 33 36 23 10 7 
--
37 30 35 10 13 16 41 
34 9 38 29 42 11 14 
31 36 33 12 15 40 17 
8 23 20 39 28 1 4 
21 32 25 6 3 18 27 
24 7 22 19 26 5 2 
--
2 5 26 19 22 7 24 
27 18 3 6 25 32 21 
4 1 28 39 20 23 8 
17 40 15 12 33 36 31 
14 11 42 29 38 9 34 
41 16 13 10 35 30 37 
--
38 29 18 1 16 35 26 
19 8 39 36 27 2 15 
30 37 28 17 42 25 34 
7 20 9 40 33 14 3 
10 31 22 5 12 41 24 
21 6 11 32 23 4 13 
--
13 28 25 2 11 34 23 
26 3 12 35 24 1 10 
29 14 27 42 9 22 33 
4 17 38 31 36 41 8 
15 30 19 6 39 32 21 
18 5 16 37 20 7 40 
--
21 12 33 36 23 10 7 
34 37 22 11 8 31 24 
13 20 35 32 41 6 9 
38 1 40 17 30 25 28 
19 14 3 42 27 16 5 
2 39 18 15 4 29 26 
--
7 40 5 22 9 24 35 
4 21 8 41 36 15 10 
39 6 37 14 23 34 25 
20 3 28 31 42 11 16 
29 38 1 18 13 26 33 
2 19 30 27 32 17 12 
--
27 12 35 24 5 10 7 
36 41 26 11 8 23 4 
13 28 37 34 25 6 9 
40 31 42 17 20 3 22 
29 14 33 38 1 16 19 
32 39 30 15 18 21 2 
--
9 30 23 26 11 40 37 
22 27 10 41 38 25 12 
29 8 31 24 13 36 39 
18 21 28 35 42 3 14 
7 32 19 16 5 34 1 
20 17 6 33 2 15 4 
--
23 26 1 12 15 34 41 
2 13 24 35 42 11 16 
25 22 27 14 31 40 33 
6 3 30 39 36 17 10 
21 28 5 8 19 32 37 
4 7 20 29 38 9 18 
--
5 20 17 34 3 28 15 
18 33 4 29 16 35 2 
21 6 19 36 1 14 27 
32 9 30 23 26 39 42 
7 22 11 40 37 24 13 
10 31 8 25 12 41 38 
--
4 7 20 29 38 9 18 
21 36 5 8 19 28 39 
6 3 30 37 34 17 10 
31 22 35 14 25 40 27 
2 13 24 33 42 11 16 
23 32 1 12 15 26 41 
--
4 19 16 33 2 25 14 
17 32 3 26 15 38 1 
20 5 18 39 34 13 24 
31 8 29 22 27 42 37 
6 21 10 35 40 23 12 
9 30 7 28 11 36 41 
--
4 29 2 41 6 31 24 
1 16 5 30 25 36 7 
28 3 42 17 40 23 32 
15 18 13 26 35 8 37 
12 27 20 39 10 33 22 
19 14 11 34 21 38 9 
--
5 34 17 20 3 36 15 
18 21 4 35 16 27 2 
33 6 19 28 1 14 37 
22 9 32 41 38 29 26 
7 40 11 24 31 42 13 
10 23 8 39 12 25 30 
--
23 26 1 12 15 34 41 
2 13 24 35 42 11 16 
25 22 27 14 31 40 33 
6 3 30 39 36 17 10 
21 28 5 8 19 32 37 
4 7 20 29 38 9 18 
--
5 22 39 30 3 20 15 
40 31 4 21 16 29 2 
23 6 41 38 1 14 19 
32 9 34 17 26 37 28 
7 24 11 42 35 18 13 
10 33 8 25 12 27 36 
--
13 32 29 4 11 38 23 
30 5 12 39 24 3 10 
33 14 31 28 9 22 37 
6 17 40 35 42 25 2 
15 34 19 8 27 36 21 
18 7 16 41 20 1 26 
--
