--
4 1 18 27 46 63 16 53 
19 26 3 64 17 54 45 62 
2 5 28 47 58 61 52 15 
25 20 57 38 55 48 59 44 
6 29 24 49 60 43 14 51 
21 32 39 56 37 50 11 42 
30 7 34 23 40 9 36 13 
33 22 31 8 35 12 41 10 
--
63 14 49 32 1 16 19 34 
48 31 64 15 50 33 2 17 
13 62 47 54 43 18 35 20 
30 53 42 59 46 51 40 3 
61 12 55 52 41 44 21 36 
26 29 60 45 58 39 4 7 
11 56 27 24 9 6 37 22 
28 25 10 57 38 23 8 5 
--
45 2 35 16 41 12 33 14 
36 17 44 1 34 15 42 11 
3 46 37 40 43 56 13 32 
18 39 48 57 64 31 10 51 
47 4 61 38 55 50 63 30 
22 19 58 49 62 27 52 9 
5 60 21 24 7 54 29 26 
20 23 6 59 28 25 8 53 
--
4 39 6 47 2 41 16 61 
7 48 3 40 17 62 1 42 
38 5 50 63 46 19 60 15 
49 8 45 18 51 64 43 20 
26 37 52 57 44 33 14 59 
9 56 27 36 53 58 21 32 
28 25 54 11 30 23 34 13 
55 10 29 24 35 12 31 22 
--
15 2 37 48 17 12 21 46 
36 55 16 13 38 47 18 11 
3 14 1 56 49 20 45 22 
54 35 60 39 64 41 10 19 
31 4 57 50 59 44 23 42 
34 53 32 61 40 63 26 9 
5 30 51 58 7 28 43 24 
52 33 6 29 62 25 8 27 
--
5 8 3 24 29 10 53 32 
2 23 6 9 54 31 28 11 
7 4 25 30 27 58 33 52 
22 1 60 57 44 55 12 47 
61 18 43 26 59 46 51 34 
42 21 64 45 56 37 48 13 
17 62 19 40 15 50 35 38 
20 41 16 63 36 39 14 49 
--
43 12 61 56 41 14 37 48 
62 53 42 13 60 49 40 15 
11 44 57 64 55 38 47 36 
52 63 54 45 50 59 16 39 
25 10 51 58 1 46 35 30 
4 7 24 27 34 31 20 17 
9 26 5 2 19 22 29 32 
6 3 8 23 28 33 18 21 
--
17 32 13 58 27 30 11 56 
14 63 16 31 12 57 26 29 
33 18 59 62 51 28 55 10 
64 15 52 43 60 45 40 25 
19 34 61 50 41 54 9 46 
4 1 42 53 44 49 24 39 
35 20 3 6 37 22 47 8 
2 5 36 21 48 7 38 23 
--
52 57 10 23 38 19 8 21 
11 24 53 62 9 22 37 18 
56 51 58 39 54 61 20 7 
25 12 55 60 63 40 17 36 
50 59 48 41 16 35 6 31 
13 26 45 64 47 32 3 34 
44 49 28 15 42 1 30 5 
27 14 43 46 29 4 33 2 
--
