--
1 30 3 18 23 28 13 16 
4 19 46 29 14 17 24 27 
45 2 31 22 51 26 15 12 
20 5 60 47 32 35 50 25 
61 44 21 52 49 58 11 34 
6 53 48 59 64 33 36 39 
43 62 55 8 41 38 57 10 
54 7 42 63 56 9 40 37 
--
4 25 2 35 6 23 40 33 
1 44 5 24 39 34 7 22 
26 3 54 45 36 41 32 59 
55 46 43 38 53 60 21 8 
14 27 56 61 42 37 58 31 
47 62 15 28 57 52 9 20 
16 13 64 49 18 11 30 51 
63 48 17 12 29 50 19 10 
--
19 16 61 2 21 6 45 4 
56 1 20 17 62 3 22 7 
15 18 57 60 23 44 5 46 
50 55 24 63 48 59 8 31 
25 14 49 58 43 32 47 36 
54 51 42 33 64 37 30 9 
13 26 53 40 11 28 35 38 
52 41 12 27 34 39 10 29 
--
49 4 45 52 37 2 39 14 
44 53 50 3 46 13 36 1 
5 48 43 62 51 38 15 40 
54 63 32 47 42 61 12 35 
27 6 59 64 31 34 41 16 
58 55 28 33 60 19 22 11 
7 26 57 30 9 24 17 20 
56 29 8 25 18 21 10 23 
--
2 5 46 21 32 7 34 37 
47 20 3 6 45 36 31 8 
4 1 48 51 22 33 38 35 
19 52 23 44 61 50 9 30 
24 15 60 49 56 43 64 39 
53 18 55 42 59 62 29 10 
14 25 16 57 12 27 40 63 
17 54 13 26 41 58 11 28 
--
11 18 55 22 13 16 53 24 
58 21 12 17 54 23 2 15 
19 10 59 56 1 14 25 52 
44 57 20 33 60 51 36 3 
9 32 45 62 37 34 49 26 
40 43 38 29 50 61 4 35 
31 8 41 46 63 6 27 48 
42 39 30 7 28 47 64 5 
--
31 20 33 4 29 18 49 2 
34 5 30 19 48 3 28 17 
21 32 35 46 37 60 1 50 
6 45 38 59 42 47 16 27 
39 22 43 36 61 26 51 12 
44 7 62 41 58 13 54 15 
23 40 9 64 25 56 11 52 
8 63 24 57 10 53 14 55 
--
39 18 37 20 41 48 3 6 
36 21 40 49 2 5 44 47 
17 38 19 42 53 46 7 4 
22 35 52 1 50 43 60 45 
33 16 23 54 61 58 29 8 
24 13 34 51 30 55 64 59 
15 32 11 26 57 62 9 28 
12 25 14 31 10 27 56 63 
--
40 15 58 51 38 17 20 23 
63 50 39 16 57 22 37 18 
14 41 62 59 52 19 24 21 
49 64 43 56 1 60 31 36 
42 13 48 61 32 53 2 25 
7 10 55 44 47 28 35 30 
12 45 8 5 54 33 26 3 
9 6 11 46 27 4 29 34 
--
5 58 7 42 3 60 17 64 
8 43 4 59 18 63 2 49 
55 6 57 46 41 50 61 16 
44 9 54 51 62 19 48 1 
29 56 45 40 47 52 15 34 
10 39 28 53 32 35 20 23 
27 30 37 12 25 22 33 14 
38 11 26 31 36 13 24 21 
--
23 8 61 50 25 10 29 52 
64 39 24 9 60 51 26 11 
7 22 57 62 49 28 53 30 
38 63 40 43 56 59 12 27 
21 6 37 58 41 48 31 54 
36 3 42 47 44 55 16 13 
5 20 1 34 15 18 45 32 
2 35 4 19 46 33 14 17 
--
43 8 25 30 41 6 23 20 
26 29 42 7 24 21 40 5 
9 44 27 58 31 56 19 22 
28 59 32 45 48 51 4 39 
33 10 63 50 57 46 55 18 
64 13 60 47 52 49 38 3 
11 34 15 62 1 36 17 54 
14 61 12 35 16 53 2 37 
--
36 25 38 11 64 23 40 13 
33 10 35 24 39 12 59 22 
26 37 32 63 58 61 14 41 
9 34 57 54 49 42 21 60 
56 27 50 31 62 53 48 15 
5 8 55 52 47 18 43 20 
28 51 6 3 30 45 16 1 
7 4 29 46 17 2 19 44 
--
56 5 62 27 54 7 44 49 
29 26 55 6 61 48 53 8 
4 57 28 63 32 43 50 45 
25 30 33 60 47 64 9 52 
18 3 58 31 42 51 46 37 
21 24 19 34 59 38 13 10 
2 17 22 41 12 15 36 39 
23 20 1 16 35 40 11 14 
--
5 52 23 26 7 34 39 28 
22 25 6 53 42 27 8 35 
55 4 51 24 33 38 29 40 
50 21 54 43 48 41 36 9 
3 56 49 64 37 32 47 30 
20 61 18 57 44 59 10 13 
17 2 63 60 15 12 31 46 
62 19 16 1 58 45 14 11 
--
