--
43 20 1 16 45 36 11 14 
2 17 44 37 12 15 62 35 
21 42 19 46 63 54 13 10 
18 3 56 53 38 47 34 61 
41 22 39 48 55 64 9 30 
4 25 50 57 52 31 60 33 
23 40 27 6 49 58 29 8 
26 5 24 51 28 7 32 59 
--
32 19 16 1 34 29 14 11 
17 2 33 30 15 12 35 28 
20 31 18 51 36 43 10 13 
3 54 37 44 59 52 27 42 
38 21 60 53 50 41 64 9 
55 4 45 40 61 58 49 26 
22 39 6 57 24 47 8 63 
5 56 23 46 7 62 25 48 
--
11 14 29 60 1 16 19 64 
30 57 12 15 28 61 2 17 
13 10 59 36 53 18 63 20 
58 31 56 39 62 27 46 3 
9 40 35 52 37 54 21 26 
32 51 38 55 24 47 4 45 
41 8 49 34 43 6 25 22 
50 33 42 7 48 23 44 5 
--
45 16 31 34 53 18 1 4 
30 35 46 17 32 3 60 19 
15 44 33 52 61 54 5 2 
36 29 62 47 38 51 20 59 
43 14 37 50 55 64 39 6 
28 11 48 63 40 23 58 21 
13 42 9 26 49 56 7 24 
10 27 12 41 8 25 22 57 
--
56 45 18 3 22 41 16 1 
19 4 55 64 17 2 23 40 
46 57 44 21 54 63 42 15 
5 20 61 58 43 32 39 24 
60 47 30 53 62 51 14 33 
9 6 59 50 31 36 25 38 
48 29 8 11 52 27 34 13 
7 10 49 28 35 12 37 26 
--
4 19 2 53 6 21 24 45 
1 52 5 20 39 46 7 22 
18 3 54 49 58 23 44 25 
51 32 57 38 55 40 47 8 
34 17 50 59 48 43 26 41 
31 64 33 56 37 60 9 12 
16 35 62 29 14 11 42 27 
63 30 15 36 61 28 13 10 
--
53 14 45 2 51 24 43 4 
46 1 52 25 44 3 50 23 
15 54 13 48 31 60 5 42 
12 47 26 55 40 49 22 61 
27 16 39 32 59 30 41 6 
38 11 58 29 56 33 62 21 
17 28 9 36 19 64 7 34 
10 37 18 57 8 35 20 63 
--
2 19 4 21 38 35 14 43 
5 22 1 36 15 44 39 34 
18 3 20 49 62 37 42 13 
23 6 63 16 45 48 33 40 
64 17 46 61 50 41 12 29 
7 24 59 56 47 30 51 32 
58 55 26 9 60 53 28 11 
25 8 57 54 27 10 31 52 
--
20 17 60 49 22 7 2 5 
59 48 21 18 1 4 23 8 
16 19 56 61 50 25 6 3 
47 58 51 26 55 30 9 24 
40 15 62 57 64 27 34 29 
43 46 41 52 37 54 31 10 
14 39 44 63 12 33 28 35 
45 42 13 38 53 36 11 32 
--
63 14 31 12 49 42 29 2 
32 11 62 43 30 1 50 41 
15 64 13 48 59 52 3 28 
10 33 54 61 44 47 40 51 
55 16 45 58 53 60 27 4 
34 9 56 19 46 37 24 39 
17 20 7 36 57 22 5 26 
8 35 18 21 6 25 38 23 
--
4 17 52 27 2 15 50 63 
53 28 3 16 51 64 1 14 
18 5 60 55 26 13 62 49 
43 54 29 34 61 56 25 12 
6 19 44 59 36 33 48 57 
39 42 35 30 45 58 11 24 
20 7 40 37 22 9 32 47 
41 38 21 8 31 46 23 10 
--
49 28 35 6 47 2 33 4 
36 7 48 45 34 5 20 1 
27 50 29 54 19 46 3 32 
8 37 60 51 44 31 18 21 
61 26 53 30 55 22 43 14 
38 9 64 59 52 15 56 17 
25 62 11 40 23 58 13 42 
10 39 24 63 12 41 16 57 
--
2 5 50 35 30 7 28 59 
49 36 3 6 57 60 31 8 
4 1 64 51 34 29 58 27 
37 48 43 16 61 56 9 32 
18 15 52 63 44 33 26 55 
47 38 17 42 53 62 23 10 
14 19 40 45 12 21 54 25 
39 46 13 20 41 24 11 22 
--
64 15 50 33 2 17 20 35 
49 32 63 16 51 34 3 18 
14 61 52 1 56 19 36 21 
31 48 43 62 53 58 41 4 
44 13 60 57 42 55 22 37 
27 30 47 54 59 40 5 8 
12 45 28 25 10 7 38 23 
29 26 11 46 39 24 9 6 
--
23 62 7 58 21 36 5 2 
8 59 22 37 6 3 20 35 
63 24 61 40 57 38 1 4 
60 9 64 47 42 45 34 19 
25 52 41 56 39 48 15 44 
10 55 28 51 46 43 18 33 
29 26 53 12 31 16 49 14 
54 11 30 27 50 13 32 17 
--
20 55 4 37 18 33 2 35 
5 44 19 54 3 36 17 32 
56 21 60 43 38 41 34 1 
45 6 57 40 53 48 31 16 
22 59 46 61 42 39 12 49 
7 62 25 58 47 52 15 30 
26 23 64 9 28 13 50 11 
63 8 27 24 51 10 29 14 
--
62 17 20 3 58 7 22 5 
19 2 63 60 21 4 57 8 
16 61 18 37 54 59 6 23 
1 36 43 64 41 52 9 56 
32 15 40 53 38 55 24 49 
35 44 33 42 51 48 27 10 
14 31 46 39 12 29 50 25 
45 34 13 30 47 26 11 28 
--
5 8 3 24 29 10 47 32 
2 23 6 9 48 31 28 11 
7 4 25 30 27 58 33 46 
22 1 64 55 44 49 12 57 
53 18 43 26 59 56 45 34 
42 21 54 63 50 37 60 13 
17 52 19 40 15 62 35 38 
20 41 16 51 36 39 14 61 
--
56 41 8 11 28 39 6 3 
9 12 57 40 7 4 27 38 
42 55 10 29 64 37 2 5 
13 58 53 60 1 26 51 36 
54 43 30 63 52 61 22 25 
17 14 59 46 23 48 35 50 
44 31 16 19 62 33 24 21 
15 18 45 32 47 20 49 34 
--
45 42 27 10 37 14 29 12 
26 9 44 41 28 11 38 15 
43 46 51 36 49 40 13 30 
8 25 48 57 52 1 16 39 
47 56 35 50 61 58 31 2 
24 7 60 53 32 19 62 17 
55 34 5 22 59 64 3 20 
6 23 54 33 4 21 18 63 
--
8 5 10 25 48 3 20 23 
11 26 7 4 21 24 55 2 
6 9 28 49 56 47 22 19 
27 12 33 64 29 54 1 46 
32 61 30 57 50 63 18 39 
13 34 51 62 53 40 45 42 
60 31 36 15 58 43 38 17 
35 14 59 52 37 16 41 44 
--
5 22 53 42 3 20 17 32 
54 45 4 21 52 31 2 19 
23 6 41 56 43 18 33 16 
46 55 44 59 40 51 30 1 
7 24 61 50 57 36 15 34 
62 47 58 37 60 39 12 29 
25 8 49 64 27 10 35 14 
48 63 26 9 38 13 28 11 
--
14 11 32 53 30 9 26 57 
33 42 13 10 49 56 29 8 
12 15 54 31 52 27 58 25 
41 34 43 48 55 50 7 28 
16 1 40 51 38 59 24 63 
35 44 37 60 47 64 21 6 
2 17 46 39 4 19 62 23 
45 36 3 18 61 22 5 20 
--
39 18 21 4 37 8 23 6 
20 3 38 53 22 5 58 9 
17 40 19 36 55 64 7 24 
2 35 54 45 52 59 10 57 
41 16 1 34 63 56 25 48 
30 33 44 51 46 49 60 11 
15 42 31 28 13 62 47 26 
32 29 14 43 50 27 12 61 
--
44 21 4 23 40 11 6 9 
3 24 43 62 5 8 41 12 
20 45 22 39 42 59 10 7 
25 2 61 52 63 38 13 54 
50 19 46 1 60 53 58 37 
29 26 51 64 47 34 55 14 
18 49 28 31 16 57 36 33 
27 30 17 48 35 32 15 56 
--
54 29 10 31 42 51 8 5 
11 32 53 58 9 6 41 50 
28 55 30 43 52 59 4 7 
33 12 57 62 19 44 49 40 
56 27 34 45 60 1 18 3 
13 24 61 36 63 20 39 48 
26 35 22 15 46 37 2 17 
23 14 25 64 21 16 47 38 
--
45 14 43 40 55 16 59 20 
42 39 46 15 60 19 56 17 
13 44 41 54 49 62 21 58 
38 47 50 61 26 57 18 63 
51 12 37 48 53 64 1 22 
36 33 52 27 30 25 4 7 
11 28 31 34 9 6 23 2 
32 35 10 29 24 3 8 5 
--
57 28 13 24 63 38 11 22 
14 25 58 39 12 23 62 37 
29 56 27 50 59 64 21 10 
26 15 52 55 40 49 36 61 
53 30 43 16 51 60 9 20 
4 1 54 41 44 17 48 35 
31 42 3 6 33 46 19 8 
2 5 32 45 18 7 34 47 
--
52 49 16 35 30 9 14 11 
17 34 51 64 15 12 29 8 
50 53 48 33 36 31 10 13 
47 18 57 54 63 40 7 28 
58 55 62 41 32 37 24 39 
19 46 1 56 61 42 27 6 
2 59 44 21 4 25 38 23 
45 20 3 60 43 22 5 26 
--
11 16 45 54 9 18 21 50 
44 63 10 17 46 51 8 19 
15 12 53 62 55 20 49 22 
64 43 14 35 52 47 58 7 
13 34 61 56 59 36 23 48 
42 31 40 1 26 57 6 37 
33 2 29 60 39 4 27 24 
30 41 32 3 28 25 38 5 
--
6 9 24 63 52 11 26 29 
23 64 7 10 25 28 53 12 
8 5 60 55 62 51 30 27 
37 22 57 50 43 54 13 48 
4 59 38 61 56 49 44 31 
21 36 19 58 1 42 47 14 
18 3 34 39 16 45 32 41 
35 20 17 2 33 40 15 46 
--
53 8 27 24 55 10 29 14 
26 23 54 9 28 13 48 11 
7 52 25 60 47 56 15 30 
22 61 46 51 42 31 12 49 
45 6 59 32 57 50 41 16 
62 21 64 43 40 33 36 1 
5 44 19 58 3 38 17 34 
20 63 4 39 18 35 2 37 
--
63 52 15 50 33 8 13 10 
16 49 62 57 14 11 32 7 
53 64 51 34 59 30 9 12 
48 17 58 61 56 39 6 31 
21 54 47 40 35 60 29 38 
18 41 20 55 46 37 26 5 
1 22 43 36 3 24 45 28 
42 19 2 23 44 27 4 25 
--
22 31 12 45 24 29 10 43 
13 34 23 30 11 44 25 28 
32 21 60 53 46 27 42 9 
35 14 33 56 51 54 47 26 
20 59 52 61 18 57 8 41 
15 36 19 58 55 50 5 48 
64 1 38 17 62 3 40 7 
37 16 63 2 39 6 49 4 
--
29 8 27 58 31 10 35 56 
26 59 30 9 54 57 32 11 
7 28 63 60 49 34 55 36 
64 25 42 53 62 51 12 33 
21 6 61 50 41 48 37 46 
24 3 22 43 52 45 16 13 
5 20 1 40 15 18 47 38 
2 23 4 19 44 39 14 17 
--
8 29 6 63 10 27 42 45 
5 38 9 28 47 44 11 26 
30 7 64 37 62 41 46 43 
35 4 39 48 59 54 25 12 
18 31 36 61 40 49 58 53 
3 34 19 50 55 60 13 24 
20 17 32 1 22 15 52 57 
33 2 21 16 51 56 23 14 
--
35 54 13 32 27 6 11 8 
14 31 34 53 12 9 26 5 
55 36 61 30 33 28 7 10 
62 15 56 59 52 49 4 25 
37 60 63 50 29 58 21 48 
16 43 40 57 64 51 24 3 
41 38 45 18 1 22 47 20 
44 17 42 39 46 19 2 23 
--
31 20 49 6 29 18 43 4 
50 7 30 19 48 5 28 17 
21 32 51 64 53 44 3 42 
8 63 54 45 56 47 16 27 
33 22 57 52 61 26 41 2 
58 9 62 55 46 13 38 15 
23 34 11 60 25 36 1 40 
10 59 24 35 12 39 14 37 
--
36 13 34 49 38 15 58 51 
33 26 37 14 61 50 47 16 
12 35 62 39 48 59 52 57 
25 32 27 60 55 64 17 46 
28 11 40 63 18 45 56 53 
21 24 31 44 41 54 3 6 
10 29 22 19 8 5 42 1 
23 20 9 30 43 2 7 4 
--
60 27 12 35 64 25 10 7 
13 34 59 26 11 8 51 24 
28 61 36 63 54 57 6 9 
33 14 55 58 47 50 23 52 
44 29 62 37 56 53 48 5 
15 32 43 46 49 20 39 22 
30 45 2 17 38 41 4 19 
1 16 31 42 3 18 21 40 
--
29 10 27 58 31 12 35 56 
26 59 30 11 54 57 32 13 
9 28 63 60 49 34 55 36 
64 25 42 51 62 53 14 33 
23 8 61 48 41 50 37 46 
2 5 24 43 52 47 18 15 
7 22 3 40 17 20 45 38 
4 1 6 21 44 39 16 19 
--
5 8 59 32 37 10 39 30 
60 23 6 9 64 31 36 11 
7 4 61 58 33 38 29 40 
22 57 24 47 52 63 12 35 
3 18 53 62 45 34 41 28 
56 21 46 25 48 51 44 13 
17 2 19 54 15 42 27 50 
20 55 16 1 26 49 14 43 
--
63 52 7 48 27 30 5 32 
8 47 62 51 6 33 26 29 
53 64 49 36 59 28 31 4 
46 9 58 61 50 37 34 25 
57 54 45 38 35 60 3 18 
10 13 42 55 44 19 24 21 
41 56 15 12 39 22 17 2 
14 11 40 43 16 1 20 23 
--
10 25 38 49 8 27 30 63 
39 48 9 26 37 62 7 28 
24 11 50 61 46 29 64 31 
51 40 47 36 59 56 45 6 
12 23 60 55 44 19 32 57 
41 52 15 22 35 58 5 2 
16 13 54 43 18 3 20 33 
53 42 17 14 21 34 1 4 
--
