--
1 30 3 18 23 28 13 16 
4 19 46 29 14 17 24 27 
45 2 31 22 51 26 15 12 
20 5 60 47 32 35 50 25 
61 44 21 52 49 58 11 34 
6 53 48 59 64 33 36 39 
43 62 55 8 41 38 57 10 
54 7 42 63 56 9 40 37 
--
4 1 18 27 46 63 16 53 
19 26 3 64 17 54 45 62 
2 5 28 47 58 61 52 15 
25 20 57 38 55 48 59 44 
6 29 24 49 60 43 14 51 
21 32 39 56 37 50 11 42 
30 7 34 23 40 9 36 13 
33 22 31 8 35 12 41 10 
--
45 34 1 16 43 30 11 14 
2 17 44 49 12 15 42 29 
35 46 33 54 31 48 13 10 
18 3 62 47 50 53 28 41 
61 36 51 32 55 40 9 24 
4 19 60 63 52 25 56 27 
37 64 21 6 39 58 23 8 
20 5 38 59 22 7 26 57 
--
32 19 16 1 34 29 14 11 
17 2 33 30 15 12 35 28 
20 31 18 55 36 61 10 13 
3 56 37 62 47 58 27 44 
38 21 54 57 64 45 60 9 
53 4 63 46 59 48 43 26 
22 39 6 51 24 41 8 49 
5 52 23 40 7 50 25 42 
--
63 14 49 32 1 16 19 34 
48 31 64 15 50 33 2 17 
13 62 47 54 43 18 35 20 
30 53 42 59 46 51 40 3 
61 12 55 52 41 44 21 36 
26 29 60 45 58 39 4 7 
11 56 27 24 9 6 37 22 
28 25 10 57 38 23 8 5 
--
14 11 34 29 16 1 20 23 
33 30 15 12 35 22 17 2 
10 13 32 45 28 19 24 21 
31 46 51 36 59 44 3 18 
38 9 60 55 50 27 64 25 
47 52 37 58 61 56 43 4 
8 39 54 49 6 41 26 63 
53 48 7 40 57 62 5 42 
--
13 16 25 48 23 18 1 40 
26 49 14 17 42 39 22 19 
15 12 61 24 47 20 41 2 
60 27 50 43 64 57 38 21 
11 44 59 62 31 46 3 56 
28 51 32 45 58 63 6 37 
33 10 53 30 35 8 55 4 
52 29 34 9 54 5 36 7 
--
28 43 36 3 30 13 40 1 
35 4 29 56 41 2 31 14 
44 27 42 37 32 61 12 39 
5 34 57 62 55 38 15 60 
26 45 24 33 64 59 54 11 
23 6 63 58 53 18 49 16 
46 25 8 21 48 51 10 19 
7 22 47 52 9 20 17 50 
--
4 25 2 35 6 23 40 33 
1 44 5 24 39 34 7 22 
26 3 54 45 36 41 32 59 
55 46 43 38 53 60 21 8 
14 27 56 61 42 37 58 31 
47 62 15 28 57 52 9 20 
16 13 64 49 18 11 30 51 
63 48 17 12 29 50 19 10 
--
19 16 61 2 21 6 45 4 
56 1 20 17 62 3 22 7 
15 18 57 60 23 44 5 46 
50 55 24 63 48 59 8 31 
25 14 49 58 43 32 47 36 
54 51 42 33 64 37 30 9 
13 26 53 40 11 28 35 38 
52 41 12 27 34 39 10 29 
--
2 35 4 19 54 33 14 17 
5 20 1 34 15 18 63 32 
36 3 38 53 62 55 16 13 
21 6 43 56 39 58 31 64 
42 37 40 59 52 61 12 27 
7 22 47 44 57 28 51 30 
46 41 24 9 60 49 26 11 
23 8 45 48 25 10 29 50 
--
45 2 35 16 41 12 33 14 
36 17 44 1 34 15 42 11 
3 46 37 40 43 56 13 32 
18 39 48 57 64 31 10 51 
47 4 61 38 55 50 63 30 
22 19 58 49 62 27 52 9 
5 60 21 24 7 54 29 26 
20 23 6 59 28 25 8 53 
--
40 17 38 15 62 27 2 5 
37 14 41 28 1 4 59 26 
18 39 16 63 42 61 6 3 
13 36 29 52 49 58 25 60 
30 19 48 43 64 51 54 7 
35 12 33 50 53 44 57 24 
20 31 10 47 22 55 8 45 
11 34 21 32 9 46 23 56 
--
17 14 33 36 19 4 41 2 
32 35 18 15 50 1 20 5 
13 16 51 34 37 40 3 42 
52 31 56 39 54 49 6 21 
27 12 53 64 57 38 43 48 
30 59 28 55 46 63 22 7 
11 26 61 58 9 24 47 44 
60 29 10 25 62 45 8 23 
--
4 39 6 47 2 41 16 61 
7 48 3 40 17 62 1 42 
38 5 50 63 46 19 60 15 
49 8 45 18 51 64 43 20 
26 37 52 57 44 33 14 59 
9 56 27 36 53 58 21 32 
28 25 54 11 30 23 34 13 
55 10 29 24 35 12 31 22 
--
49 4 45 52 37 2 39 14 
44 53 50 3 46 13 36 1 
5 48 43 62 51 38 15 40 
54 63 32 47 42 61 12 35 
27 6 59 64 31 34 41 16 
58 55 28 33 60 19 22 11 
7 26 57 30 9 24 17 20 
56 29 8 25 18 21 10 23 
--
37 2 35 18 43 4 47 20 
34 17 38 3 48 19 42 5 
1 36 33 44 41 52 21 46 
16 39 56 49 32 45 6 53 
57 12 31 40 61 54 51 22 
30 15 60 55 50 25 62 7 
11 58 13 28 9 64 23 26 
14 29 10 59 24 27 8 63 
--
2 5 46 21 32 7 34 37 
47 20 3 6 45 36 31 8 
4 1 48 51 22 33 38 35 
19 52 23 44 61 50 9 30 
24 15 60 49 56 43 64 39 
53 18 55 42 59 62 29 10 
14 25 16 57 12 27 40 63 
17 54 13 26 41 58 11 28 
--
15 2 37 48 17 12 21 46 
36 55 16 13 38 47 18 11 
3 14 1 56 49 20 45 22 
54 35 60 39 64 41 10 19 
31 4 57 50 59 44 23 42 
34 53 32 61 40 63 26 9 
5 30 51 58 7 28 43 24 
52 33 6 29 62 25 8 27 
--
46 15 40 33 2 17 20 35 
41 32 45 16 39 34 3 18 
14 47 42 1 52 19 36 21 
31 44 49 54 63 38 51 4 
48 13 58 43 50 53 22 37 
27 30 55 64 59 62 5 8 
12 57 28 25 10 7 60 23 
29 26 11 56 61 24 9 6 
--
11 18 55 22 13 16 53 24 
58 21 12 17 54 23 2 15 
19 10 59 56 1 14 25 52 
44 57 20 33 60 51 36 3 
9 32 45 62 37 34 49 26 
40 43 38 29 50 61 4 35 
31 8 41 46 63 6 27 48 
42 39 30 7 28 47 64 5 
--
8 5 10 35 50 3 20 33 
11 36 7 4 21 34 49 2 
6 9 38 51 44 1 32 19 
37 12 59 22 39 52 43 48 
58 23 54 45 62 47 18 31 
13 26 57 60 53 40 63 42 
24 55 28 15 46 61 30 17 
27 14 25 56 29 16 41 64 
--
31 20 33 4 29 18 49 2 
34 5 30 19 48 3 28 17 
21 32 35 46 37 60 1 50 
6 45 38 59 42 47 16 27 
39 22 43 36 61 26 51 12 
44 7 62 41 58 13 54 15 
23 40 9 64 25 56 11 52 
8 63 24 57 10 53 14 55 
--
20 35 4 53 18 33 2 51 
5 42 19 34 3 52 17 32 
36 21 54 41 60 39 50 1 
43 6 61 38 55 46 31 16 
22 37 44 59 40 49 12 47 
7 62 25 56 45 58 15 30 
26 23 64 9 28 13 48 11 
63 8 27 24 57 10 29 14 
--
46 17 20 3 48 7 22 5 
19 2 47 44 21 4 51 8 
16 45 18 37 52 49 6 23 
1 36 43 54 41 58 9 50 
32 15 40 59 38 53 24 57 
35 60 33 42 55 64 27 10 
14 31 62 39 12 29 56 25 
61 34 13 30 63 26 11 28 
--
5 8 3 24 29 10 53 32 
2 23 6 9 54 31 28 11 
7 4 25 30 27 58 33 52 
22 1 60 57 44 55 12 47 
61 18 43 26 59 46 51 34 
42 21 64 45 56 37 48 13 
17 62 19 40 15 50 35 38 
20 41 16 63 36 39 14 49 
--
36 3 22 19 42 5 24 27 
21 18 37 4 23 26 41 6 
2 35 20 55 38 43 28 25 
17 48 1 44 57 64 7 40 
34 13 56 49 54 39 58 29 
47 16 45 32 59 50 63 8 
12 33 14 53 10 61 30 51 
15 46 11 60 31 52 9 62 
--
39 18 37 20 41 48 3 6 
36 21 40 49 2 5 44 47 
17 38 19 42 53 46 7 4 
22 35 52 1 50 43 60 45 
33 16 23 54 61 58 29 8 
24 13 34 51 30 55 64 59 
15 32 11 26 57 62 9 28 
12 25 14 31 10 27 56 63 
--
40 15 58 51 38 17 20 23 
63 50 39 16 57 22 37 18 
14 41 62 59 52 19 24 21 
49 64 43 56 1 60 31 36 
42 13 48 61 32 53 2 25 
7 10 55 44 47 28 35 30 
12 45 8 5 54 33 26 3 
9 6 11 46 27 4 29 34 
--
43 14 41 52 45 16 21 64 
40 33 44 15 50 63 2 17 
13 42 51 46 53 20 59 22 
32 39 34 49 62 1 18 3 
35 12 47 54 19 60 23 58 
28 31 38 61 48 55 4 7 
11 36 29 26 9 6 57 24 
30 27 10 37 56 25 8 5 
--
32 35 10 29 24 3 8 5 
11 28 31 34 9 6 23 2 
36 33 52 27 30 25 4 7 
53 12 37 48 51 60 1 22 
38 49 54 61 26 47 18 59 
13 62 41 50 55 58 21 46 
42 39 64 15 44 19 56 17 
63 14 43 40 57 16 45 20 
--
5 58 7 42 3 60 17 64 
8 43 4 59 18 63 2 49 
55 6 57 46 41 50 61 16 
44 9 54 51 62 19 48 1 
29 56 45 40 47 52 15 34 
10 39 28 53 32 35 20 23 
27 30 37 12 25 22 33 14 
38 11 26 31 36 13 24 21 
--
11 28 13 58 9 26 39 48 
14 35 10 27 64 47 8 25 
29 12 59 46 57 38 49 40 
34 15 36 63 54 61 24 7 
1 30 45 60 37 56 41 50 
16 33 18 55 62 53 6 23 
19 2 31 44 21 4 51 42 
32 17 20 3 52 43 22 5 
--
42 39 16 37 60 53 14 35 
17 62 41 58 15 36 31 52 
40 43 38 61 54 59 34 13 
63 18 55 48 57 30 51 32 
44 1 64 29 50 33 12 27 
19 22 49 56 47 28 9 6 
2 45 24 21 4 7 26 11 
23 20 3 46 25 10 5 8 
--
35 18 21 4 37 8 23 6 
20 3 36 53 22 5 64 9 
17 34 19 38 61 52 7 24 
2 39 54 51 56 59 10 63 
33 16 1 60 43 62 25 58 
40 45 42 55 50 57 28 11 
15 32 47 44 13 30 49 26 
46 41 14 31 48 27 12 29 
--
6 9 4 25 50 11 58 43 
3 26 7 10 59 44 49 12 
8 5 24 51 48 57 42 63 
23 2 27 60 45 64 13 56 
28 19 34 1 52 47 62 41 
33 22 31 46 61 38 55 14 
18 29 20 35 16 53 40 37 
21 32 17 30 39 36 15 54 
--
43 12 61 56 41 14 37 48 
62 53 42 13 60 49 40 15 
11 44 57 64 55 38 47 36 
52 63 54 45 50 59 16 39 
25 10 51 58 1 46 35 30 
4 7 24 27 34 31 20 17 
9 26 5 2 19 22 29 32 
6 3 8 23 28 33 18 21 
--
48 9 44 33 50 11 38 15 
43 32 49 10 45 14 35 12 
8 47 42 51 34 37 16 39 
61 56 31 46 41 58 13 36 
30 7 60 57 52 1 40 17 
55 62 29 26 59 20 23 2 
6 27 64 53 4 25 18 21 
63 54 5 28 19 22 3 24 
--
11 14 23 52 21 16 45 42 
24 53 12 15 46 43 20 17 
13 10 63 22 51 18 41 44 
58 25 54 49 56 47 36 19 
9 64 57 62 29 50 1 40 
26 59 30 55 48 37 4 35 
31 8 61 28 33 6 39 2 
60 27 32 7 38 3 34 5 
--
28 11 26 43 30 13 64 51 
25 46 29 12 61 52 31 14 
10 27 44 55 42 57 50 63 
45 24 47 60 53 62 15 32 
38 9 54 41 56 49 58 1 
23 6 39 48 59 18 33 16 
8 37 4 21 40 35 2 19 
5 22 7 36 3 20 17 34 
--
14 29 10 47 24 27 8 59 
11 46 13 28 9 58 23 26 
30 15 48 43 62 25 60 7 
45 12 63 40 57 42 37 22 
16 31 44 49 38 61 6 55 
1 50 39 64 41 56 21 36 
32 17 52 3 34 19 54 5 
51 2 33 18 53 4 35 20 
--
17 32 13 58 27 30 11 56 
14 63 16 31 12 57 26 29 
33 18 59 62 51 28 55 10 
64 15 52 43 60 45 40 25 
19 34 61 50 41 54 9 46 
4 1 42 53 44 49 24 39 
35 20 3 6 37 22 47 8 
2 5 36 21 48 7 38 23 
--
64 49 16 35 32 9 14 11 
17 34 63 54 15 12 31 8 
50 61 48 33 36 29 10 13 
47 18 55 62 53 40 7 30 
56 51 60 41 28 37 24 39 
19 46 1 52 59 42 27 6 
2 57 44 21 4 25 38 23 
45 20 3 58 43 22 5 26 
--
23 26 13 30 35 40 11 56 
14 29 24 27 12 57 36 39 
25 22 31 34 41 38 55 10 
32 15 28 49 58 53 42 37 
21 48 33 62 19 50 9 54 
16 63 20 1 52 59 6 43 
47 2 61 18 45 4 51 8 
64 17 46 3 60 7 44 5 
--
6 9 48 33 38 11 50 31 
47 24 7 10 49 32 37 12 
8 5 46 57 34 39 30 51 
23 64 25 40 45 56 13 36 
4 19 44 63 58 35 52 29 
43 22 41 26 1 62 55 14 
18 3 20 59 16 53 28 61 
21 42 17 2 27 60 15 54 
--
11 32 9 64 13 30 53 48 
8 59 12 31 54 49 14 29 
33 10 61 58 63 36 47 52 
60 7 38 35 50 55 28 15 
21 34 57 62 37 44 51 46 
6 39 22 43 56 1 16 27 
23 20 41 4 25 18 45 2 
40 5 24 19 42 3 26 17 
--
50 11 30 27 48 13 32 17 
29 26 49 12 31 16 35 14 
10 51 28 47 38 59 18 33 
25 46 53 60 63 34 15 36 
52 9 64 39 58 37 62 19 
45 24 57 54 61 40 1 4 
8 55 22 43 6 3 20 41 
23 44 7 56 21 42 5 2 
--
45 8 27 24 41 10 29 14 
26 23 44 9 28 13 42 11 
7 46 25 40 43 60 15 30 
22 39 48 57 52 31 12 59 
47 6 51 32 61 58 53 16 
38 21 56 49 54 33 64 1 
5 50 19 36 3 62 17 34 
20 37 4 55 18 35 2 63 
--
23 10 21 18 25 8 53 40 
20 17 24 9 54 41 26 7 
11 22 19 42 27 64 39 52 
16 29 60 63 44 55 6 47 
59 12 43 28 61 46 51 38 
30 15 62 45 56 35 48 5 
1 58 13 32 3 50 37 34 
14 31 2 57 36 33 4 49 
--
22 25 12 37 32 27 10 39 
13 36 23 26 11 38 31 28 
24 21 42 33 50 29 40 9 
35 14 51 60 41 64 49 30 
20 43 34 55 18 59 8 63 
15 52 19 58 61 56 5 48 
44 1 54 17 46 3 62 7 
53 16 45 2 57 6 47 4 
--
23 8 61 50 25 10 29 52 
64 39 24 9 60 51 26 11 
7 22 57 62 49 28 53 30 
38 63 40 43 56 59 12 27 
21 6 37 58 41 48 31 54 
36 3 42 47 44 55 16 13 
5 20 1 34 15 18 45 32 
2 35 4 19 46 33 14 17 
--
56 27 42 9 54 13 40 11 
43 8 55 28 41 10 49 14 
26 57 44 53 62 51 12 39 
7 60 29 58 45 48 15 50 
30 25 46 61 52 63 38 19 
3 6 59 22 47 18 35 16 
24 31 4 1 64 33 20 37 
5 2 23 32 21 36 17 34 
--
43 8 25 30 41 6 23 20 
26 29 42 7 24 21 40 5 
9 44 27 58 31 56 19 22 
28 59 32 45 48 51 4 39 
33 10 63 50 57 46 55 18 
64 13 60 47 52 49 38 3 
11 34 15 62 1 36 17 54 
14 61 12 35 16 53 2 37 
--
52 57 10 23 38 19 8 21 
11 24 53 62 9 22 37 18 
56 51 58 39 54 61 20 7 
25 12 55 60 63 40 17 36 
50 59 48 41 16 35 6 31 
13 26 45 64 47 32 3 34 
44 49 28 15 42 1 30 5 
27 14 43 46 29 4 33 2 
--
31 20 33 6 29 18 37 4 
34 7 30 19 36 5 28 17 
21 32 35 48 41 56 3 38 
8 49 42 57 46 39 16 27 
43 22 47 40 61 26 55 2 
50 9 60 45 58 13 64 15 
23 44 11 52 25 62 1 54 
10 51 24 59 12 53 14 63 
--
36 25 38 11 64 23 40 13 
33 10 35 24 39 12 59 22 
26 37 32 63 58 61 14 41 
9 34 57 54 49 42 21 60 
56 27 50 31 62 53 48 15 
5 8 55 52 47 18 43 20 
28 51 6 3 30 45 16 1 
7 4 29 46 17 2 19 44 
--
16 31 12 53 26 29 10 57 
13 48 15 30 11 56 25 28 
32 17 54 49 52 27 58 9 
37 14 47 40 55 50 45 24 
18 33 38 51 46 63 8 59 
3 36 41 62 39 60 23 44 
34 19 2 5 42 21 64 7 
1 4 35 20 61 6 43 22 
--
45 22 25 8 41 12 27 10 
24 7 44 57 26 9 42 13 
21 46 23 40 43 56 11 28 
6 39 60 53 58 37 14 55 
47 20 49 38 61 54 29 36 
2 5 52 59 50 33 64 15 
19 48 3 32 17 62 35 30 
4 1 18 51 34 31 16 63 
--
56 5 62 27 54 7 44 49 
29 26 55 6 61 48 53 8 
4 57 28 63 32 43 50 45 
25 30 33 60 47 64 9 52 
18 3 58 31 42 51 46 37 
21 24 19 34 59 38 13 10 
2 17 22 41 12 15 36 39 
23 20 1 16 35 40 11 14 
--
5 52 23 26 7 34 39 28 
22 25 6 53 42 27 8 35 
55 4 51 24 33 38 29 40 
50 21 54 43 48 41 36 9 
3 56 49 64 37 32 47 30 
20 61 18 57 44 59 10 13 
17 2 63 60 15 12 31 46 
62 19 16 1 58 45 14 11 
--
62 25 58 7 44 23 42 5 
59 8 61 24 57 6 45 22 
26 63 56 51 46 43 4 41 
9 60 47 64 39 54 21 32 
48 27 52 55 50 31 40 3 
13 10 49 38 53 18 33 20 
28 37 12 15 30 35 2 17 
11 14 29 36 1 16 19 34 
--
63 26 7 22 45 52 5 20 
8 23 62 51 6 21 44 53 
27 64 25 46 61 54 19 4 
24 9 56 59 50 37 34 43 
57 28 47 36 55 60 3 18 
10 13 58 49 38 35 42 33 
29 48 15 12 31 40 17 2 
14 11 30 39 16 1 32 41 
--
46 33 28 9 48 5 26 7 
29 10 47 44 27 8 49 4 
34 45 32 55 64 51 6 25 
11 30 61 52 43 24 3 50 
60 35 54 31 56 63 42 23 
15 12 57 62 53 20 39 2 
36 59 14 17 38 41 22 19 
13 16 37 58 21 18 1 40 
--
63 28 9 24 59 44 7 22 
10 25 62 45 8 23 58 43 
29 64 27 48 55 60 21 6 
26 11 54 61 46 39 42 57 
51 30 47 40 49 56 5 20 
12 15 50 53 38 41 2 35 
31 52 17 14 33 36 19 4 
16 13 32 37 18 3 34 1 
--
