--
32 13 50 57 30 15 42 19 
51 58 31 14 47 18 29 16 
12 33 56 49 60 41 20 43 
55 52 59 46 25 48 17 28 
34 11 54 61 40 27 44 21 
53 62 37 26 45 24 3 6 
10 35 64 39 8 5 22 1 
63 38 9 36 23 2 7 4 
--
7 4 59 50 17 2 19 52 
64 35 6 3 58 51 16 1 
5 8 63 60 49 18 53 20 
36 61 34 43 54 57 48 15 
9 32 37 62 41 44 21 56 
38 29 42 33 24 55 14 47 
31 10 27 40 45 12 25 22 
28 39 30 11 26 23 46 13 
--
48 5 46 35 54 7 56 33 
37 26 49 6 59 34 53 8 
4 47 36 45 50 55 32 57 
25 38 27 60 63 58 9 52 
18 3 64 39 44 51 62 31 
21 24 19 28 61 40 13 10 
2 17 22 43 12 15 30 41 
23 20 1 16 29 42 11 14 
--
38 17 40 21 36 7 2 5 
41 22 37 18 1 4 35 8 
16 39 20 51 54 33 6 3 
23 42 55 58 19 52 9 34 
56 15 62 53 50 59 32 29 
43 24 57 60 63 30 47 10 
14 61 26 45 12 49 28 31 
25 44 13 64 27 46 11 48 
--
60 25 62 11 58 23 46 13 
51 10 59 24 63 12 39 22 
26 61 50 57 40 45 14 47 
9 52 41 64 49 54 21 38 
42 27 56 53 44 37 48 15 
5 8 43 36 55 18 31 20 
28 35 6 3 30 33 16 1 
7 4 29 34 17 2 19 32 
--
