--
53 8 33 36 49 10 31 14 
34 37 52 9 32 13 48 11 
7 54 35 58 45 50 15 30 
38 59 56 51 28 43 12 47 
55 6 63 44 57 46 29 16 
62 39 60 27 42 19 22 1 
5 26 41 64 3 24 17 20 
40 61 4 25 18 21 2 23 
--
64 17 54 15 60 27 2 5 
55 14 61 28 1 4 43 26 
18 63 16 53 44 59 6 3 
13 56 29 62 39 52 25 42 
30 19 50 45 58 41 38 7 
49 12 57 40 51 46 35 24 
20 31 10 47 22 33 8 37 
11 48 21 32 9 36 23 34 
--
29 10 27 58 31 12 35 56 
26 59 30 11 54 57 32 13 
9 28 63 60 49 34 55 36 
64 25 42 51 62 53 14 33 
23 8 61 48 41 50 37 46 
2 5 24 43 52 47 18 15 
7 22 3 40 17 20 45 38 
4 1 6 21 44 39 16 19 
--
32 13 50 57 30 15 42 19 
51 58 31 14 47 18 29 16 
12 33 56 49 60 41 20 43 
55 52 59 46 25 48 17 28 
34 11 54 61 40 27 44 21 
53 62 37 26 45 24 3 6 
10 35 64 39 8 5 22 1 
63 38 9 36 23 2 7 4 
--
51 54 13 28 35 40 11 26 
14 29 52 41 12 27 36 39 
53 50 55 34 63 38 25 10 
30 15 48 57 42 33 46 37 
49 56 31 62 47 64 9 24 
16 19 58 1 32 43 6 45 
59 2 21 18 61 4 23 8 
20 17 60 3 22 7 44 5 
--
5 38 23 46 7 36 33 48 
22 25 6 37 44 47 8 35 
39 4 45 24 53 34 49 32 
26 21 56 41 62 43 54 9 
3 40 27 60 55 52 31 50 
20 57 18 63 42 61 10 13 
17 2 59 28 15 12 51 30 
58 19 16 1 64 29 14 11 
--
32 47 16 43 30 9 14 11 
17 42 31 48 15 12 29 8 
46 33 60 41 44 49 10 13 
59 18 45 34 55 40 7 28 
22 1 58 61 50 35 56 39 
19 64 21 36 57 54 27 6 
2 23 62 51 4 25 38 53 
63 20 3 24 37 52 5 26 
--
21 18 41 48 23 8 3 6 
40 47 22 19 2 5 24 9 
17 20 49 42 53 26 7 4 
46 39 54 1 50 61 10 25 
35 16 45 64 43 52 27 62 
38 55 36 51 60 63 30 11 
15 34 57 44 13 32 59 28 
56 37 14 33 58 29 12 31 
--
20 17 34 29 22 7 2 5 
33 30 21 18 1 4 23 8 
16 19 32 35 28 25 6 3 
31 36 47 26 61 52 9 24 
40 15 62 53 46 27 60 51 
37 54 39 48 57 64 45 10 
14 41 56 63 12 43 50 59 
55 38 13 42 49 58 11 44 
--
7 4 59 50 17 2 19 52 
64 35 6 3 58 51 16 1 
5 8 63 60 49 18 53 20 
36 61 34 43 54 57 48 15 
9 32 37 62 41 44 21 56 
38 29 42 33 24 55 14 47 
31 10 27 40 45 12 25 22 
28 39 30 11 26 23 46 13 
--
5 8 23 38 63 10 25 28 
22 37 6 9 24 27 44 11 
7 4 39 64 45 62 29 26 
36 21 46 41 58 51 12 43 
3 40 59 52 61 42 57 30 
20 35 18 47 56 53 50 13 
17 2 33 60 15 48 31 54 
34 19 16 1 32 55 14 49 
--
14 29 10 43 24 27 8 41 
11 44 13 28 9 42 23 26 
30 15 46 55 60 25 40 7 
45 12 49 52 47 56 61 22 
16 31 54 57 50 59 6 39 
1 34 51 48 53 62 21 64 
32 17 36 3 58 19 38 5 
35 2 33 18 37 4 63 20 
--
48 5 46 35 54 7 56 33 
37 26 49 6 59 34 53 8 
4 47 36 45 50 55 32 57 
25 38 27 60 63 58 9 52 
18 3 64 39 44 51 62 31 
21 24 19 28 61 40 13 10 
2 17 22 43 12 15 30 41 
23 20 1 16 29 42 11 14 
--
63 8 27 30 55 10 25 22 
28 31 62 9 26 23 50 11 
7 64 29 56 49 54 21 24 
32 61 58 53 40 51 12 47 
59 6 33 16 57 48 39 20 
34 3 60 41 52 17 46 13 
5 42 1 36 15 44 19 38 
2 35 4 43 18 37 14 45 
--
48 15 60 33 2 17 20 35 
59 32 47 16 61 34 3 18 
14 49 58 1 46 19 36 21 
31 64 43 54 57 62 41 4 
50 13 56 63 42 45 22 37 
27 30 53 44 55 40 5 8 
12 51 28 25 10 7 38 23 
29 26 11 52 39 24 9 6 
--
20 7 60 45 22 5 26 55 
61 44 21 6 59 56 23 4 
8 19 64 57 46 25 54 27 
39 62 43 32 51 58 3 24 
18 9 40 63 42 47 28 53 
35 38 33 50 31 52 13 2 
10 17 36 41 12 15 48 29 
37 34 11 16 49 30 1 14 
--
2 55 16 25 62 29 14 27 
17 24 1 60 15 26 51 30 
54 3 56 63 52 61 28 13 
23 18 53 48 59 46 31 50 
4 57 22 45 64 49 12 35 
19 40 43 58 47 34 9 32 
42 5 38 21 44 7 36 11 
39 20 41 6 37 10 33 8 
--
38 17 40 21 36 7 2 5 
41 22 37 18 1 4 35 8 
16 39 20 51 54 33 6 3 
23 42 55 58 19 52 9 34 
56 15 62 53 50 59 32 29 
43 24 57 60 63 30 47 10 
14 61 26 45 12 49 28 31 
25 44 13 64 27 46 11 48 
--
57 14 47 10 63 24 45 8 
48 11 56 25 46 9 40 23 
15 58 13 64 41 62 7 44 
12 49 26 55 36 43 22 39 
27 16 59 42 53 38 61 6 
50 1 54 37 60 35 32 21 
17 28 3 52 19 30 5 34 
2 51 18 29 4 33 20 31 
--
60 25 62 11 58 23 46 13 
51 10 59 24 63 12 39 22 
26 61 50 57 40 45 14 47 
9 52 41 64 49 54 21 38 
42 27 56 53 44 37 48 15 
5 8 43 36 55 18 31 20 
28 35 6 3 30 33 16 1 
7 4 29 34 17 2 19 32 
--
