--
55 26 23 10 53 6 21 8 
24 11 54 39 22 9 34 5 
27 56 25 62 33 52 7 20 
12 63 40 51 38 19 4 35 
41 28 57 32 61 36 49 18 
58 13 64 37 50 1 46 3 
29 42 15 60 31 44 17 48 
14 59 30 43 16 47 2 45 
--
11 8 29 42 27 6 23 44 
30 63 10 7 54 43 26 5 
9 12 61 28 41 24 45 22 
62 31 64 55 50 53 4 25 
13 56 51 60 35 40 21 46 
32 59 36 49 52 1 18 3 
37 14 57 34 39 16 47 20 
58 33 38 15 48 19 2 17 
--
27 24 13 34 47 6 11 8 
14 33 26 23 12 9 48 5 
25 28 35 46 49 60 7 10 
32 15 54 61 22 45 4 59 
29 36 31 50 55 52 21 44 
16 39 62 53 64 1 58 3 
37 30 41 18 51 56 43 20 
40 17 38 63 42 19 2 57 
--
11 8 13 30 35 6 23 26 
14 31 10 7 24 27 38 5 
9 12 29 34 39 36 25 22 
32 15 40 53 28 59 4 37 
41 54 33 62 47 52 21 58 
16 63 48 55 60 1 46 3 
49 42 61 18 51 44 57 20 
64 17 50 43 56 19 2 45 
--
11 8 63 34 21 6 23 40 
62 33 10 7 64 39 20 5 
9 12 61 38 35 22 41 24 
32 59 36 55 42 47 4 19 
13 54 31 60 37 56 25 46 
30 51 58 43 48 1 18 3 
53 14 49 28 57 16 45 26 
50 29 52 15 44 27 2 17 
--
35 14 39 54 41 16 45 64 
38 31 36 15 50 63 42 17 
13 34 53 40 55 44 61 46 
32 37 30 49 62 51 18 43 
27 12 33 52 29 56 47 60 
6 9 28 57 48 1 22 19 
11 26 7 4 21 24 59 2 
8 5 10 25 58 3 20 23 
--
51 26 23 10 53 6 21 8 
24 11 52 47 22 9 34 5 
27 50 25 58 33 54 7 20 
12 59 48 55 46 19 4 35 
49 28 57 32 63 36 45 18 
60 13 64 37 56 1 42 3 
29 38 15 62 31 40 17 44 
14 61 30 39 16 43 2 41 
--
27 24 13 34 37 6 11 8 
14 35 26 23 12 9 40 5 
25 28 33 36 41 38 7 10 
32 15 42 53 22 47 4 39 
29 64 31 46 59 52 21 48 
16 43 60 51 54 1 58 3 
63 30 45 18 61 56 49 20 
44 17 62 55 50 19 2 57 
--
41 8 39 36 49 6 61 34 
38 27 42 7 62 35 48 5 
9 40 37 50 45 64 33 60 
26 43 28 63 56 59 4 47 
19 10 57 44 51 46 55 32 
22 25 20 29 58 1 14 3 
11 18 23 52 13 16 31 54 
24 21 12 17 30 53 2 15 
--
11 54 9 56 13 42 47 44 
8 57 12 61 48 45 14 41 
53 10 55 58 39 64 43 46 
30 7 60 49 62 37 40 15 
25 52 29 38 59 50 63 36 
6 31 24 51 28 1 16 19 
23 26 33 4 21 18 35 2 
32 5 22 27 34 3 20 17 
--
