--
1 4 61 20 31 6 33 36 
60 19 2 5 44 35 30 7 
3 52 45 62 21 32 37 34 
18 59 22 53 50 43 8 29 
23 14 51 46 63 38 49 42 
58 17 64 39 54 47 28 9 
13 24 15 56 11 26 41 48 
16 57 12 25 40 55 10 27 
--
14 1 34 29 16 11 20 23 
33 30 15 12 35 22 17 10 
2 13 32 41 28 19 24 21 
31 40 59 36 51 42 9 18 
58 3 52 43 62 27 50 25 
39 44 37 60 55 48 63 8 
4 57 46 53 6 61 26 49 
45 38 5 56 47 54 7 64 
--
45 34 1 16 43 30 11 14 
2 17 44 53 12 15 42 29 
35 46 33 60 31 52 13 10 
18 3 54 51 56 59 28 41 
47 36 57 32 61 40 9 24 
4 19 50 55 58 25 64 27 
37 48 21 6 39 62 23 8 
20 5 38 49 22 7 26 63 
--
32 19 16 1 34 29 14 11 
17 2 33 30 15 12 35 28 
20 31 18 51 36 63 10 13 
3 52 37 64 47 50 27 44 
38 21 58 49 56 45 62 9 
53 4 55 46 59 48 43 26 
22 39 6 57 24 41 8 61 
5 54 23 40 7 60 25 42 
--
11 14 29 60 1 16 19 62 
30 55 12 15 28 61 2 17 
13 10 53 36 59 18 63 20 
54 31 56 39 64 27 46 3 
9 40 35 52 37 58 21 26 
32 51 38 57 24 47 4 45 
41 8 49 34 43 6 25 22 
50 33 42 7 48 23 44 5 
--
14 11 30 57 16 1 20 23 
31 58 15 12 29 22 17 2 
10 13 60 43 56 19 24 21 
59 32 45 28 61 42 3 18 
36 9 62 55 44 27 64 25 
33 50 35 46 63 54 41 4 
8 37 48 51 6 39 26 53 
49 34 7 38 47 52 5 40 
--
13 16 25 54 23 18 1 56 
26 41 14 17 58 55 22 19 
15 12 59 24 53 20 57 2 
40 27 42 63 60 49 36 21 
11 64 39 52 37 62 3 50 
28 43 30 61 48 51 6 35 
31 10 45 38 33 8 47 4 
44 29 32 9 46 5 34 7 
--
34 19 16 11 38 29 14 1 
17 10 35 30 15 12 37 28 
20 33 18 39 36 49 2 13 
9 40 31 48 57 60 27 50 
32 21 56 59 54 47 62 3 
41 8 43 46 61 58 51 26 
22 45 6 55 24 53 4 63 
7 42 23 44 5 64 25 52 
--
4 7 2 43 30 9 20 23 
1 42 5 8 19 22 29 10 
6 3 54 41 44 31 24 21 
53 56 45 18 63 40 11 28 
46 17 64 55 60 27 32 25 
57 52 59 48 39 62 35 12 
16 47 50 61 14 37 26 33 
51 58 15 38 49 34 13 36 
--
37 54 15 20 35 32 13 22 
16 1 36 53 14 21 34 31 
55 38 19 48 33 46 23 12 
2 17 56 59 52 49 30 45 
39 60 51 18 47 58 11 24 
6 3 64 57 50 27 44 29 
61 40 5 8 63 42 25 10 
4 7 62 41 26 9 28 43 
--
2 17 42 27 12 15 40 37 
43 28 1 16 41 38 11 14 
18 3 44 47 26 13 36 39 
29 48 53 56 63 46 25 10 
4 19 58 45 52 55 62 35 
49 30 51 54 57 64 9 24 
20 5 32 59 22 7 34 61 
31 50 21 6 33 60 23 8 
--
49 2 21 16 27 46 23 14 
20 17 48 1 22 15 26 45 
3 50 19 28 47 64 13 24 
18 29 52 61 38 25 44 59 
51 4 37 40 63 60 35 12 
30 7 62 53 36 39 58 43 
5 54 9 32 41 56 11 34 
8 31 6 55 10 33 42 57 
--
14 17 26 63 24 19 2 41 
27 64 15 18 1 40 23 20 
16 13 62 25 56 21 42 3 
61 28 57 46 59 44 39 22 
12 47 60 51 32 55 4 43 
29 50 33 58 45 52 7 38 
34 11 48 31 36 9 54 5 
49 30 35 10 53 6 37 8 
--
57 14 47 44 25 16 27 2 
46 43 56 15 48 1 24 17 
13 58 45 50 53 26 3 28 
42 55 52 63 32 49 18 23 
59 12 41 54 51 22 29 4 
40 9 64 33 62 31 36 19 
11 60 7 38 21 34 5 30 
8 39 10 61 6 37 20 35 
--
4 49 6 51 2 63 16 53 
7 26 3 56 17 52 1 64 
48 5 50 27 62 43 54 15 
25 8 57 44 55 18 59 42 
32 47 28 61 58 45 14 19 
9 24 33 46 29 60 41 38 
34 31 22 11 36 39 20 13 
23 10 35 30 21 12 37 40 
--
23 62 9 42 21 2 7 4 
10 43 22 59 8 5 20 1 
63 24 61 52 41 18 3 6 
44 11 58 47 60 51 40 19 
25 64 45 50 53 48 17 36 
12 31 28 57 46 37 54 39 
29 26 33 14 49 56 35 16 
32 13 30 27 34 15 38 55 
--
23 2 21 18 25 4 37 40 
20 17 24 3 42 39 26 5 
1 22 19 56 27 36 41 38 
16 51 28 43 62 49 6 35 
29 12 57 50 55 44 61 48 
52 15 54 45 60 63 34 7 
11 30 13 58 9 32 47 64 
14 53 10 31 46 59 8 33 
--
2 17 38 35 4 19 22 49 
37 34 3 18 39 48 5 20 
16 1 36 45 56 21 50 23 
33 42 57 40 63 44 47 6 
58 15 62 43 46 55 24 51 
29 32 41 64 61 52 7 10 
14 59 30 27 12 9 54 25 
31 28 13 60 53 26 11 8 
--
15 2 27 42 17 12 21 24 
28 41 16 13 26 23 18 11 
3 14 1 40 43 20 25 22 
54 29 44 47 52 59 10 19 
33 4 53 58 39 46 51 60 
30 55 32 45 48 57 38 9 
5 34 63 56 7 36 61 50 
64 31 6 35 62 49 8 37 
--
42 45 2 23 40 27 12 25 
3 22 41 44 13 24 39 28 
46 43 54 1 56 37 26 11 
21 4 47 58 53 14 29 38 
48 59 52 55 36 57 10 15 
5 20 63 60 51 30 35 32 
62 49 18 7 64 33 16 9 
19 6 61 50 17 8 31 34 
--
5 60 7 48 3 44 17 46 
8 49 4 61 18 47 2 43 
59 6 57 40 1 20 45 16 
50 9 62 19 64 37 42 21 
27 58 39 56 41 34 15 36 
10 51 28 63 38 55 22 33 
29 26 53 12 31 24 35 14 
52 11 30 25 54 13 32 23 
--
62 5 30 33 52 3 28 15 
31 34 61 4 29 14 53 2 
6 63 32 51 56 1 16 27 
35 60 57 64 45 40 13 54 
58 7 46 39 50 55 26 17 
47 36 59 44 41 20 23 12 
8 43 38 49 10 25 18 21 
37 48 9 42 19 22 11 24 
--
23 46 7 42 21 36 5 2 
8 41 22 37 6 3 20 35 
45 24 47 40 43 38 1 4 
48 9 44 59 62 53 34 19 
25 64 61 52 39 58 15 54 
10 49 28 63 60 55 18 33 
29 26 51 12 31 16 57 14 
50 11 30 27 56 13 32 17 
--
20 35 4 53 18 33 2 63 
5 46 19 34 3 64 17 32 
36 21 52 41 54 39 62 1 
45 6 47 38 61 42 31 16 
22 37 44 51 40 55 12 59 
7 48 25 56 43 60 15 30 
26 23 50 9 28 13 58 11 
49 8 27 24 57 10 29 14 
--
44 17 20 3 46 7 22 5 
19 2 45 42 21 4 53 8 
16 43 18 37 64 47 6 23 
1 36 63 48 41 52 9 54 
32 15 40 59 38 55 24 51 
35 62 33 56 49 58 27 10 
14 31 60 39 12 29 50 25 
61 34 13 30 57 26 11 28 
--
5 20 3 38 7 22 25 44 
2 37 6 21 46 43 8 23 
19 4 39 52 41 24 45 26 
36 1 54 47 64 51 42 9 
55 18 59 40 53 48 27 50 
32 35 56 61 58 63 10 13 
17 60 33 30 15 12 49 28 
34 31 16 57 62 29 14 11 
--
24 3 22 19 48 5 42 39 
21 18 25 4 43 40 47 6 
2 23 20 59 26 49 38 41 
17 28 1 44 51 56 7 46 
64 13 58 27 60 45 50 37 
29 16 61 52 57 34 55 8 
12 63 14 31 10 53 36 33 
15 30 11 62 35 32 9 54 
--
21 18 63 58 23 8 3 6 
62 57 22 19 2 5 26 9 
17 20 59 64 27 24 7 4 
56 61 50 1 54 31 10 25 
41 16 55 60 49 28 35 30 
44 47 42 51 38 53 32 11 
15 40 45 48 13 34 29 36 
46 43 14 39 52 37 12 33 
--
6 3 8 21 44 39 18 41 
9 22 5 2 19 42 47 38 
4 7 20 43 48 45 40 17 
23 10 27 60 1 50 37 46 
26 61 24 49 56 59 16 33 
11 28 57 64 51 34 55 36 
62 25 30 13 58 53 32 15 
29 12 63 52 31 14 35 54 
--
5 18 33 54 3 16 31 28 
34 53 4 17 32 29 2 15 
19 6 55 52 49 14 27 30 
56 35 48 39 64 1 50 13 
7 20 57 44 51 40 61 26 
36 47 38 23 60 63 12 41 
21 8 45 58 43 10 25 62 
46 37 22 9 24 59 42 11 
--
32 5 22 27 30 3 20 17 
23 26 31 4 21 18 29 2 
6 33 24 51 28 43 16 19 
25 54 35 44 61 50 1 42 
34 7 62 49 52 45 64 15 
55 10 53 36 63 60 41 46 
8 37 12 57 48 39 14 59 
11 56 9 38 13 58 47 40 
--
5 22 49 40 3 20 17 32 
50 41 4 21 48 31 2 19 
23 6 55 52 39 18 33 16 
54 51 42 45 56 47 30 1 
7 24 53 58 43 38 15 34 
62 59 44 37 46 57 12 29 
25 8 61 64 27 10 35 14 
60 63 26 9 36 13 28 11 
--
11 28 13 54 9 26 33 56 
14 47 10 27 58 55 8 25 
29 12 59 46 53 32 57 34 
42 15 48 31 60 63 24 7 
1 30 43 64 45 52 35 62 
16 41 18 49 38 61 6 23 
19 2 39 44 21 4 51 36 
40 17 20 3 50 37 22 5 
--
24 21 16 47 38 41 14 63 
17 48 23 42 15 62 37 40 
22 25 20 51 46 39 64 13 
49 18 43 54 61 52 45 36 
26 1 50 19 44 55 12 59 
7 4 29 56 53 60 35 32 
2 27 6 9 30 33 58 11 
5 8 3 28 57 10 31 34 
--
41 18 21 4 27 52 23 6 
20 3 42 57 22 5 26 51 
17 40 19 28 53 56 7 24 
2 29 60 43 58 25 50 55 
39 16 1 46 61 54 35 8 
30 13 44 59 36 47 64 49 
15 38 11 32 45 62 9 34 
12 31 14 37 10 33 48 63 
--
18 33 14 53 28 31 12 57 
15 50 17 32 13 56 27 30 
34 19 54 47 52 29 58 11 
49 16 51 44 55 46 41 26 
20 35 48 1 42 59 10 63 
5 2 43 60 45 64 25 40 
36 21 4 7 38 23 62 9 
3 6 37 22 61 8 39 24 
--
9 36 7 56 11 34 31 46 
6 57 10 35 40 47 12 33 
37 8 63 48 55 32 45 30 
64 5 58 39 50 41 54 13 
23 38 49 62 1 44 29 42 
4 59 22 51 26 53 14 17 
21 24 61 2 19 16 43 28 
60 3 20 25 52 27 18 15 
--
34 31 46 9 36 19 38 11 
47 8 35 32 45 10 21 18 
30 33 48 55 20 37 12 39 
7 56 29 64 53 44 17 22 
28 63 54 49 60 1 40 13 
57 6 61 52 43 14 23 16 
62 27 4 59 50 25 2 41 
5 58 51 26 3 42 15 24 
--
43 14 31 38 41 16 29 26 
32 37 42 15 30 27 40 17 
13 44 35 56 39 58 25 28 
36 33 46 63 48 55 18 59 
45 12 49 34 57 60 1 24 
6 9 62 47 64 21 54 19 
11 50 7 4 61 52 23 2 
8 5 10 51 22 3 20 53 
--
28 11 26 47 30 13 34 45 
25 50 29 12 39 46 31 14 
10 27 48 51 42 33 44 35 
49 24 57 38 53 40 15 32 
56 9 52 41 58 43 36 1 
23 6 61 54 37 18 63 16 
8 55 4 21 62 59 2 19 
5 22 7 60 3 20 17 64 
--
14 29 10 45 24 27 8 63 
11 44 13 28 9 64 23 26 
30 15 46 41 58 25 62 7 
43 12 57 36 61 40 55 22 
16 31 42 47 56 59 6 39 
1 48 35 60 37 52 21 54 
32 17 50 3 34 19 38 5 
49 2 33 18 51 4 53 20 
--
27 52 13 54 25 64 11 58 
14 43 26 51 12 59 24 63 
49 28 53 44 55 46 57 10 
42 15 50 47 60 39 62 23 
29 48 41 16 45 56 9 38 
4 1 32 35 40 61 22 19 
33 30 3 6 17 20 37 8 
2 5 34 31 36 7 18 21 
--
36 39 16 53 50 57 14 55 
17 52 37 60 15 54 49 58 
38 35 40 51 64 59 56 13 
41 18 61 46 43 30 63 48 
34 45 42 29 62 47 12 27 
19 22 1 44 31 28 9 6 
2 33 24 21 4 7 26 11 
23 20 3 32 25 10 5 8 
--
11 64 55 28 9 30 47 34 
56 27 10 63 60 33 8 31 
51 12 61 54 29 48 35 46 
26 57 52 49 62 59 32 7 
13 50 43 58 53 20 45 36 
42 25 14 1 44 37 6 19 
15 2 23 40 17 4 21 38 
24 41 16 3 22 39 18 5 
--
6 47 24 55 8 45 34 63 
23 26 7 46 35 62 9 44 
48 5 56 25 54 43 64 33 
27 22 49 58 61 36 41 10 
4 57 28 53 42 59 32 37 
21 50 19 60 1 40 11 14 
18 3 52 29 16 13 38 31 
51 20 17 2 39 30 15 12 
--
27 8 25 64 29 6 33 52 
24 43 28 7 60 51 30 5 
9 26 61 40 63 32 53 34 
42 23 44 57 50 59 4 31 
19 10 41 62 39 56 35 54 
22 45 20 49 58 1 14 3 
11 18 47 38 13 16 55 36 
46 21 12 17 48 37 2 15 
--
56 11 36 33 46 13 38 17 
35 32 55 12 37 16 45 14 
10 57 34 53 50 47 18 39 
31 54 49 58 41 52 15 44 
60 9 62 51 48 43 40 19 
27 30 59 42 63 22 1 4 
8 61 28 25 6 3 20 23 
29 26 7 64 21 24 5 2 
--
49 8 45 52 37 10 39 14 
44 53 50 9 46 13 36 11 
7 48 43 62 51 38 15 40 
54 63 32 47 42 61 12 35 
27 6 59 64 31 34 41 16 
58 55 28 33 60 19 22 1 
5 26 57 30 3 24 17 20 
56 29 4 25 18 21 2 23 
--
41 44 15 46 55 62 13 10 
16 47 42 63 14 11 54 61 
43 40 45 56 59 64 9 12 
48 17 58 39 50 53 60 35 
27 38 49 52 57 36 23 8 
18 3 28 37 24 51 34 31 
1 26 5 20 29 32 7 22 
4 19 2 25 6 21 30 33 
--
4 7 46 25 36 9 38 27 
45 22 5 8 47 26 35 10 
6 3 44 55 24 37 28 39 
21 52 23 48 43 54 11 34 
2 17 56 53 58 33 40 29 
51 20 49 32 61 42 59 12 
16 1 18 57 14 63 30 41 
19 50 15 62 31 60 13 64 
--
57 8 55 36 63 10 49 42 
54 35 58 9 50 43 38 11 
7 56 51 64 37 62 41 48 
34 53 22 59 44 47 12 39 
21 6 33 52 61 40 45 26 
32 3 60 23 46 27 16 13 
5 20 1 30 15 18 25 28 
2 31 4 19 24 29 14 17 
--
64 23 58 9 32 21 34 11 
59 8 63 22 45 10 31 20 
24 57 46 51 62 33 12 35 
7 60 53 56 47 44 19 30 
54 25 50 61 52 29 36 13 
3 6 55 48 43 16 39 18 
26 49 4 1 28 41 14 37 
5 2 27 42 15 38 17 40 
--
55 8 27 22 51 6 29 20 
26 23 54 7 28 21 50 5 
9 56 25 62 47 52 19 30 
24 63 46 53 42 31 4 49 
45 10 57 32 61 48 41 18 
58 13 64 43 40 33 36 3 
11 44 15 60 1 38 17 34 
14 59 12 39 16 35 2 37 
--
8 47 10 49 6 53 20 51 
11 30 7 56 21 50 5 54 
46 9 48 31 64 55 52 19 
29 12 59 44 57 22 61 4 
36 45 32 63 60 43 18 23 
13 28 37 58 33 62 3 42 
38 35 26 15 40 1 24 17 
27 14 39 34 25 16 41 2 
--
63 46 21 6 23 48 35 4 
20 7 62 47 36 5 24 49 
45 64 39 22 57 50 3 34 
8 19 58 61 40 37 52 25 
59 44 31 38 51 56 33 2 
18 9 60 41 32 13 26 53 
43 30 11 16 55 28 1 14 
10 17 42 29 12 15 54 27 
--
40 13 38 59 46 15 48 63 
37 58 41 14 53 62 45 16 
12 39 60 55 42 47 64 49 
57 36 29 52 61 54 17 44 
26 11 56 35 28 43 50 33 
5 8 27 30 51 34 21 18 
10 25 6 3 20 23 32 1 
7 4 9 24 31 2 19 22 
--
16 31 12 39 26 29 10 49 
13 40 15 30 11 50 25 28 
32 17 38 51 56 27 48 9 
37 14 41 54 47 64 57 24 
18 33 46 61 52 55 8 63 
3 36 53 42 45 62 23 58 
34 19 2 5 60 21 44 7 
1 4 35 20 43 6 59 22 
--
41 10 39 34 49 12 53 32 
38 35 42 11 54 33 48 13 
9 40 37 50 45 56 31 52 
36 43 26 55 58 51 14 47 
23 8 59 44 25 46 57 30 
2 5 24 27 60 63 18 15 
7 22 3 64 17 20 29 62 
4 1 6 21 28 61 16 19 
--
20 5 36 47 22 7 26 45 
37 50 21 6 35 46 23 8 
4 19 56 51 48 25 44 27 
55 38 49 42 57 34 9 24 
18 3 54 61 52 43 28 33 
39 62 41 58 31 60 13 10 
2 17 64 53 12 15 32 29 
63 40 1 16 59 30 11 14 
--
5 44 23 42 7 62 33 40 
22 25 6 63 34 41 8 61 
45 4 43 24 57 64 39 32 
26 21 58 47 50 35 60 9 
3 46 27 56 59 48 31 38 
20 55 18 49 36 51 10 13 
17 2 53 28 15 12 37 30 
54 19 16 1 52 29 14 11 
--
30 27 10 37 40 25 8 5 
11 38 29 26 9 6 41 24 
28 31 36 39 52 49 4 7 
35 12 51 54 19 42 23 48 
32 57 34 61 50 53 18 3 
13 62 55 58 43 20 47 22 
56 33 64 15 60 45 2 17 
63 14 59 44 1 16 21 46 
--
63 26 7 22 49 38 5 20 
8 23 62 39 6 21 48 37 
27 64 25 58 55 50 19 4 
24 9 40 61 32 57 36 47 
41 28 59 56 51 54 3 18 
10 13 52 31 60 33 46 35 
29 42 15 12 53 44 17 2 
14 11 30 43 16 1 34 45 
--
40 37 12 49 26 5 10 7 
13 48 39 36 11 8 25 4 
38 41 50 29 60 27 6 9 
47 14 59 52 35 30 3 24 
42 51 46 61 28 57 20 31 
15 62 53 58 45 34 23 2 
54 43 64 17 56 21 32 19 
63 16 55 44 33 18 1 22 
--
63 28 9 24 59 44 7 22 
10 25 62 45 8 23 58 43 
29 64 27 48 55 60 21 6 
26 11 54 61 46 39 42 57 
51 30 47 40 49 56 5 20 
12 15 50 53 38 41 2 35 
31 52 17 14 33 36 19 4 
16 13 32 37 18 3 34 1 
--
