--
24 15 52 3 26 35 48 5 
53 2 25 36 49 4 27 62 
16 23 14 51 34 61 6 47 
13 54 1 60 37 50 63 28 
22 17 56 33 64 29 46 7 
55 12 59 20 45 38 41 30 
18 21 10 57 32 43 8 39 
11 58 19 44 9 40 31 42 
--
56 5 28 25 54 3 30 15 
27 24 55 4 29 14 61 2 
6 57 26 53 40 1 16 31 
23 42 39 64 35 60 13 62 
38 7 58 41 52 63 32 17 
43 22 51 36 59 34 47 12 
8 37 20 45 10 49 18 33 
21 44 9 50 19 46 11 48 
--
31 14 29 38 33 16 59 2 
28 39 32 15 60 1 34 17 
13 30 41 50 37 58 3 64 
40 27 52 57 48 61 18 35 
53 12 49 42 51 36 63 4 
26 9 56 47 62 21 44 19 
11 54 7 24 43 46 5 22 
8 25 10 55 6 23 20 45 
--
33 2 19 54 31 60 17 56 
20 53 32 61 18 55 30 47 
3 34 1 50 59 48 57 16 
52 21 62 39 64 41 46 29 
35 4 51 22 49 58 15 42 
10 7 38 63 40 45 28 25 
5 36 9 12 23 26 43 14 
8 11 6 37 44 13 24 27 
--
56 15 60 37 2 17 22 25 
61 38 55 16 59 24 3 18 
14 57 62 1 36 21 26 23 
63 54 39 58 33 52 19 4 
40 13 64 53 20 35 32 27 
45 48 43 34 51 30 5 8 
12 41 46 49 10 7 28 31 
47 44 11 42 29 50 9 6 
--
14 1 30 61 16 11 32 37 
29 62 15 12 31 38 17 10 
2 13 64 47 60 33 36 39 
63 28 59 34 51 46 9 18 
24 3 50 55 48 35 40 45 
27 58 25 52 43 54 19 8 
4 23 56 49 6 21 44 41 
57 26 5 22 53 42 7 20 
--
63 18 59 40 29 20 3 6 
60 41 62 19 2 5 28 21 
17 64 43 58 39 30 7 4 
42 61 38 1 34 45 22 27 
37 16 57 44 53 26 31 8 
56 13 54 35 46 33 50 23 
15 36 11 52 25 48 9 32 
12 55 14 47 10 51 24 49 
--
24 15 52 13 26 31 46 11 
53 2 25 32 51 12 27 44 
16 23 14 55 30 45 10 47 
3 54 1 50 33 56 43 28 
22 17 34 57 64 29 48 9 
35 4 59 20 49 40 63 42 
18 21 6 37 58 61 8 39 
5 36 19 60 7 38 41 62 
--
27 14 29 12 25 42 61 2 
30 11 26 43 62 1 24 41 
15 28 13 50 39 60 3 64 
10 31 44 57 48 63 40 23 
45 16 49 38 51 22 59 4 
32 9 56 47 58 37 52 21 
17 46 7 34 19 54 5 36 
8 33 18 55 6 35 20 53 
--
34 31 46 9 36 19 38 11 
47 8 35 32 45 10 21 18 
30 33 48 57 20 37 12 39 
7 58 29 64 53 44 17 22 
28 63 54 49 56 1 40 13 
59 6 61 52 43 14 23 16 
62 27 4 55 50 25 2 41 
5 60 51 26 3 42 15 24 
--
24 15 46 13 26 31 52 11 
45 2 25 50 53 12 27 32 
16 23 14 47 30 51 10 59 
3 44 1 54 49 58 33 28 
22 17 48 37 64 29 60 9 
43 4 55 20 57 38 63 34 
18 21 6 41 36 61 8 39 
5 42 19 56 7 40 35 62 
--
30 27 10 37 40 25 8 5 
11 38 29 26 9 6 43 24 
28 31 36 39 44 41 4 7 
35 12 63 46 19 58 23 42 
32 47 34 57 62 45 18 3 
13 54 49 64 51 20 59 22 
48 33 52 15 56 61 2 17 
53 14 55 50 1 16 21 60 
--
48 15 36 39 30 17 32 21 
37 40 47 16 35 20 29 18 
14 49 38 61 46 31 22 33 
41 62 55 50 1 34 19 28 
56 13 64 45 60 27 2 23 
63 42 57 54 51 24 5 8 
12 53 44 59 10 7 26 3 
43 58 11 52 25 4 9 6 
--
55 26 23 10 53 6 21 8 
24 11 54 39 22 9 34 5 
27 56 25 60 33 52 7 20 
12 59 40 51 38 19 4 35 
41 28 57 32 61 36 49 18 
58 13 62 37 50 1 46 3 
29 42 15 64 31 44 17 48 
14 63 30 43 16 47 2 45 
--
36 21 16 1 34 59 14 63 
17 2 35 60 15 64 33 52 
22 37 20 45 58 53 62 13 
3 18 55 42 61 46 51 32 
38 23 44 19 54 57 12 47 
7 4 41 56 43 50 31 28 
24 39 6 9 26 29 48 11 
5 8 25 40 49 10 27 30 
--
3 44 23 52 33 46 21 48 
24 55 2 45 22 49 34 31 
43 4 51 62 53 32 47 20 
56 25 54 1 50 61 30 35 
5 42 63 60 29 36 19 38 
26 57 8 41 64 39 16 13 
9 6 59 28 11 14 37 18 
58 27 10 7 40 17 12 15 
--
6 21 4 35 8 37 48 57 
3 34 7 38 49 56 9 40 
20 5 22 53 36 39 58 47 
23 2 33 50 55 52 41 10 
32 19 54 1 42 59 46 63 
27 24 29 60 51 64 11 14 
18 31 26 43 16 13 62 45 
25 28 17 30 61 44 15 12 
--
20 55 4 57 18 59 2 63 
5 36 19 60 3 64 17 32 
54 21 56 35 58 33 62 1 
37 6 53 50 61 40 31 16 
22 49 38 45 34 51 12 41 
7 46 25 52 39 44 15 30 
26 23 48 9 28 13 42 11 
47 8 27 24 43 10 29 14 
--
57 50 13 32 45 28 11 30 
14 33 58 49 12 31 46 27 
59 56 51 44 63 48 29 10 
34 15 64 55 52 43 26 47 
1 60 53 42 19 62 9 40 
16 35 20 61 54 41 6 25 
21 2 37 18 23 4 39 8 
36 17 22 3 38 7 24 5 
--
15 18 63 32 37 20 39 24 
58 31 16 19 62 23 36 21 
17 14 57 64 33 38 25 40 
50 59 30 45 56 61 22 35 
13 46 51 60 1 34 41 26 
52 49 10 29 44 55 2 5 
9 12 47 54 7 4 27 42 
48 53 8 11 28 43 6 3 
--
30 27 10 47 40 25 8 5 
11 46 29 26 9 6 39 24 
28 31 48 43 62 41 4 7 
45 12 63 52 19 54 23 38 
32 49 44 55 42 61 18 3 
13 58 51 64 53 20 37 22 
50 33 56 15 60 35 2 17 
57 14 59 34 1 16 21 36 
--
54 5 28 25 60 3 30 15 
27 24 55 4 29 14 61 2 
6 53 26 59 62 1 16 31 
23 56 47 52 43 40 13 64 
46 7 58 41 48 63 32 17 
57 22 51 44 39 42 35 12 
8 45 20 49 10 37 18 33 
21 50 9 38 19 34 11 36 
--
6 55 24 59 8 53 26 51 
23 42 7 54 25 50 9 46 
56 5 60 43 58 47 52 27 
41 22 57 64 49 28 45 10 
4 61 40 35 44 63 48 29 
21 34 19 62 1 36 11 14 
18 3 32 39 16 13 30 37 
33 20 17 2 31 38 15 12 
--
41 44 13 46 55 62 11 8 
14 47 42 63 12 9 54 59 
43 40 45 56 61 58 7 10 
48 15 64 39 50 53 60 35 
25 38 49 52 57 36 21 6 
16 1 26 37 22 51 34 31 
27 24 3 18 29 32 5 20 
2 17 28 23 4 19 30 33 
--
6 47 24 27 8 31 40 29 
23 26 7 46 41 28 9 32 
48 5 56 25 34 43 30 39 
55 22 45 42 61 38 33 10 
4 49 62 57 44 35 60 37 
21 54 19 50 1 58 11 14 
18 3 52 63 16 13 36 59 
53 20 17 2 51 64 15 12 
--
47 10 49 34 45 12 53 32 
38 35 46 11 54 33 44 13 
9 48 37 50 41 56 31 52 
36 39 26 55 58 51 14 43 
23 8 63 40 25 42 57 30 
2 5 24 27 62 59 18 15 
7 22 3 64 17 20 29 60 
4 1 6 21 28 61 16 19 
--
11 44 47 28 9 42 39 60 
46 27 10 43 48 61 8 41 
31 12 45 62 29 40 59 38 
26 51 30 33 64 49 56 7 
13 32 63 50 55 20 37 58 
52 25 14 1 34 57 6 19 
15 2 23 54 17 4 21 36 
24 53 16 3 22 35 18 5 
--
20 49 16 1 28 47 14 45 
17 2 19 48 15 44 29 42 
50 21 64 27 56 41 46 13 
3 18 51 54 63 30 43 40 
22 61 26 57 52 55 12 31 
7 4 53 62 25 34 39 36 
60 23 6 9 58 37 32 11 
5 8 59 24 33 10 35 38 
--
23 10 21 18 25 8 37 40 
20 17 24 9 42 39 26 7 
11 22 19 60 27 36 41 38 
16 61 28 43 54 49 6 35 
29 12 55 50 59 44 53 48 
62 15 64 45 56 51 34 5 
1 30 13 58 3 32 47 52 
14 63 2 31 46 57 4 33 
--
