--
36 21 16 1 34 63 14 53 
17 2 35 56 15 54 33 62 
22 37 20 45 64 47 52 13 
3 18 57 48 55 44 61 32 
38 23 42 19 46 49 12 51 
7 4 39 58 43 60 31 28 
24 41 6 9 26 29 50 11 
5 8 25 40 59 10 27 30 
--
58 27 62 13 42 25 44 15 
63 12 57 26 61 14 41 24 
28 59 64 49 54 43 16 45 
11 56 33 60 1 46 23 40 
34 29 48 55 50 53 2 17 
7 10 51 32 47 20 39 22 
30 35 8 5 52 37 18 3 
9 6 31 36 19 4 21 38 
--
17 14 39 60 19 4 23 2 
38 59 18 15 40 1 20 5 
13 16 61 58 55 22 3 24 
62 37 56 41 64 47 6 21 
33 12 63 54 57 42 25 46 
36 51 34 43 48 53 28 7 
11 32 49 52 9 30 45 26 
50 35 10 31 44 27 8 29 
--
4 17 42 27 2 15 54 57 
41 28 3 16 53 56 1 14 
18 5 60 43 26 13 58 55 
29 40 35 52 59 64 25 12 
6 19 44 61 36 51 48 63 
39 30 37 34 49 62 11 24 
20 7 32 45 22 9 50 47 
31 38 21 8 33 46 23 10 
--
63 2 19 22 59 12 17 14 
20 23 62 1 18 15 58 11 
3 64 21 42 55 60 13 16 
24 41 54 61 34 39 10 57 
53 4 43 40 51 56 33 38 
28 25 52 47 44 35 50 9 
5 46 27 30 7 48 37 32 
26 29 6 45 36 31 8 49 
--
41 8 31 36 59 6 29 26 
32 35 40 7 30 27 56 5 
9 42 33 60 37 58 25 28 
34 39 44 47 52 55 4 57 
43 10 51 38 61 46 53 24 
16 13 48 45 54 21 64 3 
11 50 15 18 1 62 23 20 
14 17 12 49 22 19 2 63 
--
6 9 4 25 52 11 62 43 
3 26 7 10 61 44 53 12 
8 5 24 51 54 57 42 63 
23 2 27 60 45 64 13 56 
28 19 34 1 50 55 58 41 
33 22 31 46 59 38 49 14 
18 29 20 35 16 47 40 37 
21 32 17 30 39 36 15 48 
--
20 17 64 3 22 7 44 5 
63 2 21 18 57 4 23 8 
16 19 56 1 24 43 6 45 
49 62 25 58 47 54 9 32 
26 15 48 55 42 33 46 37 
61 50 59 34 53 38 31 10 
14 27 52 41 12 29 36 39 
51 60 13 28 35 40 11 30 
--
29 8 27 56 31 10 35 48 
26 43 30 9 54 47 32 11 
7 28 55 46 57 34 49 36 
44 25 42 53 60 51 12 33 
21 6 45 58 41 62 37 50 
24 3 22 61 52 59 16 13 
5 20 1 40 15 18 63 38 
2 23 4 19 64 39 14 17 
--
55 8 27 22 53 6 29 20 
26 23 54 7 28 21 44 5 
9 56 25 62 45 52 19 30 
24 63 46 51 40 31 4 43 
47 10 57 32 61 42 39 18 
58 13 64 41 50 33 36 3 
11 48 15 60 1 38 17 34 
14 59 12 49 16 35 2 37 
--
11 18 55 22 13 16 53 24 
56 21 12 17 54 23 2 15 
19 10 63 58 1 14 25 52 
44 57 20 33 62 51 60 3 
9 32 45 64 59 34 49 26 
40 43 38 29 50 61 4 35 
31 8 41 46 37 6 27 48 
42 39 30 7 28 47 36 5 
--
5 24 7 38 3 22 17 36 
8 39 4 23 18 37 2 21 
25 6 41 46 63 20 35 16 
40 9 54 19 42 45 62 1 
55 26 43 58 47 64 15 34 
10 29 56 53 44 59 48 61 
27 52 31 12 57 50 33 14 
30 11 28 51 32 13 60 49 
--
23 18 21 36 25 30 3 34 
20 37 24 31 2 35 26 29 
17 22 19 58 61 28 33 4 
38 59 62 1 32 45 56 27 
49 16 53 60 57 64 5 44 
52 39 50 63 46 55 8 11 
15 48 41 54 13 10 43 6 
40 51 14 47 42 7 12 9 
--
5 58 25 28 3 32 37 30 
24 27 4 63 56 29 2 33 
59 6 57 26 1 36 31 38 
44 23 64 55 62 53 34 13 
7 60 43 52 35 14 39 50 
22 45 20 61 54 51 12 15 
19 8 47 42 17 10 49 40 
46 21 18 9 48 41 16 11 
--
38 17 54 19 40 35 2 5 
55 20 39 36 1 4 41 34 
16 37 18 53 42 51 6 3 
21 56 43 64 29 58 33 50 
44 15 22 57 52 63 28 7 
23 12 61 46 59 30 49 32 
14 45 10 25 62 47 8 27 
11 24 13 60 9 26 31 48 
--
11 24 13 38 9 26 29 42 
14 39 10 25 44 41 8 27 
23 12 51 40 37 28 43 30 
50 15 22 59 48 45 36 7 
21 62 49 52 35 60 31 46 
16 53 18 61 58 47 6 3 
63 20 55 34 1 4 57 32 
54 17 64 19 56 33 2 5 
--
63 2 19 22 53 12 17 14 
20 23 62 1 18 15 54 11 
3 64 21 58 47 52 13 16 
24 57 48 61 34 55 10 45 
49 4 59 56 51 46 33 36 
28 25 50 39 60 35 44 9 
5 40 27 30 7 42 37 32 
26 29 6 41 38 31 8 43 
--
63 14 35 32 1 16 19 44 
34 31 64 15 36 43 2 17 
13 62 33 40 51 18 45 20 
30 39 52 61 54 37 42 3 
59 12 55 38 41 50 21 46 
26 29 60 53 56 47 4 7 
11 58 27 24 9 6 49 22 
28 25 10 57 48 23 8 5 
--
20 17 58 63 22 7 2 5 
59 56 21 18 1 4 23 8 
16 19 64 57 62 25 6 3 
55 60 49 26 53 30 9 24 
40 15 54 61 48 27 34 29 
43 46 41 50 37 52 31 10 
14 39 44 47 12 33 28 35 
45 42 13 38 51 36 11 32 
--
3 36 5 20 45 34 15 18 
6 21 2 35 16 19 46 33 
37 4 49 54 47 44 17 14 
22 7 60 1 50 53 32 43 
61 38 51 48 55 42 13 28 
8 23 64 59 52 29 56 31 
39 62 25 10 41 58 27 12 
24 9 40 63 26 11 30 57 
--
27 24 13 58 37 6 11 8 
14 55 26 23 12 9 36 5 
25 28 57 54 59 38 7 10 
56 15 60 45 22 51 4 35 
29 46 53 64 39 44 21 50 
16 61 40 47 52 1 34 3 
41 30 63 18 43 32 49 20 
62 17 42 31 48 19 2 33 
--
59 12 61 52 41 14 43 50 
62 23 58 13 56 51 40 15 
11 60 55 64 53 42 49 44 
24 63 22 57 48 45 16 39 
21 10 25 54 1 38 33 46 
4 7 20 37 34 47 30 17 
9 26 5 2 19 28 35 32 
6 3 8 27 36 31 18 29 
--
36 13 34 49 38 15 56 61 
33 26 37 14 59 62 47 16 
12 35 50 39 48 57 60 55 
25 32 27 58 63 54 17 46 
28 11 40 51 18 45 64 53 
21 24 31 44 41 52 3 6 
10 29 22 19 8 5 42 1 
23 20 9 30 43 2 7 4 
--
12 15 30 39 2 17 20 63 
31 38 13 16 29 64 3 18 
14 11 40 1 58 19 62 21 
37 32 49 52 61 28 59 4 
10 41 36 57 50 53 22 27 
33 44 51 48 25 60 5 54 
42 9 46 35 56 7 26 23 
45 34 43 8 47 24 55 6 
--
36 11 40 19 38 13 24 27 
41 18 37 12 61 26 21 14 
10 35 60 39 20 23 28 25 
51 42 17 62 49 64 15 22 
34 9 50 59 16 29 48 57 
43 52 33 30 63 58 1 4 
8 31 54 45 6 3 56 47 
53 44 7 32 55 46 5 2 
--
52 17 20 3 54 47 22 5 
19 2 53 48 21 4 25 46 
16 51 18 59 44 55 6 23 
1 60 49 56 41 24 45 26 
50 15 64 43 58 33 40 7 
61 12 57 34 37 42 27 30 
14 35 10 63 32 29 8 39 
11 62 13 36 9 38 31 28 
--
8 17 50 27 10 15 48 61 
51 28 9 16 49 62 11 14 
18 7 54 63 26 13 60 47 
29 52 37 42 55 64 25 12 
6 19 56 53 36 41 46 59 
33 30 35 38 43 58 1 24 
20 5 32 57 22 3 40 45 
31 34 21 4 39 44 23 2 
--
15 12 37 44 17 2 21 42 
36 45 16 13 38 43 18 3 
11 14 55 48 1 20 41 22 
54 35 46 39 56 49 4 19 
31 10 53 64 47 40 23 50 
34 61 32 57 52 63 26 5 
9 30 59 62 7 28 51 24 
60 33 8 29 58 25 6 27 
--
23 10 21 28 25 12 33 36 
20 29 24 11 32 35 26 13 
9 22 31 54 27 48 37 34 
30 19 60 51 46 53 14 49 
61 8 45 18 55 50 47 38 
2 5 64 59 52 41 56 15 
7 62 3 44 17 58 39 42 
4 1 6 63 40 43 16 57 
--
24 11 22 53 26 13 30 33 
21 62 25 12 35 32 27 14 
10 23 54 63 52 29 34 31 
55 20 61 36 57 48 15 28 
38 9 56 19 64 51 46 49 
3 6 37 60 47 58 43 16 
8 39 4 1 18 41 50 45 
5 2 7 40 59 44 17 42 
--
63 18 21 4 27 58 23 6 
20 3 62 57 22 5 26 59 
17 64 19 28 53 60 7 24 
2 29 56 61 50 25 54 47 
39 16 1 52 55 48 35 8 
30 13 40 49 36 51 46 43 
15 38 11 32 41 44 9 34 
12 31 14 37 10 33 42 45 
--
45 42 33 10 37 14 31 12 
34 9 44 41 32 11 38 15 
43 46 51 36 49 40 13 30 
8 35 48 57 52 1 16 39 
47 56 25 50 61 58 29 2 
24 7 60 53 28 19 64 17 
55 26 5 22 59 62 3 20 
6 23 54 27 4 21 18 63 
--
20 35 4 47 18 33 2 63 
5 46 19 34 3 64 17 32 
36 21 48 41 50 39 62 1 
45 6 51 38 61 42 31 16 
22 37 44 49 40 57 12 59 
7 52 25 56 43 60 15 30 
26 23 54 9 28 13 58 11 
53 8 27 24 55 10 29 14 
--
48 27 6 23 44 37 8 21 
5 24 47 38 7 22 45 36 
28 49 26 43 46 59 20 9 
25 4 51 60 39 42 35 58 
50 29 62 41 52 57 10 19 
3 14 1 56 61 40 53 34 
30 63 16 13 32 55 18 11 
15 2 31 64 17 12 33 54 
--
34 23 42 21 32 5 60 3 
43 20 33 36 61 2 31 6 
24 35 22 41 30 51 4 59 
19 44 37 62 1 58 7 52 
38 25 40 29 50 53 64 57 
15 18 45 54 63 10 49 8 
26 39 16 13 28 47 56 11 
17 14 27 46 55 12 9 48 
--
58 9 34 13 48 17 36 15 
33 12 59 56 35 14 49 18 
8 57 10 47 64 51 16 37 
11 32 63 60 55 38 19 50 
28 7 54 1 46 61 52 39 
31 4 29 62 53 42 23 20 
6 27 2 45 22 25 40 43 
3 30 5 26 41 44 21 24 
--
30 27 10 51 40 25 8 5 
11 50 29 26 9 6 41 24 
28 31 52 43 54 39 4 7 
49 12 55 62 19 42 23 38 
32 63 44 53 56 61 18 3 
13 48 57 64 45 20 37 22 
58 33 46 15 60 35 2 17 
47 14 59 34 1 16 21 36 
--
60 31 40 7 58 19 42 5 
39 8 59 32 41 6 21 18 
30 61 38 51 20 57 4 43 
9 50 29 64 33 44 17 22 
28 37 62 45 52 1 56 3 
49 10 47 34 63 14 23 16 
36 27 12 53 46 25 2 55 
11 48 35 26 13 54 15 24 
--
12 15 24 33 22 17 54 51 
25 32 13 16 55 52 21 18 
14 11 34 23 58 19 50 53 
31 26 43 46 1 56 63 20 
10 35 30 57 44 59 2 49 
27 42 45 38 47 64 5 62 
36 9 40 29 60 7 48 3 
41 28 37 8 39 4 61 6 
--
54 21 16 1 52 59 14 47 
17 2 53 60 15 48 33 58 
22 55 20 51 64 57 46 13 
3 18 61 56 49 34 63 32 
42 23 50 19 62 45 12 35 
7 4 41 44 39 36 31 28 
24 43 6 9 26 29 38 11 
5 8 25 40 37 10 27 30 
--
39 18 21 4 37 8 23 6 
20 3 38 55 22 5 50 9 
17 40 19 36 51 54 7 24 
2 35 56 45 64 49 10 53 
41 16 1 34 57 52 25 48 
30 33 44 61 46 63 58 11 
15 42 31 28 13 60 47 26 
32 29 14 43 62 27 12 59 
--
63 44 13 32 61 28 11 30 
14 33 62 49 12 31 54 27 
45 64 43 56 51 60 29 10 
34 15 50 59 48 55 26 53 
1 46 57 42 19 52 9 40 
16 35 20 47 58 41 6 25 
21 2 37 18 23 4 39 8 
36 17 22 3 38 7 24 5 
--
39 20 29 6 41 18 31 4 
28 7 40 19 30 5 34 17 
21 38 27 42 35 60 3 32 
8 43 36 61 50 33 16 55 
37 22 51 26 59 54 49 2 
44 9 62 53 64 13 56 15 
23 52 11 46 25 58 1 48 
10 45 24 63 12 47 14 57 
--
14 35 10 47 30 33 8 45 
11 48 13 34 9 46 29 32 
36 15 50 57 54 31 44 7 
49 12 55 38 51 60 53 28 
16 37 58 61 56 39 6 43 
1 62 19 40 59 52 27 24 
20 17 64 3 22 25 42 5 
63 2 21 18 41 4 23 26 
--
35 18 41 20 37 60 3 6 
42 21 36 61 2 5 38 59 
17 34 19 40 57 64 7 4 
22 43 62 1 54 39 58 49 
33 16 23 56 63 48 29 8 
24 13 44 53 30 55 50 47 
15 32 11 26 45 52 9 28 
12 25 14 31 10 27 46 51 
--
11 18 39 22 13 16 41 24 
38 21 12 17 40 23 2 15 
19 10 37 54 1 14 25 42 
36 59 20 57 44 55 52 3 
9 32 45 60 53 64 43 26 
46 35 58 29 56 51 4 63 
31 8 33 48 61 6 27 50 
34 47 30 7 28 49 62 5 
--
24 11 22 19 26 9 58 51 
21 18 25 10 63 52 27 8 
12 23 20 55 36 57 50 59 
17 38 35 64 53 62 7 28 
34 13 54 37 56 47 60 49 
39 16 1 46 61 44 29 6 
2 33 14 41 4 31 48 43 
15 40 3 32 45 42 5 30 
--
45 14 43 40 55 16 59 20 
42 39 46 15 60 19 56 17 
13 44 41 54 49 64 21 58 
38 47 50 61 26 57 18 63 
51 12 37 48 53 62 1 22 
36 33 52 27 30 25 4 7 
11 28 31 34 9 6 23 2 
32 35 10 29 24 3 8 5 
--
47 44 33 10 37 14 31 12 
34 9 46 41 32 11 38 15 
45 48 43 36 51 40 13 30 
8 35 50 59 42 1 16 39 
49 56 25 52 61 58 29 2 
24 7 60 57 28 19 64 17 
55 26 5 22 53 62 3 20 
6 23 54 27 4 21 18 63 
--
31 40 5 52 29 42 3 46 
6 53 30 41 4 45 28 43 
39 32 59 34 51 36 47 2 
60 7 54 37 58 1 44 27 
17 38 33 64 35 50 13 48 
8 61 18 55 14 57 26 23 
19 16 63 10 21 24 49 12 
62 9 20 15 56 11 22 25 
--
49 36 33 10 45 14 31 12 
34 9 48 57 32 11 46 15 
37 50 35 44 47 56 13 30 
8 43 60 53 58 1 16 55 
51 38 25 42 61 54 29 2 
24 7 52 59 28 19 64 17 
39 26 5 22 41 62 3 20 
6 23 40 27 4 21 18 63 
--
47 2 19 22 43 12 17 14 
20 23 46 1 18 15 44 11 
3 48 21 42 45 64 13 16 
24 41 58 55 34 39 10 63 
53 4 49 40 59 56 33 38 
28 25 54 57 50 35 62 9 
5 52 27 30 7 60 37 32 
26 29 6 51 36 31 8 61 
--
14 11 16 51 30 9 32 41 
17 52 13 10 45 40 29 8 
12 15 60 39 50 31 42 33 
59 18 53 46 57 44 7 28 
22 1 58 61 38 49 34 43 
19 62 21 54 47 56 27 6 
2 23 64 37 4 25 48 35 
63 20 3 24 55 36 5 26 
--
45 32 7 28 41 24 5 26 
8 29 44 55 6 27 42 23 
33 46 31 40 43 54 25 4 
30 9 60 51 56 39 22 53 
47 34 57 38 61 52 3 18 
10 13 48 59 50 19 64 21 
35 58 15 12 37 62 17 2 
14 11 36 49 16 1 20 63 
--
63 2 39 18 55 4 37 20 
40 17 64 3 38 19 50 5 
1 62 41 54 49 56 21 36 
16 53 58 61 42 51 6 47 
59 12 31 52 57 48 35 22 
30 15 60 43 34 25 46 7 
11 32 13 28 9 44 23 26 
14 29 10 33 24 27 8 45 
--
29 8 27 54 31 10 35 52 
26 55 30 9 62 53 32 11 
7 28 57 60 47 34 51 36 
56 25 42 63 58 61 12 33 
21 6 59 48 41 46 37 50 
24 3 22 43 64 49 16 13 
5 20 1 40 15 18 45 38 
2 23 4 19 44 39 14 17 
--
63 50 13 32 59 28 11 30 
14 33 62 49 12 31 58 27 
51 64 53 44 55 60 29 10 
34 15 48 61 46 43 26 57 
1 52 45 54 19 56 9 40 
16 35 20 47 42 39 6 25 
21 2 37 18 23 4 41 8 
36 17 22 3 38 7 24 5 
--
39 26 7 22 37 56 5 20 
8 23 38 57 6 21 36 55 
27 40 25 48 53 60 19 4 
24 9 58 61 50 47 54 35 
41 28 49 52 59 34 3 18 
10 13 62 43 64 51 46 33 
29 42 15 12 31 44 17 2 
14 11 30 63 16 1 32 45 
--
57 14 21 24 63 4 19 2 
22 25 56 15 20 1 62 5 
13 58 23 64 49 54 3 18 
26 51 40 55 16 61 6 47 
41 12 59 50 53 48 17 36 
30 27 52 39 60 35 46 7 
11 42 29 32 9 44 37 34 
28 31 10 43 38 33 8 45 
--
34 31 16 53 20 29 14 47 
17 2 33 30 15 46 21 28 
32 35 54 19 52 27 48 13 
3 18 1 56 59 50 45 22 
36 55 58 51 26 63 12 49 
7 4 39 64 57 60 23 44 
40 37 6 9 42 25 62 11 
5 8 41 38 61 10 43 24 
--
4 7 2 23 44 9 38 47 
1 22 5 8 39 46 43 10 
6 3 24 45 26 41 48 37 
21 64 27 40 57 54 11 42 
28 17 56 25 60 49 36 53 
63 20 61 50 55 58 33 12 
16 29 18 59 14 31 52 35 
19 62 15 30 51 34 13 32 
--
5 34 3 40 7 32 27 44 
2 39 6 33 28 43 8 31 
35 4 37 50 41 30 45 26 
38 1 52 29 54 49 42 9 
19 36 55 64 51 46 25 48 
56 59 18 53 22 63 10 13 
17 20 61 58 15 12 47 24 
60 57 16 21 62 23 14 11 
--
20 17 58 63 22 7 2 5 
59 56 21 18 1 4 23 8 
16 19 64 57 62 25 6 3 
55 60 49 26 53 30 9 24 
40 15 54 61 48 27 34 29 
43 46 41 50 37 52 31 10 
14 39 44 47 12 33 28 35 
45 42 13 38 51 36 11 32 
--
45 4 27 24 47 2 29 14 
26 23 46 3 28 13 32 1 
5 44 25 48 41 64 15 30 
22 49 42 63 56 31 12 33 
43 6 57 50 61 40 55 16 
58 21 62 39 54 51 34 11 
7 38 19 60 9 36 17 52 
20 59 8 37 18 53 10 35 
--
47 2 19 22 43 12 17 14 
20 23 46 1 18 15 44 11 
3 48 21 42 45 58 13 16 
24 41 64 55 34 39 10 57 
53 4 49 40 59 56 33 38 
28 25 54 63 50 35 60 9 
5 52 27 30 7 62 37 32 
26 29 6 51 36 31 8 61 
--
44 17 20 3 46 7 22 5 
19 2 45 42 21 4 49 8 
16 43 18 37 50 47 6 23 
1 36 51 54 41 58 9 48 
32 15 40 59 38 53 24 57 
35 64 33 52 55 60 27 10 
14 31 62 39 12 29 56 25 
63 34 13 30 61 26 11 28 
--
8 17 50 27 10 15 48 61 
51 28 9 16 49 62 11 14 
18 7 54 63 26 13 60 47 
29 52 37 42 55 64 25 12 
6 19 56 53 36 41 46 59 
33 30 35 38 43 58 1 24 
20 5 32 57 22 3 40 45 
31 34 21 4 39 44 23 2 
--
31 48 39 10 33 14 43 12 
40 9 32 47 42 11 34 15 
49 30 41 38 35 60 13 44 
8 37 50 57 46 1 16 59 
29 52 25 36 61 58 45 2 
24 7 56 51 26 19 64 17 
53 28 5 22 55 62 3 20 
6 23 54 27 4 21 18 63 
--
50 15 30 33 58 17 28 25 
31 34 51 16 29 26 57 18 
14 49 32 63 54 59 24 27 
35 52 43 60 1 62 19 56 
48 13 64 53 42 55 2 23 
39 36 47 44 61 20 5 8 
12 45 38 41 10 7 22 3 
37 40 11 46 21 4 9 6 
--
37 14 39 12 35 24 63 2 
40 11 36 25 58 1 34 23 
15 38 13 46 55 62 3 64 
10 41 26 59 52 57 22 33 
27 16 47 56 45 54 61 4 
42 9 44 53 60 51 32 21 
17 28 7 48 19 30 5 50 
8 43 18 29 6 49 20 31 
--
37 14 35 52 39 16 59 62 
34 27 38 15 58 61 50 17 
13 36 53 40 51 48 63 60 
26 33 28 47 64 57 18 49 
29 12 41 54 19 46 1 56 
22 25 32 45 42 55 4 7 
11 30 23 20 9 6 43 2 
24 21 10 31 44 3 8 5 
--
14 11 16 45 36 9 32 43 
17 50 13 10 33 44 37 8 
12 15 52 49 46 35 42 31 
51 18 47 34 53 60 7 38 
22 1 58 61 48 39 30 41 
19 62 21 54 59 56 27 6 
2 23 64 57 4 25 40 29 
63 20 3 24 55 28 5 26 
--
24 41 8 61 22 39 6 3 
9 62 23 40 7 4 21 38 
42 25 64 51 60 37 2 5 
63 10 59 36 1 54 49 20 
26 43 52 55 50 35 16 47 
11 58 29 44 53 48 19 34 
30 27 56 13 32 17 46 15 
57 12 31 28 45 14 33 18 
--
33 18 35 16 31 44 3 6 
36 15 32 43 2 5 30 45 
19 34 17 48 55 46 7 4 
14 37 42 1 58 49 56 29 
41 20 59 50 47 54 63 8 
38 13 40 23 64 57 28 53 
21 24 11 60 51 26 9 62 
12 39 22 25 10 61 52 27 
--
23 26 13 56 31 28 11 54 
14 57 24 27 12 55 32 29 
25 22 61 58 49 30 53 10 
62 15 48 41 64 59 50 33 
21 40 63 60 19 34 9 52 
16 47 20 1 42 51 6 35 
39 2 45 18 37 4 43 8 
46 17 38 3 44 7 36 5 
--
17 14 39 46 19 4 23 2 
38 63 18 15 40 1 20 5 
13 16 45 64 47 22 3 24 
62 37 48 41 44 59 6 21 
33 12 61 58 49 42 25 52 
36 57 34 43 60 51 28 7 
11 32 55 50 9 30 53 26 
56 35 10 31 54 27 8 29 
--
35 12 61 42 33 14 29 54 
62 43 34 13 60 55 32 15 
11 36 57 64 41 30 53 28 
44 63 40 47 56 59 16 31 
37 10 45 58 1 48 27 52 
4 7 20 39 46 51 24 17 
9 38 5 2 19 22 49 26 
6 3 8 21 50 25 18 23 
--
45 14 43 40 55 16 59 20 
42 39 46 15 60 19 56 17 
13 44 41 54 49 64 21 58 
38 47 50 61 26 57 18 63 
51 12 37 48 53 62 1 22 
36 33 52 27 30 25 4 7 
11 28 31 34 9 6 23 2 
32 35 10 29 24 3 8 5 
--
63 14 35 32 1 16 19 38 
34 31 64 15 36 39 2 17 
13 62 33 42 59 18 37 20 
30 55 58 61 40 53 44 3 
57 12 41 54 43 60 21 52 
26 29 56 47 50 45 4 7 
11 48 27 24 9 6 51 22 
28 25 10 49 46 23 8 5 
--
24 3 22 19 62 5 42 39 
21 18 25 4 43 40 59 6 
2 23 20 63 26 61 38 41 
17 28 1 44 47 58 7 60 
50 13 48 27 64 45 54 37 
29 16 51 46 53 34 57 8 
12 49 14 31 10 55 36 33 
15 30 11 52 35 32 9 56 
--
5 22 7 36 3 20 17 34 
8 37 4 21 40 35 2 19 
23 6 39 44 49 18 33 16 
38 9 56 41 46 43 50 1 
57 24 45 48 61 54 15 32 
10 27 60 55 42 47 64 51 
25 58 29 12 53 62 31 14 
28 11 26 59 30 13 52 63 
--
42 11 32 27 38 13 34 25 
31 28 41 12 33 26 37 14 
10 43 30 39 50 53 24 35 
29 40 49 54 47 36 15 52 
44 9 46 19 64 51 60 23 
3 6 55 48 57 20 63 16 
8 45 4 1 18 61 22 59 
5 2 7 56 21 58 17 62 
--
14 11 32 51 30 9 26 53 
33 42 13 10 63 52 29 8 
12 15 56 31 50 27 54 25 
41 34 43 64 55 62 7 28 
16 1 40 57 38 49 24 59 
35 44 37 48 61 58 21 6 
2 17 46 39 4 19 60 23 
45 36 3 18 47 22 5 20 
--
14 35 10 57 30 33 8 43 
11 58 13 34 9 44 29 32 
36 15 56 47 60 31 42 7 
55 12 59 38 53 48 45 28 
16 37 54 61 46 41 6 49 
1 62 19 52 39 50 27 24 
20 17 64 3 22 25 40 5 
63 2 21 18 51 4 23 26 
--
50 11 36 33 62 13 38 17 
35 32 51 12 37 16 63 14 
10 49 34 55 58 61 18 39 
31 52 43 60 41 56 15 64 
44 9 48 57 54 59 40 19 
27 30 53 42 47 22 1 4 
8 45 28 25 6 3 20 23 
29 26 7 46 21 24 5 2 
--
57 10 21 18 41 8 23 26 
20 17 56 9 22 25 40 7 
11 58 19 42 55 62 27 24 
16 37 60 63 44 39 6 53 
59 12 43 38 61 54 45 28 
36 15 64 49 46 31 52 5 
1 48 13 34 3 50 29 32 
14 35 2 47 30 33 4 51 
--
31 12 41 36 29 14 47 44 
40 37 30 13 42 45 28 15 
11 32 39 64 35 48 43 46 
38 53 34 49 56 1 16 27 
33 10 61 54 63 26 57 2 
52 7 50 25 60 55 20 17 
9 24 5 62 19 22 3 58 
6 51 8 23 4 59 18 21 
--
2 23 42 57 4 21 34 31 
43 56 3 22 41 32 5 20 
24 1 58 55 38 35 30 33 
59 44 37 40 51 54 19 6 
12 25 64 53 36 39 50 29 
45 60 13 26 63 52 7 18 
14 11 62 47 16 9 28 49 
61 46 15 10 27 48 17 8 
--
14 23 44 61 16 21 2 33 
43 62 15 22 1 32 17 20 
24 13 64 45 60 19 34 3 
63 42 59 38 51 54 31 18 
12 25 52 55 46 37 4 35 
41 58 39 50 53 48 7 30 
26 11 56 47 28 9 36 5 
57 40 27 10 49 6 29 8 
--
38 29 10 31 36 45 8 5 
11 32 37 44 9 6 57 46 
28 39 30 35 48 63 4 7 
33 12 43 64 19 58 47 56 
40 27 34 49 62 1 18 3 
13 24 61 42 59 20 55 52 
26 41 22 15 50 53 2 17 
23 14 25 60 21 16 51 54 
--
6 9 4 25 52 11 62 43 
3 26 7 10 63 44 53 12 
8 5 24 51 54 57 42 61 
23 2 27 58 45 64 13 56 
28 19 34 1 50 55 60 41 
33 22 31 46 59 38 49 14 
18 29 20 35 16 47 40 37 
21 32 17 30 39 36 15 48 
--
14 11 32 57 30 9 26 61 
33 44 13 10 49 60 29 8 
12 15 58 31 56 27 62 25 
45 34 43 48 59 50 7 28 
16 1 46 55 42 63 24 51 
37 40 35 64 47 54 21 6 
2 17 38 41 4 19 52 23 
39 36 3 18 53 22 5 20 
--
29 8 27 44 31 10 35 50 
26 45 30 9 58 49 32 11 
7 28 59 48 43 34 51 36 
46 25 42 55 62 57 12 33 
21 6 47 60 41 54 37 52 
24 3 22 63 56 61 16 13 
5 20 1 40 15 18 53 38 
2 23 4 19 64 39 14 17 
--
16 1 18 41 14 29 32 61 
19 42 15 28 63 60 13 30 
2 17 64 57 40 31 62 33 
43 20 27 50 59 56 39 12 
26 3 58 55 38 49 34 53 
21 44 23 48 51 54 11 8 
4 25 46 37 6 9 52 35 
45 22 5 24 47 36 7 10 
--
2 5 44 47 20 7 22 25 
45 54 3 6 43 24 19 8 
4 1 46 63 48 21 26 23 
53 58 55 16 37 42 9 18 
56 15 64 49 62 17 36 27 
59 52 57 38 41 30 33 10 
14 39 50 61 12 35 28 31 
51 60 13 40 29 32 11 34 
--
26 39 10 37 24 57 8 5 
11 36 25 60 9 6 23 56 
40 27 38 33 58 61 4 7 
35 12 59 64 49 32 55 22 
28 41 34 51 62 1 18 3 
13 44 63 48 31 50 21 54 
42 29 46 15 52 19 2 17 
45 14 43 30 47 16 53 20 
--
45 18 21 4 53 8 23 6 
20 3 46 63 22 5 52 9 
17 44 19 54 51 62 7 24 
2 47 56 49 64 39 10 61 
43 16 1 34 55 50 25 38 
30 33 48 57 40 35 60 11 
15 42 31 28 13 58 37 26 
32 29 14 41 36 27 12 59 
--
57 8 33 28 53 6 35 26 
32 29 56 7 34 27 52 5 
9 58 31 54 49 62 25 36 
30 55 60 63 38 51 4 47 
59 10 39 50 61 48 37 24 
16 13 64 43 40 21 46 3 
11 42 15 18 1 44 23 20 
14 17 12 41 22 19 2 45 
--
24 3 22 19 62 5 50 39 
21 18 25 4 51 40 59 6 
2 23 20 61 26 63 38 49 
17 28 1 52 41 60 7 58 
44 13 42 27 64 53 48 37 
29 16 45 54 47 34 57 8 
12 43 14 31 10 55 36 33 
15 30 11 46 35 32 9 56 
--
63 48 13 30 57 26 11 28 
14 31 62 53 12 29 56 25 
49 64 47 42 55 58 27 10 
32 15 54 61 52 45 24 59 
1 50 43 46 41 60 9 38 
16 33 18 51 44 39 6 23 
19 2 35 40 21 4 37 8 
34 17 20 3 36 7 22 5 
--
63 2 21 16 27 44 23 14 
20 17 62 1 22 15 26 43 
3 64 19 28 45 56 13 24 
18 29 58 61 38 25 42 55 
59 4 37 46 57 54 35 12 
30 7 60 53 36 39 48 41 
5 52 9 32 47 50 11 34 
8 31 6 51 10 33 40 49 
--
51 28 9 30 43 48 7 4 
10 31 52 49 8 5 44 47 
27 50 29 42 59 46 3 6 
32 11 56 53 18 41 58 45 
55 26 33 60 57 64 17 2 
12 23 54 37 34 19 40 63 
25 36 21 14 61 38 1 16 
22 13 24 35 20 15 62 39 
--
6 57 4 27 8 25 46 43 
3 28 7 56 47 44 9 24 
58 5 64 49 26 53 42 45 
29 2 55 60 63 48 23 10 
16 59 50 1 54 61 52 41 
33 30 17 62 51 38 11 22 
18 15 32 35 20 13 40 37 
31 34 19 14 39 36 21 12 
--
29 8 27 44 31 10 35 50 
26 45 30 9 52 49 32 11 
7 28 53 48 43 34 51 36 
46 25 42 57 62 55 12 33 
21 6 47 54 41 58 37 60 
24 3 22 63 56 61 16 13 
5 20 1 40 15 18 59 38 
2 23 4 19 64 39 14 17 
--
11 8 13 32 55 6 29 26 
14 33 10 7 30 27 62 5 
9 12 31 56 61 54 25 28 
34 15 58 45 36 63 4 53 
47 44 35 64 57 60 37 24 
16 41 46 59 38 21 52 3 
43 48 39 18 1 50 23 20 
40 17 42 49 22 19 2 51 
--
54 17 20 3 52 41 22 5 
19 2 53 50 21 4 25 42 
16 55 18 63 40 51 6 23 
1 62 33 56 49 24 43 26 
32 15 64 39 58 35 48 7 
61 12 57 34 47 44 27 36 
14 31 10 59 38 29 8 45 
11 60 13 30 9 46 37 28 
--
22 25 12 53 30 27 10 51 
13 54 23 26 11 52 31 28 
24 21 62 55 46 29 50 9 
61 14 45 40 63 56 47 32 
20 39 64 57 18 33 8 49 
15 60 19 44 41 48 5 34 
38 1 58 17 36 3 42 7 
59 16 37 2 43 6 35 4 
--
14 29 44 39 12 27 24 37 
45 40 13 28 43 38 11 26 
30 15 42 47 50 25 36 23 
41 46 53 32 59 48 51 10 
16 31 62 49 52 33 22 35 
63 54 1 58 19 60 9 6 
2 17 56 61 4 7 34 21 
55 64 3 18 57 20 5 8 
--
50 11 36 33 60 13 38 17 
35 32 51 12 37 16 61 14 
10 49 34 59 62 57 18 39 
31 52 43 54 41 64 15 56 
44 9 48 63 58 55 40 19 
27 30 53 42 47 22 1 4 
8 45 28 25 6 3 20 23 
29 26 7 46 21 24 5 2 
--
2 35 4 59 18 37 14 61 
5 42 1 36 15 60 19 38 
34 3 58 41 64 17 62 13 
43 6 33 16 53 56 39 20 
32 47 52 57 40 63 12 55 
7 44 29 48 51 54 21 24 
28 31 46 9 26 23 50 11 
45 8 27 30 49 10 25 22 
--
37 2 39 16 35 12 59 14 
40 17 36 1 60 15 34 11 
3 38 45 42 47 64 13 58 
18 41 48 61 44 57 10 33 
49 4 43 46 53 32 63 28 
22 19 52 31 62 27 56 9 
5 50 21 24 7 54 29 26 
20 23 6 51 30 25 8 55 
--
17 14 39 44 19 4 23 2 
38 45 18 15 40 1 20 5 
13 16 61 46 43 22 3 24 
62 37 48 41 64 53 6 21 
33 12 63 60 47 42 25 52 
36 57 34 49 54 59 28 7 
11 32 55 58 9 30 51 26 
56 35 10 31 50 27 8 29 
--
49 14 61 32 47 16 45 20 
62 31 48 15 60 19 2 17 
13 50 33 58 1 46 21 44 
34 63 30 55 42 59 18 3 
51 12 35 64 57 24 43 22 
36 29 56 25 54 41 4 7 
11 52 27 38 9 6 23 40 
28 37 10 53 26 39 8 5 
--
