--
36 21 16 1 34 63 14 57 
17 2 35 64 15 56 33 50 
22 37 20 53 62 51 58 13 
3 18 61 42 55 44 49 32 
38 23 54 19 52 59 12 45 
7 4 41 60 43 48 31 28 
24 39 6 9 26 29 46 11 
5 8 25 40 47 10 27 30 
--
16 13 40 25 18 3 22 1 
39 26 17 14 41 24 19 4 
12 15 38 63 44 21 2 23 
27 64 51 42 37 46 5 20 
52 11 62 45 58 43 36 33 
61 28 59 50 55 34 47 6 
10 53 30 57 8 49 32 35 
29 60 9 54 31 56 7 48 
--
24 15 64 13 26 35 42 11 
63 2 25 36 53 12 27 40 
16 23 14 61 34 41 10 43 
3 62 1 54 37 52 39 28 
22 17 60 33 56 29 44 9 
59 4 55 20 51 38 47 30 
18 21 6 57 32 49 8 45 
5 58 19 50 7 46 31 48 
--
38 27 40 13 56 25 42 15 
35 12 37 26 41 14 55 24 
28 39 34 57 52 63 16 43 
11 36 51 64 1 44 23 54 
50 29 58 33 62 53 2 17 
7 10 61 48 59 20 45 22 
30 49 8 5 32 47 18 3 
9 6 31 60 19 4 21 46 
--
8 5 10 35 52 3 20 33 
11 36 7 4 21 34 53 2 
6 9 38 51 64 1 32 19 
37 12 59 22 39 50 63 54 
44 23 40 49 58 61 18 31 
13 26 45 60 41 48 55 62 
24 43 28 15 46 57 30 17 
27 14 25 42 29 16 47 56 
--
44 11 58 49 42 13 38 55 
63 50 43 12 59 56 41 14 
10 45 62 57 48 39 54 37 
51 64 27 46 53 60 15 40 
24 9 52 61 26 47 36 31 
3 6 25 28 35 32 19 16 
8 23 4 1 18 21 30 33 
5 2 7 22 29 34 17 20 
--
4 7 2 23 36 9 38 47 
1 22 5 8 39 48 35 10 
6 3 24 51 26 37 46 49 
21 52 27 40 61 50 11 34 
28 17 60 25 56 41 64 45 
53 20 55 42 59 62 33 12 
16 29 18 57 14 31 44 63 
19 54 15 30 43 58 13 32 
--
8 25 10 39 6 23 20 37 
11 40 7 24 43 38 5 22 
26 9 42 55 64 21 36 19 
41 12 53 44 51 56 61 4 
48 27 50 57 54 63 18 35 
13 30 47 52 45 60 3 62 
28 49 32 15 58 1 34 17 
31 14 29 46 33 16 59 2 
--
62 13 58 25 60 15 50 19 
41 26 61 14 57 18 1 16 
12 63 42 59 24 49 20 51 
27 40 33 64 53 56 17 2 
34 11 54 43 48 23 52 21 
39 28 37 32 55 44 3 6 
10 35 30 47 8 5 22 45 
29 38 9 36 31 46 7 4 
--
46 5 48 35 44 7 64 33 
37 26 45 6 61 34 43 8 
4 47 36 49 40 63 32 59 
25 38 27 62 57 60 9 42 
18 3 56 39 50 41 58 31 
21 24 19 28 55 52 13 10 
2 17 22 51 12 15 30 53 
23 20 1 16 29 54 11 14 
--
11 40 43 28 9 30 45 48 
42 27 10 39 44 47 8 31 
35 12 41 52 29 38 49 46 
26 53 34 37 58 51 32 7 
13 36 59 54 33 20 57 50 
60 25 14 1 64 55 6 19 
15 2 23 62 17 4 21 56 
24 61 16 3 22 63 18 5 
--
23 10 21 18 25 8 37 48 
20 17 24 9 38 47 26 7 
11 22 19 60 27 36 49 46 
16 43 28 39 58 45 6 35 
29 12 59 44 61 52 57 50 
42 15 40 53 64 55 34 5 
1 30 13 62 3 32 51 56 
14 41 2 31 54 63 4 33 
--
6 53 4 27 8 25 58 43 
3 28 7 52 59 44 9 24 
54 5 60 45 26 57 42 49 
29 2 55 62 51 48 23 10 
16 61 46 1 56 63 50 41 
33 30 17 64 47 38 11 22 
18 15 32 35 20 13 40 37 
31 34 19 14 39 36 21 12 
--
3 12 47 30 5 10 57 32 
48 29 4 11 58 31 6 9 
13 2 59 46 21 8 33 56 
60 49 28 1 64 55 20 7 
27 14 61 54 45 22 63 34 
50 53 42 25 62 35 38 19 
15 26 51 44 17 40 23 36 
52 43 16 41 24 37 18 39 
--
45 32 1 16 37 30 11 14 
2 17 44 31 12 15 40 29 
59 46 33 36 43 38 13 10 
18 3 60 51 34 41 28 39 
47 58 35 42 61 52 9 24 
4 19 54 57 50 25 64 27 
55 48 21 6 53 62 23 8 
20 5 56 49 22 7 26 63 
--
32 35 12 37 40 49 10 7 
13 38 33 48 11 8 41 50 
34 31 36 39 60 51 6 9 
29 14 59 62 47 42 57 52 
24 63 30 43 58 61 20 5 
15 28 25 64 21 46 53 56 
26 23 2 17 44 55 4 19 
1 16 27 22 3 18 45 54 
--
59 2 21 16 57 48 23 14 
20 17 58 1 22 15 26 49 
3 60 19 62 47 56 13 24 
18 63 36 55 44 25 50 27 
37 4 61 46 51 34 43 12 
64 7 54 35 40 45 28 31 
5 38 9 52 33 30 11 42 
8 53 6 39 10 41 32 29 
--
56 47 16 29 42 25 14 27 
17 30 57 46 15 28 43 24 
58 55 48 41 62 45 26 13 
31 18 63 60 49 40 23 44 
54 59 50 39 22 61 12 37 
19 32 1 64 51 38 9 6 
2 53 34 21 4 7 36 11 
33 20 3 52 35 10 5 8 
--
30 13 28 41 32 15 36 1 
27 42 31 14 37 58 33 16 
12 29 44 59 40 35 2 57 
43 26 49 38 55 60 17 34 
48 11 54 45 64 39 56 3 
25 8 47 50 53 20 61 18 
10 51 6 23 46 63 4 21 
7 24 9 52 5 22 19 62 
--
29 16 31 2 27 6 43 4 
32 1 28 17 42 3 26 7 
15 30 41 38 47 44 5 60 
40 33 18 45 54 61 8 25 
19 14 39 48 37 46 59 64 
34 49 36 53 62 55 24 9 
13 20 51 56 11 22 63 58 
50 35 12 21 52 57 10 23 
--
34 13 64 55 36 15 40 53 
61 30 35 14 63 54 37 16 
12 33 62 59 56 39 52 41 
31 60 29 44 49 58 17 38 
26 11 32 57 28 45 42 51 
5 8 27 48 43 50 21 18 
10 25 6 3 20 23 46 1 
7 4 9 24 47 2 19 22 
--
24 11 22 19 26 9 38 47 
21 18 25 10 39 48 27 8 
12 23 20 53 28 37 46 49 
17 52 29 40 63 50 7 36 
30 13 58 51 54 41 62 45 
57 16 1 42 59 64 35 6 
2 31 14 55 4 33 44 61 
15 56 3 32 43 60 5 34 
--
42 35 40 9 44 19 46 11 
39 8 43 36 53 10 21 18 
34 41 38 61 20 45 12 47 
7 62 29 52 37 54 17 22 
28 33 64 55 60 1 48 13 
63 6 57 30 51 14 23 16 
32 27 4 59 56 25 2 49 
5 58 31 26 3 50 15 24 
--
9 6 11 40 23 4 21 62 
12 39 8 5 52 63 24 3 
7 10 51 48 41 22 61 20 
38 13 42 53 64 49 2 25 
43 54 47 50 1 60 19 32 
14 37 56 59 46 31 26 29 
55 44 35 16 57 28 33 18 
36 15 58 45 34 17 30 27 
--
4 7 2 23 28 9 30 47 
1 22 5 8 31 48 27 10 
6 3 24 63 26 29 46 49 
21 62 41 32 53 50 11 34 
40 17 64 25 58 33 52 45 
61 20 59 42 51 54 35 12 
16 39 18 57 14 37 44 55 
19 60 15 38 43 56 13 36 
--
51 14 63 56 53 16 45 42 
58 27 52 15 62 43 54 17 
13 50 57 64 55 46 41 44 
26 59 28 49 40 61 18 47 
29 12 39 60 19 48 1 36 
22 25 30 33 38 35 4 7 
11 32 23 20 9 6 37 2 
24 21 10 31 34 3 8 5 
--
14 11 42 29 16 1 20 23 
41 30 15 12 43 22 17 2 
10 13 40 61 28 19 24 21 
31 62 53 44 39 64 3 18 
54 9 60 63 56 27 38 25 
59 32 55 52 45 36 47 4 
8 51 34 57 6 49 26 37 
33 58 7 50 35 46 5 48 
--
14 11 58 29 16 1 20 23 
59 30 15 12 63 22 17 2 
10 13 64 57 28 19 24 21 
31 60 41 50 39 62 3 18 
42 9 54 61 56 27 38 25 
53 32 51 40 49 36 47 4 
8 43 34 55 6 45 26 37 
33 52 7 44 35 48 5 46 
--
24 15 50 13 26 35 58 11 
51 2 25 56 59 12 27 36 
16 23 14 49 34 57 10 63 
3 52 1 60 55 64 37 28 
22 17 54 33 48 29 62 9 
53 4 45 20 61 38 41 30 
18 21 6 47 32 43 8 39 
5 46 19 44 7 40 31 42 
--
10 13 40 55 46 15 42 63 
39 56 11 14 41 64 47 16 
12 9 60 57 54 45 62 43 
59 38 33 50 61 52 17 48 
8 23 58 53 32 49 44 27 
37 34 31 24 51 28 3 18 
22 7 36 29 20 5 26 1 
35 30 21 6 25 2 19 4 
--
43 14 37 40 31 16 33 20 
38 55 42 15 36 19 30 17 
13 44 39 64 41 32 21 34 
56 61 54 45 26 35 18 29 
49 12 63 60 53 28 1 22 
62 57 50 27 46 25 4 7 
11 48 59 52 9 6 23 2 
58 51 10 47 24 3 8 5 
--
41 32 1 16 53 30 11 14 
2 17 42 31 12 15 54 29 
43 40 33 52 49 56 13 10 
18 3 48 57 34 51 28 55 
39 44 35 50 61 58 9 24 
4 19 60 47 36 25 64 27 
45 38 21 6 59 62 23 8 
20 5 46 37 22 7 26 63 
--
50 25 52 7 64 23 54 5 
43 8 49 24 53 6 35 22 
26 51 42 61 36 63 4 55 
9 44 27 48 59 56 21 34 
28 47 60 41 62 37 58 3 
13 10 45 38 57 18 33 20 
46 29 12 15 40 31 2 17 
11 14 39 30 1 16 19 32 
--
21 8 43 58 23 6 27 56 
42 59 22 7 44 57 24 5 
9 20 63 60 51 26 55 28 
64 41 36 45 62 53 4 25 
19 10 61 52 35 50 29 54 
40 37 34 49 46 1 14 3 
11 18 39 32 13 16 47 30 
38 33 12 17 48 31 2 15 
--
41 2 39 16 49 12 59 14 
38 17 42 1 60 15 48 11 
3 40 37 50 45 58 13 62 
18 43 34 57 36 61 10 47 
33 4 31 44 51 46 63 24 
30 19 56 35 64 25 52 9 
5 32 21 28 7 54 23 26 
20 29 6 55 22 27 8 53 
--
59 14 29 32 57 16 27 20 
30 33 58 15 28 19 2 17 
13 60 31 64 1 56 21 26 
34 63 50 55 42 25 18 3 
49 12 61 38 51 22 43 24 
62 35 54 41 46 39 4 7 
11 48 37 52 9 6 23 44 
36 53 10 47 40 45 8 5 
--
49 26 7 22 37 46 5 20 
8 23 48 51 6 21 38 45 
27 50 25 36 47 64 19 4 
24 9 58 61 52 35 44 39 
57 28 53 34 63 60 3 18 
10 13 62 59 54 33 40 43 
29 56 15 12 31 42 17 2 
14 11 30 55 16 1 32 41 
--
4 7 2 23 52 9 38 41 
1 22 5 8 39 42 51 10 
6 3 24 57 26 53 40 37 
21 58 27 54 43 56 11 50 
28 17 60 25 64 49 36 47 
59 20 63 44 55 46 33 12 
16 29 18 61 14 31 48 35 
19 62 15 30 45 34 13 32 
--
12 29 14 39 10 27 44 51 
15 38 11 28 43 52 9 26 
30 13 42 55 40 45 50 53 
37 16 1 46 61 54 25 8 
2 31 60 41 56 47 62 49 
17 36 19 32 59 64 7 24 
20 3 34 57 22 5 48 63 
35 18 21 4 33 58 23 6 
--
33 2 19 54 31 58 17 56 
20 53 32 59 18 55 30 47 
3 34 1 50 63 48 57 16 
52 21 64 39 60 41 46 29 
35 4 51 22 49 62 15 42 
10 7 38 61 40 45 28 25 
5 36 9 12 23 26 43 14 
8 11 6 37 44 13 24 27 
--
55 38 15 46 49 64 13 44 
16 47 54 57 14 45 50 61 
37 56 39 48 63 60 43 12 
40 17 58 53 42 29 62 51 
33 36 41 28 59 52 11 26 
18 21 32 35 30 27 8 5 
1 34 23 20 3 6 25 10 
22 19 2 31 24 9 4 7 
--
52 9 50 29 58 7 64 27 
33 30 53 8 61 28 57 6 
10 51 32 49 54 59 26 63 
31 34 39 60 41 62 5 56 
38 11 42 1 48 55 44 25 
17 14 35 40 43 22 47 4 
12 37 16 19 2 45 24 21 
15 18 13 36 23 20 3 46 
--
10 7 12 29 38 5 64 47 
13 28 9 6 61 46 37 4 
8 11 30 39 36 63 48 59 
27 14 43 62 45 60 3 50 
42 31 40 35 54 49 58 21 
15 26 55 44 57 20 51 2 
32 41 24 17 34 53 22 19 
25 16 33 56 23 18 1 52 
--
52 5 28 25 50 3 30 15 
27 24 51 4 29 14 49 2 
6 53 26 61 46 1 16 31 
23 62 37 54 35 48 13 44 
38 7 64 47 60 45 32 17 
63 22 59 36 55 34 43 12 
8 39 20 57 10 41 18 33 
21 58 9 40 19 56 11 42 
--
31 34 7 36 21 18 5 2 
8 37 32 17 6 3 22 19 
33 30 35 40 59 20 1 4 
38 9 42 51 16 49 62 23 
29 52 39 60 41 58 15 48 
10 43 54 57 50 61 24 63 
53 28 45 12 55 26 47 14 
44 11 56 27 46 13 64 25 
--
46 5 28 25 48 3 30 15 
27 24 47 4 29 14 49 2 
6 45 26 63 50 1 16 31 
23 56 51 44 35 58 13 42 
52 7 64 57 62 43 32 17 
55 22 53 36 59 34 41 12 
8 37 20 61 10 39 18 33 
21 54 9 38 19 60 11 40 
--
20 5 22 39 18 3 44 55 
23 38 19 4 43 56 17 2 
6 21 42 47 40 49 54 45 
37 24 31 50 57 46 1 16 
30 7 58 41 48 51 62 53 
25 36 27 32 63 60 15 12 
8 29 34 59 10 13 52 61 
35 26 9 28 33 64 11 14 
--
11 64 13 28 9 26 55 58 
14 29 10 63 60 57 8 25 
51 12 61 40 27 54 59 56 
30 15 52 47 62 39 24 7 
1 50 41 38 53 48 45 36 
16 31 18 49 46 37 6 23 
19 2 33 42 21 4 35 44 
32 17 20 3 34 43 22 5 
--
2 33 4 29 50 57 14 27 
5 30 1 58 15 28 49 62 
34 3 32 51 56 63 26 13 
31 6 35 16 59 54 61 48 
36 17 52 55 64 43 12 25 
7 20 39 44 53 60 47 42 
18 37 22 9 40 45 24 11 
21 8 19 38 23 10 41 46 
--
40 5 30 53 38 3 28 15 
31 54 39 4 29 14 37 2 
6 41 32 61 52 1 16 27 
55 62 51 42 33 60 13 36 
46 7 64 59 50 35 26 17 
63 56 47 34 43 20 23 12 
8 45 58 49 10 25 18 21 
57 48 9 44 19 22 11 24 
--
11 18 63 22 13 16 61 24 
56 21 12 17 62 23 2 15 
19 10 55 64 1 14 25 60 
50 57 20 33 54 59 36 3 
9 32 51 58 37 34 53 26 
46 49 38 29 52 41 4 35 
31 8 47 44 39 6 27 42 
48 45 30 7 28 43 40 5 
--
1 4 41 20 39 6 51 22 
34 19 2 5 52 21 38 7 
3 42 35 40 37 60 23 50 
18 33 44 57 48 53 8 59 
43 14 47 36 61 58 49 24 
32 17 56 45 54 27 64 9 
13 46 15 30 11 62 25 28 
16 31 12 55 26 29 10 63 
--
62 13 54 47 56 15 40 45 
49 30 61 14 53 46 57 16 
12 63 48 55 60 39 44 41 
29 50 31 64 43 52 17 58 
32 11 36 51 38 59 42 19 
35 28 33 22 25 18 3 6 
10 23 26 37 8 5 20 1 
27 34 9 24 21 2 7 4 
--
10 23 64 43 8 21 34 31 
61 44 9 22 59 32 7 20 
24 11 60 63 42 35 30 33 
53 62 45 40 55 58 19 6 
12 25 54 57 46 41 36 29 
49 52 13 26 39 56 5 18 
14 1 50 47 16 3 28 37 
51 48 15 2 27 38 17 4 
--
41 14 29 52 37 16 27 24 
30 53 40 15 28 25 36 17 
13 42 31 64 51 38 23 26 
54 61 50 39 32 63 18 35 
43 12 59 62 49 34 1 22 
60 55 46 33 58 19 4 7 
11 44 57 48 9 6 21 2 
56 47 10 45 20 3 8 5 
--
6 3 26 57 16 19 24 21 
27 58 5 2 25 22 15 18 
4 7 56 39 60 17 20 23 
55 28 59 44 1 40 37 14 
8 45 54 61 38 43 50 41 
29 62 31 46 51 48 13 36 
32 9 64 53 34 11 42 49 
63 30 33 10 47 52 35 12 
--
4 7 62 31 36 9 38 29 
63 22 5 8 47 30 35 10 
6 3 44 61 32 37 28 39 
21 64 23 48 43 46 11 34 
2 17 60 45 56 33 40 27 
59 20 57 24 49 42 53 12 
16 1 18 55 14 51 26 41 
19 58 15 50 25 54 13 52 
--
31 40 7 26 29 22 57 24 
6 9 30 37 58 25 28 21 
39 32 41 8 27 56 23 60 
10 5 38 55 36 59 20 51 
33 54 35 42 1 52 61 16 
4 11 46 53 62 17 50 19 
45 34 13 2 43 48 15 64 
12 3 44 47 14 63 18 49 
--
14 11 40 35 16 1 20 23 
39 36 15 12 41 22 17 2 
10 13 38 53 34 19 24 21 
37 56 61 42 31 52 3 18 
44 9 54 57 62 33 30 25 
55 60 43 32 51 28 49 4 
8 45 58 63 6 47 26 29 
59 64 7 46 27 50 5 48 
--
46 5 48 35 44 7 62 33 
37 26 45 6 61 34 43 8 
4 47 36 49 40 63 32 59 
25 38 27 64 55 60 9 42 
18 3 56 39 50 41 58 31 
21 24 19 28 57 54 13 10 
2 17 22 51 12 15 30 53 
23 20 1 16 29 52 11 14 
--
11 28 13 36 9 26 33 46 
14 37 10 27 34 47 8 25 
29 12 35 56 51 32 45 48 
38 15 54 31 62 49 24 7 
1 30 57 50 55 52 63 44 
16 39 18 53 58 61 6 23 
19 2 41 60 21 4 43 64 
40 17 20 3 42 59 22 5 
--
32 13 50 57 30 15 44 19 
51 58 31 14 45 18 29 16 
12 33 56 49 60 41 20 43 
55 52 59 46 25 48 17 28 
34 11 54 61 40 27 42 21 
53 62 37 26 47 24 3 6 
10 35 64 39 8 5 22 1 
63 38 9 36 23 2 7 4 
--
40 25 42 11 48 23 44 13 
33 10 39 24 43 12 47 22 
26 41 32 49 38 61 14 45 
9 34 37 54 63 46 21 56 
36 27 50 31 60 55 62 15 
5 8 35 64 53 18 57 20 
28 51 6 3 30 59 16 1 
7 4 29 52 17 2 19 58 
--
47 10 49 34 45 12 63 36 
30 27 46 11 64 35 44 13 
9 48 29 50 33 62 37 58 
28 31 26 61 56 59 14 43 
23 8 51 32 25 42 57 38 
2 5 24 41 60 55 18 15 
7 22 3 52 17 20 39 54 
4 1 6 21 40 53 16 19 
--
23 2 21 18 25 4 37 46 
20 17 24 3 38 47 26 5 
1 22 19 56 27 36 45 48 
16 51 28 39 62 49 6 35 
29 12 55 50 57 40 61 44 
54 15 52 41 60 63 34 7 
11 30 13 58 9 32 43 64 
14 53 10 31 42 59 8 33 
--
47 8 51 44 37 10 39 14 
52 63 46 9 50 13 36 11 
7 48 43 62 45 38 15 40 
64 53 32 49 42 59 12 35 
27 6 61 58 31 34 41 16 
54 57 28 33 60 19 22 1 
5 26 55 30 3 24 17 20 
56 29 4 25 18 21 2 23 
--
51 22 49 8 57 20 63 10 
30 7 52 21 64 9 56 19 
23 50 29 48 53 58 11 62 
6 31 36 59 38 61 18 55 
35 24 39 28 47 54 43 12 
2 5 32 37 60 15 46 17 
25 34 3 40 27 44 13 42 
4 1 26 33 14 41 16 45 
--
63 14 57 38 1 16 47 20 
52 37 62 15 56 19 2 17 
13 64 51 58 39 46 21 48 
36 53 40 61 50 55 18 3 
41 12 59 54 45 24 49 22 
32 35 44 25 60 27 4 7 
11 42 33 30 9 6 23 28 
34 31 10 43 26 29 8 5 
--
39 14 51 64 37 16 19 22 
56 53 38 15 50 21 36 17 
13 40 55 52 63 18 23 20 
54 57 42 59 44 49 30 35 
41 12 45 62 31 60 1 24 
6 9 58 43 48 27 34 29 
11 46 7 4 61 32 25 2 
8 5 10 47 26 3 28 33 
--
5 18 35 22 3 16 59 24 
36 21 4 17 60 23 2 15 
19 6 63 34 1 14 25 58 
50 37 20 61 64 55 32 13 
7 62 49 54 33 30 57 26 
38 51 40 29 56 45 12 31 
41 8 53 48 43 10 27 46 
52 39 42 9 28 47 44 11 
--
24 11 22 19 50 9 48 61 
21 18 25 10 47 60 51 8 
12 23 20 43 34 49 62 59 
17 26 35 46 57 64 7 52 
36 13 44 33 42 53 58 63 
27 16 1 56 45 32 41 6 
2 37 14 29 4 39 54 31 
15 28 3 38 55 30 5 40 
--
14 11 40 35 16 1 20 23 
39 36 15 12 41 22 17 2 
10 13 38 53 34 19 24 21 
37 54 59 42 31 52 3 18 
44 9 62 55 60 33 30 25 
63 58 43 32 51 28 49 4 
8 45 56 61 6 47 26 29 
57 64 7 46 27 50 5 48 
--
52 17 46 15 38 27 2 5 
45 14 51 28 1 4 37 26 
18 53 16 47 50 39 6 3 
13 44 29 54 57 48 25 36 
30 19 58 49 40 55 62 7 
43 12 41 56 63 60 35 24 
20 31 10 59 22 33 8 61 
11 42 21 32 9 64 23 34 
--
24 15 42 3 26 51 58 5 
41 2 25 50 59 4 27 64 
16 23 14 43 52 61 6 57 
13 40 1 60 49 54 63 28 
22 17 44 53 62 29 56 7 
39 12 37 20 55 48 33 30 
18 21 10 45 32 35 8 47 
11 38 19 36 9 46 31 34 
--
14 1 40 35 16 11 20 23 
39 36 15 12 41 22 17 10 
2 13 38 57 34 19 24 21 
37 58 51 42 31 56 9 18 
50 3 60 55 62 33 30 25 
59 52 63 32 43 28 45 8 
4 49 54 61 6 47 26 29 
53 64 5 48 27 44 7 46 
--
23 40 59 6 25 38 35 4 
62 7 24 39 58 5 26 37 
41 22 63 60 55 36 3 34 
8 61 42 51 64 57 44 27 
21 52 19 56 43 54 33 2 
18 9 50 53 32 13 28 45 
49 20 11 16 47 30 1 14 
10 17 48 31 12 15 46 29 
--
58 55 26 9 30 13 24 11 
27 8 59 56 25 10 31 14 
64 57 54 29 34 47 12 23 
7 28 63 60 53 22 15 32 
40 61 52 35 46 33 48 21 
3 6 39 62 51 18 45 16 
38 41 4 1 36 43 20 49 
5 2 37 42 19 50 17 44 
--
56 47 18 3 22 27 16 1 
19 4 57 46 17 2 23 26 
58 55 48 21 64 25 28 15 
5 20 63 60 45 30 35 24 
54 59 44 49 34 61 14 29 
9 6 53 62 41 38 31 36 
52 43 8 11 50 33 40 13 
7 10 51 42 39 12 37 32 
--
54 5 56 35 52 7 62 33 
37 26 53 6 61 34 51 8 
4 55 36 57 50 47 32 63 
25 38 27 60 41 64 9 48 
18 3 58 39 46 49 42 31 
21 24 19 28 59 40 13 10 
2 17 22 45 12 15 30 43 
23 20 1 16 29 44 11 14 
--
12 15 30 39 2 17 20 41 
31 38 13 16 29 40 3 18 
14 11 44 1 58 19 42 21 
37 32 53 56 43 28 63 4 
10 45 36 59 54 57 22 27 
33 52 55 48 25 62 5 64 
46 9 50 35 60 7 26 23 
51 34 47 8 49 24 61 6 
--
36 5 22 27 38 3 20 29 
23 26 37 4 21 28 39 2 
6 35 24 49 62 1 30 19 
25 48 51 46 31 56 63 40 
34 7 32 57 50 61 18 55 
13 10 47 52 45 58 41 64 
8 33 12 15 60 43 54 17 
11 14 9 44 53 16 59 42 
--
52 47 18 3 22 27 16 1 
19 4 51 46 17 2 23 26 
56 53 48 21 50 25 28 15 
5 20 55 62 45 30 35 24 
54 57 44 49 34 61 14 29 
9 6 63 60 41 38 31 36 
58 43 8 11 64 33 40 13 
7 10 59 42 39 12 37 32 
--
37 26 23 10 35 6 21 8 
24 11 36 49 22 9 34 5 
27 38 25 58 33 56 7 20 
12 59 48 55 50 19 4 45 
39 28 63 32 57 46 51 18 
64 13 60 47 54 1 44 3 
29 40 15 62 31 42 17 52 
14 61 30 41 16 53 2 43 
--
33 4 59 46 31 2 53 14 
64 47 32 3 58 13 30 1 
5 34 63 60 45 54 15 52 
48 61 44 55 50 57 12 29 
35 6 49 62 43 28 51 16 
38 41 36 27 56 19 22 11 
7 26 39 42 9 24 17 20 
40 37 8 25 18 21 10 23 
--
32 35 12 63 48 43 10 7 
13 64 33 42 11 8 47 44 
34 31 36 49 62 45 6 9 
29 14 61 38 41 50 55 46 
24 37 30 51 60 39 20 5 
15 28 25 40 21 54 59 56 
26 23 2 17 52 57 4 19 
1 16 27 22 3 18 53 58 
--
28 31 38 9 36 13 62 11 
39 8 29 32 61 10 35 14 
30 27 42 37 34 63 12 59 
7 40 33 64 43 60 15 50 
26 45 24 41 54 49 58 1 
23 6 55 44 57 18 51 16 
46 25 4 21 48 53 2 19 
5 22 47 56 3 20 17 52 
--
48 17 60 15 44 27 2 5 
61 14 47 28 1 4 45 26 
18 49 16 59 46 43 6 3 
13 62 29 50 39 52 25 42 
30 19 64 53 58 41 38 7 
63 12 57 40 51 54 35 24 
20 31 10 55 22 33 8 37 
11 56 21 32 9 36 23 34 
--
28 37 46 9 30 13 62 11 
45 8 29 38 61 10 31 14 
36 27 44 47 34 63 12 59 
7 48 35 64 39 60 15 32 
26 43 24 49 54 33 58 1 
23 6 55 40 57 18 51 16 
42 25 4 21 50 53 2 19 
5 22 41 56 3 20 17 52 
--
11 28 13 44 9 26 63 42 
14 35 10 27 62 43 8 25 
29 12 59 50 45 48 41 64 
34 15 36 47 58 61 24 7 
1 30 51 60 49 46 55 40 
16 33 18 37 54 57 6 23 
19 2 31 52 21 4 39 56 
32 17 20 3 38 53 22 5 
--
11 14 23 32 21 16 39 34 
24 31 12 15 38 33 20 17 
13 10 37 22 63 18 35 40 
30 25 64 45 36 41 50 19 
9 46 29 58 49 62 1 42 
26 57 48 61 44 53 4 51 
47 8 55 28 59 6 43 2 
56 27 60 7 54 3 52 5 
--
60 41 38 7 64 19 36 5 
39 8 61 58 37 6 21 18 
42 59 40 49 20 63 4 35 
9 48 29 62 57 34 17 22 
28 43 56 33 50 1 54 3 
47 10 45 30 55 14 23 16 
44 27 12 51 32 25 2 53 
11 46 31 26 13 52 15 24 
--
34 19 16 1 46 29 14 11 
17 2 35 30 15 12 45 28 
20 33 18 49 36 47 10 13 
3 38 31 42 57 50 27 44 
32 21 58 37 48 43 60 9 
39 4 41 56 59 62 51 26 
22 55 6 63 24 53 8 61 
5 40 23 54 7 64 25 52 
--
32 19 16 1 30 37 14 11 
17 2 31 38 15 12 29 36 
20 33 18 51 48 35 10 13 
3 52 39 34 43 50 47 28 
40 21 64 49 60 27 44 9 
53 4 55 42 63 46 59 26 
22 41 6 61 24 57 8 45 
5 54 23 56 7 62 25 58 
--
53 4 33 36 51 2 31 14 
34 37 52 3 32 13 46 1 
5 54 35 58 45 50 15 30 
38 59 56 49 28 43 12 47 
55 6 63 44 57 48 29 16 
64 39 60 27 42 19 22 11 
7 26 41 62 9 24 17 20 
40 61 8 25 18 21 10 23 
--
56 5 46 35 62 7 48 33 
37 26 57 6 47 34 63 8 
4 55 36 45 58 61 32 49 
25 38 27 60 53 50 9 64 
18 3 54 39 44 59 52 31 
21 24 19 28 51 40 13 10 
2 17 22 43 12 15 30 41 
23 20 1 16 29 42 11 14 
--
8 5 10 35 52 3 20 33 
11 36 7 4 21 34 53 2 
6 9 38 51 64 1 32 19 
37 12 61 22 39 50 59 54 
44 23 40 49 60 63 18 31 
13 26 45 62 41 48 55 58 
24 43 28 15 46 57 30 17 
27 14 25 42 29 16 47 56 
--
13 46 23 26 11 30 39 28 
22 25 12 45 40 27 10 31 
47 14 55 24 33 42 29 38 
56 21 44 41 64 37 32 9 
15 48 57 54 43 34 61 36 
20 53 18 49 60 63 8 5 
1 16 51 58 3 6 35 62 
52 19 2 17 50 59 4 7 
--
14 29 10 55 24 27 8 49 
11 54 13 28 9 50 23 26 
30 15 56 51 62 25 48 7 
53 12 61 34 59 36 63 22 
16 31 52 57 64 47 6 37 
1 42 33 60 35 58 21 46 
32 17 40 3 44 19 38 5 
41 2 43 18 39 4 45 20 
--
5 18 55 22 3 16 53 24 
58 21 4 17 54 23 2 15 
19 6 59 56 1 14 25 52 
44 57 20 33 60 51 36 13 
7 32 45 62 37 34 49 26 
40 43 38 29 50 61 12 35 
31 8 41 46 63 10 27 48 
42 39 30 9 28 47 64 11 
--
63 12 59 50 57 14 37 42 
52 47 62 13 60 43 56 15 
11 64 51 58 49 38 41 36 
46 53 48 61 44 55 16 39 
25 10 45 54 1 40 35 30 
4 7 24 27 34 31 20 17 
9 26 5 2 19 22 29 32 
6 3 8 23 28 33 18 21 
--
32 19 16 1 34 29 14 11 
17 2 33 30 15 12 35 28 
20 31 18 59 36 51 10 13 
3 56 37 52 47 58 27 44 
38 21 62 57 60 45 50 9 
55 4 53 46 63 48 43 26 
22 39 6 61 24 41 8 49 
5 54 23 40 7 64 25 42 
--
15 2 31 54 17 12 33 38 
30 53 16 13 32 39 18 11 
3 14 1 48 55 34 37 40 
52 29 56 35 62 47 10 19 
25 4 51 60 49 36 41 46 
28 57 26 63 44 61 20 9 
5 24 59 50 7 22 45 42 
58 27 6 23 64 43 8 21 
--
53 8 27 24 55 10 29 14 
26 23 54 9 28 13 32 11 
7 52 25 62 35 56 15 30 
22 63 46 51 44 31 12 33 
47 6 61 36 57 34 43 16 
64 21 58 45 50 37 40 1 
5 48 19 60 3 42 17 38 
20 59 4 49 18 39 2 41 
--
63 6 59 10 61 4 15 18 
52 9 62 5 58 17 12 3 
7 64 51 60 11 14 19 16 
50 53 8 57 32 55 2 13 
41 30 49 54 1 26 33 20 
48 45 42 31 56 23 36 25 
29 40 47 44 27 38 21 34 
46 43 28 39 22 35 24 37 
--
1 26 15 24 29 34 13 38 
16 23 28 35 14 39 30 33 
27 2 25 40 55 32 37 12 
22 17 54 59 36 47 42 31 
3 62 21 56 41 58 11 46 
18 53 60 63 48 45 8 43 
61 4 51 20 57 6 49 10 
52 19 64 5 50 9 44 7 
--
11 40 43 28 9 30 45 56 
42 27 10 39 44 55 8 31 
35 12 41 54 29 38 57 46 
26 53 34 37 60 51 32 7 
13 36 61 52 33 20 47 58 
62 25 14 1 50 59 6 19 
15 2 23 64 17 4 21 48 
24 63 16 3 22 49 18 5 
--
35 18 63 20 37 42 3 6 
62 21 36 43 2 5 38 41 
17 34 19 64 47 40 7 4 
22 61 46 1 44 53 58 39 
33 16 23 54 59 48 29 8 
24 13 60 45 30 57 52 49 
15 32 11 26 55 50 9 28 
12 25 14 31 10 27 56 51 
--
52 13 54 25 50 15 58 19 
41 26 51 14 55 18 1 16 
12 53 42 49 24 59 20 57 
27 40 33 60 63 56 17 2 
34 11 64 43 48 23 62 21 
39 28 37 32 61 44 3 6 
10 35 30 47 8 5 22 45 
29 38 9 36 31 46 7 4 
--
14 11 44 29 16 1 20 23 
43 30 15 12 45 22 17 2 
10 13 40 57 28 19 24 21 
31 42 49 46 39 56 3 18 
48 9 62 41 58 27 38 25 
61 32 47 50 63 36 55 4 
8 51 34 59 6 53 26 37 
33 60 7 52 35 64 5 54 
--
33 4 61 42 31 2 55 14 
62 43 32 3 60 13 30 1 
5 34 59 64 41 54 15 56 
44 63 40 53 50 57 12 29 
35 6 49 58 39 28 51 16 
48 45 36 27 52 19 22 11 
7 26 47 38 9 24 17 20 
46 37 8 25 18 21 10 23 
--
7 58 9 54 5 56 19 52 
10 43 6 57 20 53 4 47 
63 8 59 44 55 48 51 18 
42 11 62 49 60 21 46 3 
39 64 41 34 45 50 17 22 
12 33 38 61 30 25 2 27 
37 40 31 14 35 28 23 16 
32 13 36 29 24 15 26 1 
--
7 44 9 54 5 64 19 52 
10 55 6 63 20 53 4 61 
45 8 43 56 59 62 51 18 
34 11 58 47 50 21 60 3 
37 46 35 42 57 48 17 22 
12 33 38 49 30 25 2 27 
39 36 31 14 41 28 23 16 
32 13 40 29 24 15 26 1 
--
23 2 19 34 43 40 17 38 
20 33 22 1 18 37 52 41 
3 24 35 44 59 42 39 16 
32 21 46 29 36 51 58 53 
25 4 31 62 45 60 15 50 
10 7 28 47 30 63 54 57 
5 26 9 12 61 56 49 14 
8 11 6 27 48 13 64 55 
--
53 26 7 22 45 64 5 20 
8 23 52 61 6 21 44 59 
27 54 25 46 63 60 19 4 
24 9 62 51 40 43 58 35 
55 28 47 42 57 34 3 18 
10 13 56 39 50 41 36 33 
29 48 15 12 31 38 17 2 
14 11 30 49 16 1 32 37 
--
5 2 25 62 15 18 23 20 
26 63 4 1 24 21 14 17 
3 6 61 38 59 16 19 22 
64 27 58 51 46 39 36 13 
7 54 47 60 37 52 45 40 
28 57 30 53 50 43 12 35 
31 8 55 48 33 10 41 44 
56 29 32 9 42 49 34 11 
--
5 22 59 42 3 20 17 32 
58 43 4 21 62 31 2 19 
23 6 55 60 41 18 33 16 
54 57 44 63 38 61 30 1 
7 24 53 56 45 40 15 34 
52 49 46 39 64 37 12 29 
25 8 51 48 27 10 35 14 
50 47 26 9 36 13 28 11 
--
11 44 47 28 9 42 39 62 
46 27 10 43 48 61 8 41 
31 12 45 56 29 40 63 38 
26 51 30 33 58 49 60 7 
13 32 57 50 55 20 37 64 
52 25 14 1 34 59 6 19 
15 2 23 54 17 4 21 36 
24 53 16 3 22 35 18 5 
--
56 47 18 3 22 27 16 1 
19 4 57 46 17 2 23 26 
58 55 48 21 62 25 28 15 
5 20 63 60 45 30 35 24 
54 59 44 49 34 61 14 29 
9 6 53 64 41 38 31 36 
52 43 8 11 50 33 40 13 
7 10 51 42 39 12 37 32 
--
31 64 15 36 29 8 13 10 
16 37 30 63 14 11 28 7 
61 32 57 46 35 52 9 12 
38 17 62 33 58 45 6 27 
21 60 47 56 53 34 51 44 
18 39 20 59 48 55 26 5 
1 22 41 54 3 24 43 50 
40 19 2 23 42 49 4 25 
--
52 13 34 37 54 15 32 19 
35 38 53 14 33 18 45 16 
12 51 36 59 48 55 20 31 
39 60 49 56 25 44 17 46 
50 11 62 43 58 47 30 21 
61 40 57 26 29 24 3 6 
10 27 42 63 8 5 22 1 
41 64 9 28 23 2 7 4 
--
53 8 33 36 51 10 31 14 
34 37 52 9 32 13 46 11 
7 54 35 58 45 50 15 30 
38 59 56 49 28 43 12 47 
55 6 63 44 57 48 29 16 
64 39 60 27 42 19 22 1 
5 26 41 62 3 24 17 20 
40 61 4 25 18 21 2 23 
--
43 2 53 16 41 30 61 14 
52 17 42 31 62 15 40 29 
3 44 1 54 47 60 13 64 
18 51 46 57 32 63 28 39 
45 4 19 50 55 48 59 12 
20 7 56 33 58 25 38 27 
5 34 9 22 49 36 11 24 
8 21 6 35 10 23 26 37 
--
33 8 59 42 31 10 53 14 
62 43 32 9 58 13 30 11 
7 34 63 60 41 54 15 52 
44 61 40 55 50 57 12 29 
35 6 49 64 39 28 51 16 
48 45 36 27 56 19 22 1 
5 26 47 38 3 24 17 20 
46 37 4 25 18 21 2 23 
--
34 5 60 43 32 3 54 15 
61 44 33 4 55 14 31 2 
6 35 64 59 42 1 16 53 
45 62 41 56 51 58 13 30 
36 7 50 63 40 29 52 17 
49 46 37 28 57 20 23 12 
8 27 48 39 10 25 18 21 
47 38 9 26 19 22 11 24 
--
11 42 13 30 9 38 45 28 
14 31 10 43 48 29 8 37 
41 12 63 34 39 44 27 46 
32 15 40 49 62 47 36 7 
1 50 33 64 35 24 59 26 
16 55 18 51 58 61 6 23 
19 2 53 56 21 4 25 60 
54 17 20 3 52 57 22 5 
--
54 5 46 35 52 7 48 33 
37 26 53 6 47 34 51 8 
4 55 36 45 64 61 32 49 
25 38 27 60 57 50 9 62 
18 3 56 39 44 63 58 31 
21 24 19 28 59 40 13 10 
2 17 22 43 12 15 30 41 
23 20 1 16 29 42 11 14 
--
2 23 58 33 4 21 50 31 
63 34 3 22 59 32 5 20 
24 1 62 57 54 51 30 49 
35 64 55 52 45 60 19 6 
12 25 46 61 56 53 48 29 
39 36 13 26 47 44 7 18 
14 11 38 41 16 9 28 43 
37 40 15 10 27 42 17 8 
--
23 2 21 18 25 4 37 48 
20 17 24 3 38 47 26 5 
1 22 19 64 27 36 49 46 
16 43 28 39 58 45 6 35 
29 12 59 44 63 50 57 54 
42 15 40 51 60 55 34 7 
11 30 13 62 9 32 53 56 
14 41 10 31 52 61 8 33 
--
26 61 28 7 24 3 38 5 
29 8 25 62 39 6 23 2 
64 27 60 41 52 49 4 37 
9 30 63 50 59 40 1 22 
46 57 42 53 48 51 36 15 
31 10 47 58 43 16 21 18 
56 45 12 33 54 19 14 35 
11 32 55 44 13 34 17 20 
--
37 26 39 8 35 24 55 6 
40 9 36 25 54 7 34 23 
27 38 53 60 43 56 5 58 
10 41 44 49 52 59 22 33 
45 28 51 42 61 32 57 4 
14 11 48 1 50 19 64 21 
29 46 13 16 31 62 3 18 
12 15 30 47 2 17 20 63 
--
11 14 29 50 1 16 19 52 
30 37 12 15 28 51 2 17 
13 10 55 36 49 18 53 20 
38 31 48 61 54 27 46 3 
9 62 35 56 47 60 21 26 
32 39 64 59 24 43 4 45 
63 8 41 34 57 6 25 22 
40 33 58 7 42 23 44 5 
--
23 2 21 18 25 4 37 48 
20 17 24 3 38 47 26 5 
1 22 19 64 27 36 49 46 
16 43 28 39 56 45 6 35 
29 12 61 44 63 50 57 54 
42 15 40 51 60 55 34 7 
11 30 13 62 9 32 53 58 
14 41 10 31 52 59 8 33 
--
14 11 42 29 16 1 20 23 
41 30 15 12 43 22 17 2 
10 13 40 59 28 19 24 21 
31 62 51 44 39 64 3 18 
52 9 60 63 58 27 38 25 
61 32 55 50 45 36 47 4 
8 53 34 57 6 49 26 37 
33 56 7 54 35 46 5 48 
--
16 13 28 23 18 3 30 1 
27 24 17 14 29 56 19 4 
12 15 26 55 22 31 2 57 
25 40 35 32 59 50 5 20 
34 11 64 39 54 21 58 49 
41 36 33 60 63 46 51 6 
10 61 38 43 8 53 48 45 
37 42 9 62 47 44 7 52 
--
8 5 10 35 52 3 20 33 
11 36 7 4 21 34 53 2 
6 9 38 51 62 1 32 19 
37 12 61 22 39 50 59 54 
44 23 40 49 60 63 18 31 
13 26 45 64 41 48 55 58 
24 43 28 15 46 57 30 17 
27 14 25 42 29 16 47 56 
--
4 23 64 55 6 21 42 53 
61 56 5 22 51 54 7 20 
24 3 60 63 48 41 52 43 
57 62 39 46 59 50 19 8 
2 25 58 49 40 47 44 29 
35 38 13 26 45 30 9 18 
14 1 36 33 16 11 28 31 
37 34 15 12 27 32 17 10 
--
52 17 20 3 50 45 22 5 
19 2 51 56 21 4 25 46 
16 53 18 49 44 55 6 23 
1 38 43 54 57 24 47 26 
42 15 58 37 48 33 62 7 
39 12 41 32 63 60 27 34 
14 31 10 59 36 29 8 61 
11 40 13 30 9 64 35 28 
--
40 5 38 35 48 7 62 33 
37 26 41 6 61 34 47 8 
4 39 36 49 44 63 32 59 
25 42 27 64 53 60 9 46 
18 3 52 43 50 45 58 31 
21 24 19 28 57 54 13 10 
2 17 22 51 12 15 30 55 
23 20 1 16 29 56 11 14 
--
14 1 58 29 16 11 20 23 
63 30 15 12 59 22 17 10 
2 13 62 57 28 19 24 21 
31 64 45 50 43 60 9 18 
46 3 56 61 52 27 42 25 
55 32 51 44 49 36 39 8 
4 47 34 53 6 41 26 37 
33 54 5 48 35 38 7 40 
--
63 14 59 32 1 16 19 34 
48 31 62 15 60 33 2 17 
13 64 49 58 53 18 35 20 
30 47 42 61 50 55 40 3 
43 12 57 54 41 52 21 36 
26 29 46 51 56 39 4 7 
11 44 27 24 9 6 37 22 
28 25 10 45 38 23 8 5 
--
32 37 12 39 42 51 10 7 
13 40 33 50 11 8 43 52 
36 31 38 41 62 53 6 9 
29 14 63 34 49 44 59 54 
24 35 30 45 58 61 20 5 
15 28 25 64 21 48 55 60 
26 23 2 17 46 57 4 19 
1 16 27 22 3 18 47 56 
--
33 2 19 54 31 58 17 56 
20 53 32 59 18 55 30 47 
3 34 1 50 63 48 57 16 
52 21 62 39 60 41 46 29 
35 4 51 22 49 64 15 42 
10 7 38 61 40 45 28 25 
5 36 9 12 23 26 43 14 
8 11 6 37 44 13 24 27 
--
5 8 3 20 49 10 61 40 
2 21 6 9 62 39 48 11 
7 4 19 50 33 60 41 64 
22 1 34 57 38 63 12 47 
35 18 37 32 51 46 59 42 
26 23 56 45 58 31 52 13 
17 36 25 28 15 54 43 30 
24 27 16 55 44 29 14 53 
--
62 11 46 41 28 13 30 39 
45 42 61 12 37 40 27 14 
10 63 44 47 60 29 38 31 
43 58 49 64 55 36 15 26 
50 9 56 59 48 25 32 1 
57 6 51 24 35 54 19 16 
8 23 4 53 18 21 2 33 
5 52 7 22 3 34 17 20 
--
22 43 6 39 20 41 4 1 
7 38 21 42 5 2 19 34 
44 23 64 37 40 35 52 3 
63 8 45 54 57 60 33 18 
24 55 62 59 36 53 14 51 
9 46 27 56 61 58 17 32 
28 25 48 11 30 15 50 13 
47 10 29 26 49 12 31 16 
--
29 8 61 48 31 10 39 14 
62 49 30 9 64 13 32 11 
7 28 63 60 47 40 15 38 
50 57 46 41 36 59 12 33 
27 6 55 58 45 34 37 16 
56 51 42 35 54 19 22 1 
5 26 53 44 3 24 17 20 
52 43 4 25 18 21 2 23 
--
51 46 27 10 29 14 37 12 
26 9 52 45 56 11 30 15 
47 50 55 28 53 36 13 38 
8 25 48 57 44 1 16 31 
49 60 43 54 35 62 39 2 
24 7 58 61 40 19 32 17 
59 42 5 22 63 34 3 20 
6 23 64 41 4 21 18 33 
--
50 11 52 35 44 13 58 33 
53 36 49 12 57 34 45 14 
10 51 56 43 48 59 32 63 
37 54 41 60 39 64 15 46 
20 9 38 55 42 47 62 31 
3 6 19 40 61 28 25 16 
8 21 4 1 18 23 30 27 
5 2 7 22 29 26 17 24 
--
5 32 55 28 7 34 39 42 
56 27 6 33 54 41 8 35 
31 4 51 58 29 38 43 40 
26 57 30 53 50 45 36 9 
3 52 59 46 37 20 49 44 
60 25 14 1 64 47 10 19 
15 2 23 62 17 12 21 48 
24 61 16 13 22 63 18 11 
--
29 10 31 52 27 12 61 16 
32 51 28 11 60 15 26 13 
9 30 53 48 57 62 17 64 
50 33 56 59 54 47 14 25 
39 8 49 46 37 58 63 18 
34 45 38 55 42 21 24 3 
7 40 43 36 5 2 19 22 
44 35 6 41 20 23 4 1 
--
39 32 1 16 53 30 11 14 
2 17 40 31 12 15 52 29 
41 38 33 54 43 60 13 10 
18 3 42 61 34 55 28 51 
37 48 35 44 59 50 9 24 
4 19 62 49 64 25 56 27 
47 36 21 6 45 58 23 8 
20 5 46 63 22 7 26 57 
--
19 16 51 2 21 6 45 4 
50 1 20 17 52 3 22 7 
15 18 49 56 23 44 5 46 
60 57 24 53 48 55 8 31 
25 14 59 64 43 32 47 36 
58 61 42 33 54 37 30 9 
13 26 63 40 11 28 35 38 
62 41 12 27 34 39 10 29 
--
32 35 12 37 40 49 10 7 
13 38 33 48 11 8 41 50 
34 31 36 39 60 51 6 9 
29 14 59 64 47 42 57 52 
24 63 30 43 58 61 20 5 
15 28 25 62 21 46 53 56 
26 23 2 17 44 55 4 19 
1 16 27 22 3 18 45 54 
--
11 64 41 26 13 30 15 28 
42 25 12 59 52 27 2 31 
61 10 63 40 1 14 29 16 
24 43 60 53 58 51 32 3 
9 62 23 44 39 56 17 50 
22 45 38 57 54 49 4 33 
37 8 47 20 35 6 55 18 
46 21 36 7 48 19 34 5 
--
25 4 57 40 23 2 19 52 
58 35 24 3 56 51 22 1 
5 26 39 60 41 20 53 18 
36 59 34 47 38 55 50 21 
27 6 37 42 61 48 17 54 
12 9 46 33 30 43 64 49 
7 28 11 14 45 62 31 16 
10 13 8 29 32 15 44 63 
--
5 8 3 24 29 10 59 32 
2 23 6 9 60 31 28 11 
7 4 25 30 27 58 33 64 
22 1 52 57 44 61 12 47 
53 18 43 26 51 46 63 34 
42 21 56 45 62 37 48 13 
17 54 19 40 15 50 35 38 
20 41 16 55 36 39 14 49 
--
23 10 21 18 25 8 29 48 
20 17 24 9 30 49 26 7 
11 22 19 52 33 28 47 50 
16 41 34 31 58 51 6 27 
35 12 59 42 53 32 63 46 
40 15 38 57 64 43 54 5 
1 36 13 60 3 56 45 62 
14 39 2 37 44 61 4 55 
--
48 13 50 41 46 15 58 63 
39 26 47 14 55 64 45 16 
12 49 40 51 42 57 62 59 
25 38 27 56 61 54 17 44 
28 11 52 37 18 43 60 35 
21 24 29 32 53 36 3 6 
10 31 22 19 8 5 34 1 
23 20 9 30 33 2 7 4 
--
11 14 59 50 1 16 19 52 
64 31 12 15 58 51 2 17 
13 10 63 60 49 18 53 20 
30 61 32 37 54 57 44 3 
9 36 41 62 43 48 21 56 
40 29 38 33 24 55 4 45 
35 8 27 42 47 6 25 22 
28 39 34 7 26 23 46 5 
--
32 35 12 37 40 49 10 7 
13 38 33 48 11 8 41 50 
34 31 36 39 60 51 6 9 
29 14 59 64 47 42 57 52 
24 63 30 43 58 61 20 5 
15 28 25 62 21 46 53 56 
26 23 2 17 44 55 4 19 
1 16 27 22 3 18 45 54 
--
32 19 16 1 34 29 14 11 
17 2 33 30 15 12 35 28 
20 31 18 51 36 59 10 13 
3 52 37 60 47 50 27 44 
38 21 54 49 58 45 64 9 
53 4 57 46 61 48 43 26 
22 39 6 55 24 41 8 63 
5 56 23 40 7 62 25 42 
--
35 32 1 16 45 30 11 14 
2 17 34 31 12 15 44 29 
33 36 53 48 55 46 13 10 
18 3 56 59 52 49 28 43 
37 60 51 54 47 58 9 24 
4 19 62 57 50 25 42 27 
61 38 21 6 63 40 23 8 
20 5 64 39 22 7 26 41 
--
42 15 36 39 30 17 32 21 
37 56 41 16 35 20 29 18 
14 43 38 55 40 31 22 33 
57 60 49 44 1 34 19 28 
50 13 58 61 54 27 2 23 
59 62 51 48 45 24 5 8 
12 47 64 53 10 7 26 3 
63 52 11 46 25 4 9 6 
--
53 26 7 22 45 62 5 20 
8 23 52 63 6 21 44 59 
27 54 25 46 61 58 19 4 
24 9 64 51 40 43 60 35 
55 28 47 42 57 34 3 18 
10 13 56 39 50 41 36 33 
29 48 15 12 31 38 17 2 
14 11 30 49 16 1 32 37 
--
29 40 17 12 31 46 19 10 
16 13 30 39 18 11 32 47 
41 28 15 34 45 48 9 20 
14 35 44 51 38 33 60 49 
27 42 37 56 61 50 21 8 
36 3 52 43 24 55 64 59 
1 26 5 54 57 62 7 22 
4 53 2 25 6 23 58 63 
--
63 16 53 36 55 6 1 4 
38 35 62 17 52 3 58 7 
15 64 37 54 59 56 5 2 
34 39 46 61 18 51 8 57 
27 14 49 40 47 60 19 42 
30 33 28 45 50 41 22 9 
13 26 31 48 11 24 43 20 
32 29 12 25 44 21 10 23 
--
14 1 42 29 16 11 20 23 
41 30 15 12 43 22 17 10 
2 13 40 59 28 19 24 21 
31 62 51 44 39 64 9 18 
52 3 60 63 58 27 38 25 
61 32 55 50 45 36 47 8 
4 53 34 57 6 49 26 37 
33 56 5 54 35 46 7 48 
--
63 20 17 2 47 30 15 12 
18 3 62 31 16 13 46 29 
21 64 19 50 1 48 11 14 
4 57 32 61 42 51 28 45 
33 22 59 52 49 44 41 10 
58 5 56 43 60 53 38 27 
23 34 7 54 25 36 9 40 
6 55 24 35 8 39 26 37 
--
23 2 21 18 25 4 37 54 
20 17 24 3 38 53 26 5 
1 22 19 42 27 36 55 52 
16 43 28 39 56 63 6 35 
29 12 47 62 41 58 51 64 
44 15 40 57 48 61 34 7 
11 30 13 46 9 32 59 50 
14 45 10 31 60 49 8 33 
--
15 12 31 58 17 2 21 24 
32 59 16 13 30 23 18 3 
11 14 57 44 1 20 25 22 
60 33 46 29 56 43 4 19 
37 10 61 52 45 28 55 26 
34 51 36 47 64 53 42 5 
9 38 49 62 7 40 27 54 
50 35 8 39 48 63 6 41 
--
21 8 59 52 23 6 27 42 
64 51 22 7 58 43 24 5 
9 20 63 60 53 26 41 28 
50 61 36 55 44 57 4 25 
19 10 45 62 35 54 29 40 
46 49 34 37 56 1 14 3 
11 18 47 32 13 16 39 30 
48 33 12 17 38 31 2 15 
--
14 11 30 57 16 1 20 23 
31 56 15 12 29 22 17 2 
10 13 60 43 58 19 24 21 
55 32 45 28 61 42 3 18 
36 9 54 59 44 27 64 25 
33 50 35 46 53 62 41 4 
8 37 48 51 6 39 26 63 
49 34 7 38 47 52 5 40 
--
20 7 64 47 22 5 26 53 
59 48 21 6 61 52 23 4 
8 19 60 63 46 25 54 27 
49 58 45 36 51 62 3 24 
18 9 50 57 44 35 28 55 
39 42 37 34 31 56 13 2 
10 17 40 43 12 15 32 29 
41 38 11 16 33 30 1 14 
--
47 8 49 36 45 6 61 34 
38 27 46 7 64 35 44 5 
9 48 37 50 41 62 33 60 
26 39 28 63 56 59 4 43 
19 10 57 40 51 42 55 32 
22 25 20 29 58 1 14 3 
11 18 23 52 13 16 31 54 
24 21 12 17 30 53 2 15 
--
48 5 46 35 54 7 56 33 
37 26 49 6 57 34 53 8 
4 47 36 45 50 55 32 63 
25 38 27 58 61 64 9 52 
18 3 60 39 44 51 62 31 
21 24 19 28 59 40 13 10 
2 17 22 43 12 15 30 41 
23 20 1 16 29 42 11 14 
--
24 15 58 13 26 31 46 11 
59 2 25 32 57 12 27 44 
16 23 14 55 30 45 10 47 
3 60 1 64 33 56 43 28 
22 17 34 61 54 29 48 9 
35 4 63 20 49 40 53 42 
18 21 6 37 62 51 8 39 
5 36 19 50 7 38 41 52 
--
28 35 40 3 30 13 64 1 
39 4 29 36 61 2 31 14 
34 27 38 41 32 63 12 59 
5 42 33 62 37 60 15 50 
26 47 24 43 54 49 58 11 
23 6 55 48 57 18 51 16 
46 25 8 21 44 53 10 19 
7 22 45 56 9 20 17 52 
--
5 46 23 26 7 30 39 28 
22 25 6 45 40 27 8 31 
47 4 55 24 33 42 29 38 
56 21 44 41 62 37 32 9 
3 48 57 54 43 34 61 36 
20 53 18 49 60 63 10 13 
17 2 51 58 15 12 35 64 
52 19 16 1 50 59 14 11 
--
14 11 42 29 16 1 20 23 
41 30 15 12 43 22 17 2 
10 13 40 59 28 19 24 21 
31 62 51 44 39 64 3 18 
52 9 60 63 58 27 38 25 
61 32 55 50 45 36 47 4 
8 53 34 57 6 49 26 37 
33 56 7 54 35 46 5 48 
--
27 14 29 10 25 42 59 8 
30 11 26 43 58 9 24 41 
15 28 13 50 39 60 7 62 
12 31 44 57 48 63 40 23 
45 16 49 38 51 22 61 6 
32 1 56 47 64 37 52 21 
17 46 3 34 19 54 5 36 
2 33 18 55 4 35 20 53 
--
1 26 15 24 29 34 13 32 
16 23 28 37 14 31 64 35 
27 2 25 30 59 36 33 12 
22 17 46 43 38 53 60 63 
3 42 21 58 45 62 11 54 
18 47 44 39 52 55 8 61 
41 4 49 20 57 6 51 10 
48 19 40 5 50 9 56 7 
--
7 46 23 26 5 34 61 28 
22 25 6 47 62 27 4 35 
45 8 55 24 33 60 29 64 
50 21 44 57 48 63 36 3 
9 56 49 54 37 32 59 30 
20 51 18 43 58 41 2 13 
17 10 53 38 15 12 31 40 
52 19 16 11 42 39 14 1 
--
20 41 16 55 36 39 14 49 
17 54 19 40 15 50 35 38 
42 21 56 45 64 37 48 13 
53 18 43 26 51 46 61 34 
22 1 52 57 44 63 12 47 
7 4 25 30 27 60 33 62 
2 23 6 9 58 31 28 11 
5 8 3 24 29 10 59 32 
--
20 59 4 35 18 33 2 37 
5 44 19 58 3 36 17 32 
64 21 60 43 34 41 38 1 
45 6 63 40 57 50 31 16 
22 61 46 51 42 39 12 49 
7 52 25 62 47 56 15 30 
26 23 54 9 28 13 48 11 
53 8 27 24 55 10 29 14 
--
23 10 21 18 25 8 43 52 
20 17 24 9 44 53 26 7 
11 22 19 54 35 42 51 56 
16 37 34 45 58 55 6 27 
33 12 63 36 41 46 57 50 
38 15 40 47 62 59 28 5 
1 32 13 64 3 30 49 60 
14 39 2 31 48 61 4 29 
--
57 8 27 22 63 6 29 20 
26 23 58 7 28 21 64 5 
9 56 25 50 59 62 19 30 
24 49 52 55 34 47 4 61 
53 10 43 48 51 60 31 18 
42 13 54 35 46 33 38 3 
11 44 15 40 1 36 17 32 
14 41 12 45 16 39 2 37 
--
14 11 42 29 16 1 20 23 
41 30 15 12 43 22 17 2 
10 13 40 61 28 19 24 21 
31 64 51 44 39 62 3 18 
52 9 58 63 60 27 38 25 
57 32 55 50 45 36 47 4 
8 53 34 59 6 49 26 37 
33 56 7 54 35 46 5 48 
--
57 4 23 18 53 2 25 16 
22 19 56 3 24 17 28 1 
5 58 21 54 47 52 15 26 
20 55 46 59 38 27 50 29 
45 6 63 48 51 36 39 14 
64 9 60 37 42 49 30 33 
7 44 11 62 35 32 13 40 
10 61 8 43 12 41 34 31 
--
16 13 30 25 18 3 22 1 
31 34 17 14 29 24 19 4 
12 15 32 43 26 21 2 23 
33 42 35 28 45 50 5 20 
36 11 44 51 64 27 54 49 
41 58 39 46 55 52 61 6 
10 37 56 59 8 63 48 53 
57 40 9 38 47 60 7 62 
--
14 11 42 29 16 1 20 23 
41 30 15 12 43 22 17 2 
10 13 40 51 28 19 24 21 
31 52 59 44 39 54 3 18 
64 9 50 53 58 27 38 25 
49 32 63 60 45 36 55 4 
8 61 34 47 6 57 26 37 
33 48 7 62 35 46 5 56 
--
43 14 49 26 1 16 55 20 
50 27 42 15 54 19 2 17 
13 44 51 48 25 46 21 56 
28 41 34 45 60 53 18 3 
35 12 61 52 47 24 57 22 
40 29 38 33 64 59 4 7 
11 36 31 62 9 6 23 58 
30 39 10 37 32 63 8 5 
--
64 19 16 1 40 29 14 11 
17 2 63 30 15 12 39 28 
20 61 18 47 50 41 10 13 
3 46 31 62 53 48 27 38 
32 21 60 49 42 51 56 9 
45 4 43 52 57 54 37 26 
22 33 6 59 24 35 8 55 
5 44 23 34 7 58 25 36 
--
32 11 64 55 34 13 38 53 
61 28 33 12 59 54 35 14 
10 31 60 63 56 37 52 39 
29 62 27 44 49 58 15 36 
24 9 30 57 26 45 40 51 
3 6 25 48 43 50 19 16 
8 23 4 1 18 21 46 41 
5 2 7 22 47 42 17 20 
--
20 59 4 35 18 33 2 55 
5 36 19 60 3 56 17 32 
64 21 58 49 34 51 54 1 
37 6 61 52 57 46 31 16 
22 63 48 45 50 53 12 43 
7 38 25 62 47 44 15 30 
26 23 40 9 28 13 42 11 
39 8 27 24 41 10 29 14 
--
39 8 61 46 41 6 31 48 
56 35 40 7 62 47 42 5 
9 38 55 60 45 32 49 30 
36 57 34 63 54 59 4 43 
19 10 37 58 33 44 29 50 
22 25 20 53 64 1 14 3 
11 18 23 26 13 16 51 28 
24 21 12 17 52 27 2 15 
--
11 28 13 38 9 26 51 36 
14 39 10 27 52 37 8 25 
29 12 41 44 47 50 35 54 
40 15 46 49 42 53 24 7 
1 30 43 60 45 48 55 34 
16 59 18 31 56 61 6 23 
19 2 57 62 21 4 33 64 
58 17 20 3 32 63 22 5 
--
52 27 60 13 58 25 64 15 
49 12 51 26 61 14 45 24 
28 53 48 59 46 57 16 63 
11 50 33 56 1 62 23 44 
34 29 54 47 40 43 2 17 
7 10 41 32 55 20 39 22 
30 35 8 5 42 37 18 3 
9 6 31 36 19 4 21 38 
--
5 8 45 40 47 10 53 36 
44 23 6 9 52 37 48 11 
7 4 39 46 41 54 35 62 
24 43 22 51 38 61 12 49 
3 18 25 42 55 50 63 34 
26 21 56 1 64 31 60 13 
17 2 19 28 15 58 33 30 
20 27 16 57 32 29 14 59 
--
33 18 21 4 41 56 23 6 
20 3 34 59 22 5 42 55 
17 32 19 40 57 64 7 24 
2 39 58 35 60 43 54 63 
31 16 1 44 49 62 25 8 
38 13 36 61 28 47 50 53 
15 30 11 48 45 52 9 26 
12 37 14 29 10 27 46 51 
--
22 43 6 39 20 41 4 1 
7 38 21 42 5 2 19 34 
44 23 54 37 40 35 62 3 
55 8 45 52 57 50 33 18 
24 53 56 49 36 63 14 61 
9 46 27 58 51 60 17 32 
28 25 48 11 30 15 64 13 
47 10 29 26 59 12 31 16 
--
14 29 10 43 24 27 8 41 
11 32 13 28 9 42 23 26 
30 15 44 49 60 25 40 7 
33 12 31 52 45 48 59 22 
16 53 46 61 50 57 6 39 
1 34 51 56 47 64 21 58 
54 17 36 3 62 19 38 5 
35 2 55 18 37 4 63 20 
--
23 2 21 18 25 4 37 54 
20 17 24 3 48 55 26 5 
1 22 19 60 27 36 53 38 
16 59 28 47 56 49 6 35 
29 12 57 50 61 46 39 52 
58 15 62 45 42 51 34 7 
11 30 13 64 9 32 43 40 
14 63 10 31 44 41 8 33 
--
14 11 52 29 16 1 20 23 
53 30 15 12 51 22 17 2 
10 13 54 57 28 19 24 21 
31 58 45 50 43 56 3 18 
46 9 60 55 62 27 42 25 
59 32 63 44 49 36 39 4 
8 47 34 61 6 41 26 37 
33 64 7 48 35 38 5 40 
--
37 14 39 10 35 24 61 8 
40 11 36 25 60 9 34 23 
15 38 13 46 55 62 7 64 
12 41 26 59 52 57 22 33 
27 16 47 56 45 54 63 6 
42 1 44 53 58 51 32 21 
17 28 3 48 19 30 5 50 
2 43 18 29 4 49 20 31 
--
15 2 27 36 17 12 21 24 
28 37 16 13 26 23 18 11 
3 14 1 60 35 20 25 22 
38 29 52 33 50 43 10 19 
53 4 61 42 59 34 49 44 
30 39 32 51 64 47 58 9 
5 54 41 62 7 56 45 48 
40 31 6 55 46 63 8 57 
--
23 10 21 18 25 8 49 42 
20 17 24 9 50 43 26 7 
11 22 19 54 27 48 41 56 
16 35 28 51 44 55 6 47 
29 12 53 36 61 46 57 40 
34 15 32 45 52 37 64 5 
1 30 13 60 3 62 39 58 
14 33 2 31 38 59 4 63 
--
5 8 3 24 47 10 51 58 
2 23 6 9 52 59 48 11 
7 4 25 46 27 50 57 64 
22 1 28 53 60 63 12 49 
29 18 35 26 45 54 61 56 
34 21 32 41 62 39 44 13 
17 30 19 36 15 42 55 38 
20 33 16 31 40 37 14 43 
--
37 2 39 18 45 4 41 20 
32 17 36 3 40 19 44 5 
1 38 33 46 35 60 21 42 
16 31 58 55 48 43 6 61 
53 12 47 34 59 56 49 22 
30 15 54 57 50 25 62 7 
11 52 13 28 9 64 23 26 
14 29 10 51 24 27 8 63 
--
48 5 46 35 50 7 56 33 
37 26 49 6 59 34 51 8 
4 47 36 45 52 55 32 57 
25 38 27 60 63 58 9 54 
18 3 62 39 44 53 64 31 
21 24 19 28 61 40 13 10 
2 17 22 43 12 15 30 41 
23 20 1 16 29 42 11 14 
--
39 14 63 56 37 16 19 22 
58 53 38 15 64 21 36 17 
13 40 57 62 55 18 23 20 
52 59 54 45 50 61 30 35 
41 12 51 60 31 48 1 24 
6 9 46 49 44 27 34 29 
11 42 7 4 47 32 25 2 
8 5 10 43 26 3 28 33 
--
1 14 59 50 11 16 19 52 
64 35 12 15 58 51 10 17 
13 2 63 60 49 18 53 20 
36 61 34 43 54 57 48 9 
3 32 37 62 41 44 21 56 
38 29 42 33 24 55 8 47 
31 4 27 40 45 6 25 22 
28 39 30 5 26 23 46 7 
--
40 5 38 35 48 7 62 33 
37 26 41 6 61 34 47 8 
4 39 36 49 44 63 32 59 
25 42 27 64 55 60 9 46 
18 3 56 43 50 45 58 31 
21 24 19 28 57 54 13 10 
2 17 22 51 12 15 30 53 
23 20 1 16 29 52 11 14 
--
2 17 48 27 12 15 54 59 
49 28 1 16 53 60 11 14 
18 3 52 47 26 13 58 55 
29 50 37 42 61 56 25 10 
4 19 46 51 36 41 64 57 
33 30 35 38 43 62 9 24 
20 5 32 45 22 7 40 63 
31 34 21 6 39 44 23 8 
--
20 17 34 29 22 7 2 5 
33 30 21 18 1 4 23 8 
16 19 32 35 28 25 6 3 
31 36 41 26 61 52 9 24 
40 15 60 53 42 27 64 51 
37 54 39 48 57 62 43 10 
14 47 56 59 12 45 50 63 
55 38 13 46 49 58 11 44 
--
24 15 64 13 26 31 46 11 
63 2 25 32 57 12 27 44 
16 23 14 61 30 45 10 47 
3 62 1 58 33 56 43 28 
22 17 34 55 60 29 48 9 
35 4 59 20 49 40 53 42 
18 21 6 37 54 51 8 39 
5 36 19 50 7 38 41 52 
--
34 41 26 9 28 13 64 11 
25 8 33 40 61 10 29 14 
42 35 48 27 32 63 12 59 
7 24 43 62 39 60 15 30 
36 47 38 49 54 31 58 1 
23 6 55 44 57 18 51 16 
46 37 4 21 50 53 2 19 
5 22 45 56 3 20 17 52 
--
23 2 21 18 25 4 29 42 
20 17 24 3 30 43 26 5 
1 22 19 56 33 28 41 44 
16 47 34 31 64 45 6 27 
35 12 57 46 55 32 61 40 
48 15 50 37 60 63 54 7 
11 36 13 58 9 52 39 62 
14 49 10 51 38 59 8 53 
--
