--
1 16 61 22 3 18 35 54 
44 23 2 17 62 55 4 19 
15 64 45 60 21 36 53 34 
24 43 38 63 56 59 20 5 
39 14 57 46 37 50 33 52 
28 25 42 49 58 47 6 9 
13 40 27 30 11 8 51 32 
26 29 12 41 48 31 10 7 
--
1 16 61 34 3 18 21 54 
36 33 2 17 62 55 4 19 
15 64 35 60 39 20 53 22 
32 37 40 63 56 59 46 5 
41 14 57 38 45 50 23 52 
28 31 44 49 58 47 6 9 
13 42 29 26 11 8 51 24 
30 27 12 43 48 25 10 7 
--
1 34 3 18 63 32 13 16 
4 19 64 33 14 17 50 31 
41 2 35 56 51 62 15 12 
20 5 40 61 36 55 30 49 
39 42 37 54 57 52 11 26 
6 21 58 45 60 27 48 29 
43 38 23 8 53 46 25 10 
22 7 44 59 24 9 28 47 
--
1 40 3 18 55 58 13 16 
4 19 64 39 14 17 54 57 
41 2 37 46 59 56 15 12 
20 5 44 63 38 47 60 53 
23 42 21 36 45 62 11 32 
6 27 24 43 48 33 52 61 
25 22 29 8 35 50 31 10 
28 7 26 49 30 9 34 51 
--
1 34 3 18 61 32 13 16 
4 19 64 33 14 17 62 31 
41 2 35 52 63 60 15 12 
20 5 40 57 36 51 30 59 
39 42 37 50 53 58 11 26 
6 21 54 45 56 27 48 29 
43 38 23 8 49 46 25 10 
22 7 44 55 24 9 28 47 
--
1 16 63 34 3 18 21 54 
36 33 2 17 62 55 4 19 
15 64 35 58 39 20 53 22 
32 37 42 61 56 59 40 5 
43 14 57 38 41 52 23 50 
28 31 44 47 60 49 6 9 
13 46 29 26 11 8 51 24 
30 27 12 45 48 25 10 7 
--
1 40 15 24 33 38 13 26 
16 23 64 39 14 25 34 37 
61 2 41 32 59 36 27 12 
22 17 60 63 42 31 52 35 
3 62 21 48 53 58 11 28 
18 47 54 57 30 43 8 51 
55 4 45 20 49 6 29 10 
46 19 56 5 44 9 50 7 
--
1 16 63 34 3 18 21 54 
36 33 2 17 62 55 4 19 
15 64 35 58 39 20 53 22 
32 37 42 61 56 59 40 5 
43 14 57 38 41 52 23 50 
28 31 44 47 60 49 6 9 
13 46 29 26 11 8 51 24 
30 27 12 45 48 25 10 7 
--
