--
57 18 45 50 59 16 43 52 77 14 41 38 
46 49 58 17 44 51 106 15 42 39 76 13 
19 56 47 60 119 92 53 84 103 78 37 40 
48 61 120 93 54 107 118 105 90 83 12 75 
95 20 55 122 117 130 91 102 85 104 79 36 
62 121 94 129 108 123 116 127 82 89 74 11 
21 96 99 124 131 128 101 88 73 86 35 80 
98 63 132 109 100 113 126 115 30 81 10 71 
25 22 97 112 125 110 31 68 87 72 7 34 
64 1 24 27 66 3 114 29 32 5 70 9 
23 26 65 2 111 28 67 4 69 8 33 6 
--
30 43 18 99 32 41 16 53 34 39 14 11 
19 100 31 42 17 98 33 40 15 12 35 38 
44 29 114 103 96 47 54 79 52 37 10 13 
113 20 101 46 115 104 97 48 55 78 51 36 
28 45 112 125 102 95 92 107 80 49 56 9 
21 126 27 116 111 130 105 94 77 88 75 50 
26 67 128 131 124 93 108 91 106 81 8 57 
127 22 117 68 129 110 121 82 87 76 89 74 
66 25 132 123 120 69 62 109 90 83 58 7 
1 118 23 64 3 122 71 86 5 60 73 84 
24 65 2 119 70 63 4 61 72 85 6 59 
--
58 7 38 41 64 9 36 97 86 11 34 31 
39 42 57 8 37 100 63 10 35 32 85 12 
6 59 40 101 62 65 96 109 98 87 30 33 
43 56 61 66 105 110 99 88 95 108 13 84 
60 5 104 55 102 127 118 107 120 89 26 29 
53 44 67 126 111 106 121 94 117 28 83 14 
4 69 54 103 128 123 116 119 90 25 78 27 
45 52 129 68 125 112 91 122 93 82 15 24 
70 3 72 49 132 115 124 81 22 79 18 77 
51 46 1 130 73 48 113 92 75 20 23 16 
2 71 50 47 114 131 74 21 80 17 76 19 
--
22 29 20 101 24 27 50 53 2 57 48 55 
19 102 23 28 51 100 25 60 49 54 3 58 
30 21 112 103 26 61 52 1 80 59 56 47 
113 18 31 62 119 110 99 82 95 46 79 4 
32 63 118 111 104 83 132 109 98 81 94 45 
17 114 65 84 129 120 105 96 127 92 5 78 
64 33 122 117 106 89 128 131 108 97 44 93 
115 16 85 66 121 130 107 70 91 126 77 6 
34 13 116 123 88 69 90 125 76 41 72 43 
15 86 11 36 67 124 9 38 71 74 7 40 
12 35 14 87 10 37 68 75 8 39 42 73 
--
