--
1 46 15 24 61 28 13 26 
16 23 64 51 14 25 62 29 
47 2 45 54 63 60 27 12 
22 17 52 57 50 55 30 59 
3 48 21 44 53 58 11 34 
18 39 42 49 56 33 8 31 
41 4 37 20 43 6 35 10 
38 19 40 5 36 9 32 7 
--
1 16 51 34 3 18 21 38 
50 33 2 17 52 37 4 19 
15 64 47 54 35 20 39 22 
32 49 56 63 46 53 36 5 
57 14 61 48 55 44 23 40 
28 31 58 45 62 41 6 9 
13 60 29 26 11 8 43 24 
30 27 12 59 42 25 10 7 
--
1 50 15 24 63 28 13 26 
16 23 64 51 14 25 62 29 
49 2 45 54 61 58 27 12 
22 17 52 57 46 55 30 59 
3 48 21 44 53 60 11 34 
18 39 42 47 56 33 8 31 
41 4 37 20 43 6 35 10 
38 19 40 5 36 9 32 7 
--
