--
7 10 35 38 47 12 15 28 
34 39 8 11 36 29 46 13 
9 6 37 48 43 14 27 16 
40 33 42 19 30 45 24 1 
5 20 31 44 3 22 17 26 
32 41 4 21 18 25 2 23 
--
2 5 30 21 28 7 38 47 
31 20 3 6 39 48 23 8 
4 1 40 29 22 27 46 37 
19 32 17 14 45 42 9 24 
16 13 34 41 26 11 36 43 
33 18 15 12 35 44 25 10 
--
45 2 17 20 37 10 15 12 
18 21 46 1 16 13 30 9 
3 44 19 36 31 38 11 14 
22 47 24 43 40 35 8 29 
25 4 41 32 27 6 39 34 
48 23 26 5 42 33 28 7 
--
26 3 28 37 18 5 20 41 
29 38 25 4 43 40 17 6 
2 27 44 39 36 19 42 21 
33 30 11 24 45 48 7 16 
12 1 32 35 14 9 22 47 
31 34 13 10 23 46 15 8 
--
