--
23 46 29 2 21 44 77 72 19 42 
30 3 22 45 78 1 20 43 76 71 
47 24 49 28 51 60 73 80 41 18 
4 31 52 61 58 79 54 39 70 75 
25 48 27 50 53 66 59 74 17 40 
8 5 32 57 62 55 38 65 14 69 
33 26 7 10 35 64 67 12 37 16 
6 9 34 63 56 11 36 15 68 13 
--
33 16 43 14 31 60 51 2 29 26 
42 13 32 61 50 1 30 27 52 3 
17 34 15 44 65 76 59 54 25 28 
12 41 64 49 62 55 80 75 4 53 
35 18 45 56 77 66 71 58 79 24 
40 11 38 63 48 57 78 67 74 5 
19 36 9 46 21 70 7 72 23 68 
10 39 20 37 8 47 22 69 6 73 
--
63 16 37 50 61 18 39 2 47 20 
36 51 62 17 38 49 58 19 40 3 
15 64 53 60 79 70 1 48 21 46 
52 35 78 71 68 59 44 57 4 41 
65 14 67 54 75 80 69 42 45 22 
34 11 74 77 72 43 56 25 28 5 
13 66 9 32 55 76 7 30 23 26 
10 33 12 73 8 31 24 27 6 29 
--
73 16 41 14 79 60 39 2 35 52 
42 13 74 61 40 1 56 53 38 3 
17 72 15 80 55 78 59 36 51 34 
12 43 62 75 64 49 54 57 4 37 
71 18 69 48 77 58 65 50 33 24 
44 11 76 63 68 47 32 25 28 5 
19 70 9 46 21 66 7 30 23 26 
10 45 20 67 8 31 22 27 6 29 
--
