--
39 36 21 46 31 6 1 4 
20 45 38 35 22 3 32 7 
37 40 43 30 47 34 5 2 
44 19 48 53 42 23 8 33 
49 54 41 26 29 52 11 14 
18 27 56 51 16 13 24 9 
55 50 17 28 25 10 15 12 
--
38 23 10 21 56 35 8 53 
11 20 39 36 9 54 31 34 
24 37 22 55 46 33 52 7 
19 12 47 40 51 30 45 32 
48 25 18 15 44 41 6 3 
13 16 27 50 1 4 29 42 
26 49 14 17 28 43 2 5 
--
4 15 2 29 6 17 20 55 
1 28 5 16 31 56 7 18 
14 3 30 41 46 19 54 21 
27 40 45 32 53 36 47 8 
44 13 42 37 48 51 22 35 
39 26 11 52 33 24 9 50 
12 43 38 25 10 49 34 23 
--
50 19 16 5 42 31 14 3 
17 6 49 32 15 4 45 30 
20 51 18 41 46 43 2 13 
7 48 33 52 1 40 29 44 
24 21 54 47 34 37 12 39 
55 8 23 26 53 10 35 28 
22 25 56 9 36 27 38 11 
--
