--
16 45 66 41 18 43 52 63 20 23 
67 40 17 44 65 70 19 22 53 62 
46 15 68 77 42 51 64 71 24 21 
39 76 47 50 69 78 87 54 61 58 
14 49 74 79 88 55 72 59 86 25 
75 38 33 48 73 92 85 100 57 60 
34 13 80 89 84 97 56 91 26 99 
37 10 35 32 81 90 93 98 1 4 
12 31 8 83 96 29 6 3 94 27 
9 36 11 30 7 82 95 28 5 2 
--
65 36 9 38 63 86 7 82 61 84 
10 39 64 75 8 79 62 85 6 81 
35 66 37 72 87 76 97 80 83 60 
40 11 74 69 78 95 92 59 98 5 
67 34 71 94 73 88 77 96 91 58 
12 41 68 51 70 93 90 55 4 99 
33 52 31 42 89 54 49 100 57 20 
30 13 46 53 50 17 56 21 24 3 
45 32 15 28 43 48 1 26 19 22 
14 29 44 47 16 27 18 23 2 25 
--
65 32 19 34 63 96 21 60 57 98 
18 35 64 91 20 61 86 97 22 59 
31 66 33 62 87 90 95 58 99 56 
36 17 88 71 92 85 100 83 78 23 
67 30 73 44 89 82 79 94 55 2 
16 37 70 81 72 93 84 1 24 77 
29 68 43 74 45 80 25 76 3 54 
38 15 46 69 42 75 50 53 6 9 
47 28 13 40 49 26 11 8 51 4 
14 39 48 27 12 41 52 5 10 7 
--
18 31 94 89 20 29 2 77 22 27 
95 50 19 30 1 90 21 28 3 76 
32 17 100 93 88 85 78 91 26 23 
49 96 51 82 99 92 87 24 75 4 
16 33 58 97 86 81 84 79 66 25 
57 48 71 52 83 98 67 74 5 64 
34 15 56 59 70 73 80 65 68 41 
47 12 45 72 53 60 69 40 63 6 
14 35 10 55 44 37 8 61 42 39 
11 46 13 36 9 54 43 38 7 62 
--
