--
43 16 27 2 41 56 29 4 33 36 
26 1 42 85 28 3 40 35 30 5 
17 44 15 52 55 84 57 32 37 34 
14 25 90 79 86 53 60 39 6 31 
45 18 51 54 89 78 83 58 61 38 
24 13 80 87 82 59 68 77 72 7 
19 46 21 50 75 88 73 64 69 62 
12 23 48 81 10 67 76 71 8 65 
47 20 11 22 49 74 9 66 63 70 
--
77 16 87 14 75 42 35 2 33 44 
88 13 76 79 86 1 74 43 36 3 
17 78 15 90 71 84 41 34 45 32 
12 89 80 85 40 73 54 69 4 37 
81 18 59 72 83 70 39 52 31 46 
22 11 82 63 60 53 68 55 38 5 
19 64 21 58 67 62 51 28 47 30 
10 23 66 61 8 25 56 49 6 27 
65 20 9 24 57 50 7 26 29 48 
--
67 12 69 50 39 14 37 18 41 16 
70 51 66 13 88 49 40 15 36 19 
11 68 81 76 65 38 87 48 17 42 
52 71 58 89 80 83 64 1 20 35 
57 10 77 82 75 90 47 86 43 2 
28 53 72 59 84 79 74 63 34 21 
9 56 27 78 73 60 85 46 3 44 
26 29 54 7 24 31 62 5 22 33 
55 8 25 30 61 6 23 32 45 4 
--
47 24 5 20 45 76 3 18 43 74 
6 21 46 77 4 19 44 75 2 17 
25 48 23 66 81 78 1 16 73 42 
22 7 80 63 84 67 82 71 36 15 
49 26 65 68 79 88 37 90 41 72 
8 53 62 85 64 83 70 87 14 35 
27 50 29 54 69 86 89 38 57 40 
30 9 52 61 32 11 56 59 34 13 
51 28 31 10 55 60 33 12 39 58 
--
