--
49 30 27 8 51 46 25 6 21 64 
28 9 50 47 26 7 68 63 24 5 
31 48 29 52 85 62 45 22 65 20 
10 53 90 61 44 69 86 67 4 23 
89 32 59 54 87 84 43 70 19 66 
36 11 88 83 60 55 76 1 42 3 
33 80 35 58 77 82 71 16 75 18 
12 37 78 81 14 39 56 73 2 41 
79 34 13 38 57 72 15 40 17 74 
--
22 35 2 63 24 33 4 49 26 31 
1 38 23 34 3 66 25 32 5 48 
36 21 64 81 62 73 50 71 30 27 
39 76 37 74 65 80 67 28 47 6 
20 57 88 77 82 61 72 51 70 29 
89 40 75 58 87 68 79 60 7 46 
56 19 90 83 78 59 52 69 10 13 
41 84 17 54 43 86 15 12 45 8 
18 55 42 85 16 53 44 9 14 11 
--
18 15 20 37 88 13 42 35 60 11 
21 38 17 14 41 36 85 12 43 34 
16 19 40 87 72 89 44 61 10 59 
39 22 71 74 45 86 57 84 33 62 
70 1 46 67 90 73 80 63 58 9 
23 66 69 50 75 64 83 56 79 32 
2 47 26 65 68 51 76 81 8 55 
27 24 49 4 29 82 53 6 31 78 
48 3 28 25 52 5 30 77 54 7 
--
26 3 44 67 28 5 82 9 30 7 
43 46 27 4 79 66 29 6 81 10 
2 25 70 45 68 83 80 77 8 31 
47 42 49 84 71 78 65 86 11 76 
24 1 54 69 88 85 72 75 32 61 
41 48 89 50 55 64 87 62 73 12 
20 23 18 53 90 51 74 35 60 33 
17 40 21 56 15 38 63 58 13 36 
22 19 16 39 52 57 14 37 34 59 
--
