--
38 7 72 77 40 5 42 51 54 3 44 21 
73 76 39 6 71 100 55 4 43 20 53 2 
8 37 74 101 78 41 50 99 52 1 22 45 
75 90 79 70 105 98 117 56 49 66 19 58 
36 9 102 97 116 69 104 65 120 57 46 23 
91 80 89 84 103 106 113 118 67 48 59 18 
10 35 92 107 96 115 68 111 64 119 24 47 
81 88 83 32 85 112 95 114 27 62 17 60 
34 11 86 93 108 13 30 63 110 15 28 25 
87 82 33 12 31 94 109 14 29 26 61 16 
--
41 64 11 32 39 62 9 30 59 82 7 28 
12 33 40 63 10 31 60 81 8 29 58 83 
65 42 77 38 61 86 79 98 119 84 27 6 
34 13 66 87 78 99 120 85 80 97 118 57 
43 76 37 90 67 88 95 114 117 110 5 26 
14 35 70 75 94 113 100 1 96 115 56 109 
71 44 91 36 89 68 93 116 111 108 25 4 
18 15 74 69 92 49 112 101 2 53 106 55 
45 72 17 20 47 102 51 22 107 104 3 24 
16 19 46 73 50 21 48 103 52 23 54 105 
--
46 43 14 63 66 41 16 37 84 33 18 35 
13 62 45 42 15 64 87 40 17 36 83 32 
44 47 60 65 110 67 38 85 88 91 34 19 
61 12 69 58 95 86 109 92 39 82 31 90 
48 59 96 111 68 107 94 1 118 89 20 81 
11 70 57 106 99 114 119 108 93 2 117 30 
56 49 100 97 112 53 104 115 120 21 80 3 
71 10 73 54 105 98 113 26 77 116 29 22 
50 55 8 101 52 75 6 103 24 27 4 79 
9 72 51 74 7 102 25 76 5 78 23 28 
--
15 18 13 44 67 20 41 64 59 22 39 36 
12 45 16 19 42 65 118 21 40 37 58 23 
17 14 43 66 113 68 63 82 117 60 35 38 
46 11 112 69 86 119 116 97 62 83 24 57 
111 70 87 114 109 100 85 120 81 98 61 34 
10 47 110 105 102 115 96 99 84 1 56 25 
71 106 103 88 93 108 101 80 95 76 33 2 
48 9 92 107 104 79 94 75 30 53 26 55 
91 72 7 50 89 74 5 52 77 28 3 32 
8 49 90 73 6 51 78 29 4 31 54 27 
--
