--
1 14 29 50 11 16 19 52 
30 37 12 15 28 51 10 17 
13 2 55 36 49 18 53 20 
38 31 48 61 54 27 46 9 
3 62 35 56 47 60 21 26 
32 39 64 59 24 43 8 45 
63 4 41 34 57 6 25 22 
40 33 58 5 42 23 44 7 
--
1 40 15 24 33 38 13 26 
16 23 42 39 14 25 34 37 
41 2 47 32 55 36 27 12 
22 17 56 43 48 31 58 35 
3 46 21 64 57 54 11 28 
18 63 44 49 30 59 8 53 
45 4 61 20 51 6 29 10 
62 19 50 5 60 9 52 7 
--
1 34 3 18 53 32 13 16 
4 19 42 33 14 17 52 31 
41 2 35 54 43 60 15 12 
20 5 40 61 36 55 30 51 
39 48 37 44 59 50 11 26 
6 21 62 49 64 27 56 29 
47 38 23 8 45 58 25 10 
22 7 46 63 24 9 28 57 
--
1 38 3 18 31 36 13 16 
4 19 40 37 14 17 30 35 
39 2 57 32 51 34 15 12 
20 5 50 41 56 43 52 29 
23 58 21 64 33 54 11 44 
6 49 24 55 42 63 28 53 
59 22 47 8 61 26 45 10 
48 7 60 25 46 9 62 27 
--
1 26 15 24 29 36 13 32 
16 23 28 35 14 31 40 37 
27 2 25 30 61 38 33 12 
22 17 62 45 34 41 64 39 
3 48 21 56 63 60 11 42 
18 51 46 53 44 55 8 59 
47 4 49 20 57 6 43 10 
50 19 52 5 54 9 58 7 
--
1 52 15 24 61 28 13 26 
16 23 48 53 14 25 60 29 
49 2 51 62 57 64 27 12 
22 17 56 47 54 45 30 59 
3 50 21 44 63 58 11 34 
18 39 42 55 46 33 8 31 
41 4 37 20 43 6 35 10 
38 19 40 5 36 9 32 7 
--
1 28 13 38 3 26 47 36 
14 39 2 27 48 37 4 25 
29 12 49 40 43 46 35 56 
50 15 42 45 60 55 24 5 
11 30 61 54 41 44 57 34 
16 51 18 31 64 59 6 23 
19 10 53 62 21 8 33 58 
52 17 20 9 32 63 22 7 
--
1 26 15 24 29 34 13 38 
16 23 28 35 14 39 30 33 
27 2 25 40 63 32 37 12 
22 17 42 51 36 49 64 31 
3 52 21 62 41 58 11 48 
18 43 54 57 50 61 8 59 
53 4 45 20 55 6 47 10 
44 19 56 5 46 9 60 7 
--
1 26 15 24 29 34 13 42 
16 23 28 35 14 41 30 33 
27 2 25 40 37 32 43 12 
22 17 36 51 44 49 38 31 
3 52 21 60 39 56 11 48 
18 63 54 45 50 59 8 57 
53 4 61 20 55 6 47 10 
62 19 64 5 46 9 58 7 
--
1 4 41 20 47 6 43 22 
34 19 2 5 42 21 46 7 
3 40 35 48 37 62 23 44 
18 33 38 61 54 45 8 59 
39 14 49 36 63 60 53 24 
32 17 64 55 52 27 58 9 
13 50 15 30 11 56 25 28 
16 31 12 51 26 29 10 57 
--
1 14 63 50 11 16 19 52 
58 35 12 15 64 51 10 17 
13 2 57 62 49 18 53 20 
36 59 34 43 56 61 48 9 
3 32 37 60 41 44 21 54 
38 29 42 33 24 55 8 47 
31 4 27 40 45 6 25 22 
28 39 30 5 26 23 46 7 
--
1 26 3 18 23 30 13 16 
4 19 24 29 14 17 34 31 
25 2 27 22 35 32 15 12 
20 5 46 55 28 41 36 33 
47 56 21 64 45 54 11 40 
6 61 58 53 50 39 42 37 
57 48 63 8 59 44 51 10 
62 7 60 49 52 9 38 43 
--
1 14 55 30 11 16 19 42 
58 29 12 15 56 43 10 17 
13 2 57 54 31 18 41 20 
28 59 32 49 44 39 52 9 
3 48 27 64 53 50 21 40 
26 33 60 45 38 63 8 51 
47 4 35 24 61 6 37 22 
34 25 46 5 36 23 62 7 
--
1 26 15 24 29 40 13 32 
16 23 28 41 14 31 36 39 
27 2 25 30 49 38 33 12 
22 17 48 57 42 35 46 37 
3 60 21 50 47 58 11 34 
18 51 62 59 56 43 8 45 
61 4 53 20 63 6 55 10 
52 19 64 5 54 9 44 7 
--
1 26 15 24 29 34 13 32 
16 23 28 37 14 31 44 35 
27 2 25 30 51 36 33 12 
22 17 52 57 38 43 50 45 
3 56 21 64 53 46 11 42 
18 61 54 39 58 49 8 47 
55 4 59 20 63 6 41 10 
60 19 62 5 40 9 48 7 
--
1 14 29 54 11 16 19 50 
30 37 12 15 28 49 10 17 
13 2 53 38 55 18 51 20 
36 31 40 59 52 27 48 9 
3 62 35 56 39 58 21 26 
32 41 60 63 24 45 8 47 
61 4 43 34 57 6 25 22 
42 33 64 5 44 23 46 7 
--
1 14 59 30 11 16 19 52 
64 29 12 15 58 51 10 17 
13 2 63 60 31 18 53 20 
28 61 32 39 54 57 50 9 
3 40 27 62 49 44 21 56 
26 33 48 43 38 55 8 45 
41 4 35 24 47 6 37 22 
34 25 42 5 36 23 46 7 
--
1 14 29 50 11 16 19 52 
30 37 12 15 28 51 10 17 
13 2 55 36 49 18 53 20 
38 31 48 59 54 27 46 9 
3 62 35 56 47 58 21 26 
32 39 60 63 24 43 8 45 
61 4 41 34 57 6 25 22 
40 33 64 5 42 23 44 7 
--
1 26 15 24 29 34 13 32 
16 23 28 37 14 31 60 35 
27 2 25 30 59 36 33 12 
22 17 44 53 38 51 42 61 
3 54 21 58 43 62 11 50 
18 45 56 63 52 39 8 41 
55 4 47 20 57 6 49 10 
46 19 64 5 48 9 40 7 
--
1 14 45 30 11 16 19 42 
62 29 12 15 46 43 10 17 
13 2 61 44 31 18 41 20 
28 63 32 47 60 39 58 9 
3 48 27 64 57 52 21 40 
26 33 56 51 38 59 8 53 
49 4 35 24 55 6 37 22 
34 25 50 5 36 23 54 7 
--
1 4 23 20 33 6 35 50 
22 19 2 5 36 49 32 7 
3 24 21 46 43 34 51 48 
18 41 44 37 60 47 8 31 
25 14 61 42 45 52 59 56 
40 17 38 53 64 57 30 9 
13 26 15 62 11 28 55 58 
16 39 12 27 54 63 10 29 
--
1 26 15 24 29 34 13 32 
16 23 28 63 14 31 38 35 
27 2 25 30 59 36 33 12 
22 17 64 43 62 39 48 37 
3 44 21 58 47 60 11 40 
18 55 46 61 42 51 8 49 
45 4 53 20 57 6 41 10 
54 19 56 5 52 9 50 7 
--
1 14 53 30 11 16 19 42 
52 29 12 15 50 43 10 17 
13 2 51 54 31 18 41 20 
28 57 32 49 44 39 62 9 
3 48 27 58 55 60 21 40 
26 33 56 45 38 63 8 61 
47 4 35 24 59 6 37 22 
34 25 46 5 36 23 64 7 
--
1 34 3 18 57 32 13 16 
4 19 42 33 14 17 56 31 
41 2 35 58 43 60 15 12 
20 5 40 51 36 55 30 61 
39 48 37 44 59 50 11 26 
6 21 52 49 54 27 62 29 
47 38 23 8 45 64 25 10 
22 7 46 53 24 9 28 63 
--
1 28 13 44 3 26 49 42 
14 35 2 27 50 43 4 25 
29 12 51 64 45 48 41 54 
34 15 36 47 60 53 24 5 
11 30 59 52 63 46 55 40 
16 33 18 37 58 61 6 23 
19 10 31 62 21 8 39 56 
32 17 20 9 38 57 22 7 
--
1 14 59 50 11 16 19 52 
62 35 12 15 58 51 10 17 
13 2 63 60 49 18 53 20 
36 61 34 43 54 57 48 9 
3 32 37 64 41 44 21 56 
38 29 42 33 24 55 8 47 
31 4 27 40 45 6 25 22 
28 39 30 5 26 23 46 7 
--
1 14 59 50 11 16 19 52 
62 35 12 15 58 51 10 17 
13 2 63 60 49 18 53 20 
36 61 34 43 54 57 48 9 
3 32 37 64 41 44 21 56 
38 29 42 33 24 55 8 47 
31 4 27 40 45 6 25 22 
28 39 30 5 26 23 46 7 
--
1 22 3 18 25 52 13 16 
4 19 24 51 14 17 44 53 
23 2 21 26 57 54 15 12 
20 5 56 37 50 45 62 43 
29 36 27 58 55 60 11 46 
6 33 30 49 38 63 42 61 
31 28 35 8 59 40 47 10 
34 7 32 39 48 9 64 41 
--
1 34 3 18 39 32 13 16 
4 19 52 33 14 17 40 31 
53 2 35 38 51 64 15 12 
20 5 58 55 36 41 30 63 
45 54 37 50 59 56 11 26 
6 21 46 57 42 27 62 29 
47 44 23 8 49 60 25 10 
22 7 48 43 24 9 28 61 
--
1 40 3 18 49 38 13 16 
4 19 54 39 14 17 52 37 
45 2 41 48 53 50 15 12 
20 5 46 55 42 59 36 51 
23 44 21 58 47 56 11 32 
6 27 24 43 60 33 64 35 
25 22 29 8 57 62 31 10 
28 7 26 61 30 9 34 63 
--
1 14 59 50 11 16 19 52 
64 35 12 15 58 51 10 17 
13 2 63 60 49 18 53 20 
36 61 34 43 54 57 48 9 
3 32 37 62 41 44 21 56 
38 29 42 33 24 55 8 47 
31 4 27 40 45 6 25 22 
28 39 30 5 26 23 46 7 
--
1 40 15 24 33 38 13 26 
16 23 42 39 14 25 34 37 
41 2 55 32 47 36 27 12 
22 17 46 43 54 31 48 35 
3 62 21 56 45 50 11 28 
18 57 44 61 30 53 8 49 
63 4 59 20 51 6 29 10 
58 19 64 5 60 9 52 7 
--
1 14 59 50 11 16 19 52 
62 35 12 15 58 51 10 17 
13 2 63 60 49 18 53 20 
36 61 34 43 54 57 48 9 
3 32 37 64 41 44 21 56 
38 29 42 33 24 55 8 47 
31 4 27 40 45 6 25 22 
28 39 30 5 26 23 46 7 
--
1 4 39 20 23 6 25 28 
38 19 2 5 40 27 22 7 
3 50 37 58 21 24 29 26 
18 61 48 41 36 59 8 43 
49 14 51 60 57 42 35 30 
62 17 64 47 54 33 44 9 
13 52 15 56 11 46 31 34 
16 63 12 53 32 55 10 45 
--
1 34 3 18 37 32 13 16 
4 19 36 33 14 17 50 31 
35 2 41 38 49 52 15 12 
20 5 48 53 40 43 30 51 
47 54 39 42 57 64 11 26 
6 21 56 63 44 27 60 29 
55 46 23 8 61 58 25 10 
22 7 62 45 24 9 28 59 
--
1 34 3 18 37 32 13 16 
4 19 36 33 14 17 40 31 
35 2 53 46 41 38 15 12 
20 5 42 59 54 51 30 39 
43 60 45 52 47 58 11 26 
6 21 62 55 64 27 50 29 
61 44 23 8 57 48 25 10 
22 7 56 63 24 9 28 49 
--
1 34 3 18 47 32 13 16 
4 19 42 33 14 17 46 31 
41 2 35 48 43 50 15 12 
20 5 40 57 36 45 30 51 
39 58 37 44 49 62 11 26 
6 21 60 63 56 27 52 29 
59 38 23 8 61 54 25 10 
22 7 64 55 24 9 28 53 
--
1 14 63 30 11 16 19 58 
62 29 12 15 64 57 10 17 
13 2 61 56 31 18 59 20 
28 55 32 43 60 53 46 9 
3 42 27 54 45 48 21 52 
26 33 44 39 36 51 8 47 
41 4 35 24 49 6 37 22 
34 25 40 5 38 23 50 7 
--
1 22 3 18 25 30 13 16 
4 19 24 29 14 17 34 31 
23 2 21 26 43 32 15 12 
20 5 56 49 28 35 42 33 
57 62 27 44 55 50 11 36 
6 45 60 63 48 39 52 41 
61 58 47 8 51 54 37 10 
46 7 64 59 38 9 40 53 
--
1 34 3 18 43 32 13 16 
4 19 42 33 14 17 48 31 
41 2 35 44 49 46 15 12 
20 5 40 63 36 51 30 47 
39 62 37 50 45 58 11 26 
6 21 64 59 52 27 56 29 
61 38 23 8 57 54 25 10 
22 7 60 53 24 9 28 55 
--
1 14 29 54 11 16 19 50 
30 37 12 15 28 49 10 17 
13 2 53 38 55 18 51 20 
36 31 40 61 52 27 48 9 
3 64 35 56 39 60 21 26 
32 41 62 59 24 45 8 47 
63 4 43 34 57 6 25 22 
42 33 58 5 44 23 46 7 
--
1 26 15 24 29 34 13 46 
16 23 28 35 14 47 30 33 
27 2 25 48 59 32 45 12 
22 17 36 51 56 43 60 31 
3 52 21 58 49 62 11 44 
18 37 50 55 42 57 8 61 
53 4 39 20 63 6 41 10 
38 19 54 5 40 9 64 7 
--
1 4 23 20 33 6 35 52 
22 19 2 5 36 51 32 7 
3 24 21 62 43 34 53 50 
18 41 44 37 60 63 8 31 
25 14 61 42 45 54 49 58 
40 17 38 55 64 59 30 9 
13 26 15 46 11 28 57 48 
16 39 12 27 56 47 10 29 
--
1 16 59 34 3 18 21 64 
36 33 2 17 60 63 4 19 
15 58 35 56 39 20 61 22 
32 37 40 49 62 51 54 5 
41 14 57 38 55 48 23 52 
28 31 42 45 50 53 6 9 
13 44 29 26 11 8 47 24 
30 27 12 43 46 25 10 7 
--
1 34 3 18 57 32 13 16 
4 19 42 33 14 17 56 31 
41 2 35 58 43 64 15 12 
20 5 40 51 36 55 30 63 
39 48 37 44 59 50 11 26 
6 21 52 49 54 27 62 29 
47 38 23 8 45 60 25 10 
22 7 46 53 24 9 28 61 
--
1 14 59 50 11 16 19 52 
62 31 12 15 58 51 10 17 
13 2 63 60 49 18 53 20 
30 61 32 37 54 57 44 9 
3 36 41 64 43 48 21 56 
40 29 38 33 24 55 8 45 
35 4 27 42 47 6 25 22 
28 39 34 5 26 23 46 7 
--
1 14 29 50 11 16 19 52 
30 37 12 15 28 51 10 17 
13 2 55 38 49 18 53 20 
36 31 40 59 54 27 48 9 
3 62 35 56 39 58 21 26 
32 41 60 63 24 45 8 47 
61 4 43 34 57 6 25 22 
42 33 64 5 44 23 46 7 
--
1 34 3 18 49 32 13 16 
4 19 52 33 14 17 50 31 
53 2 35 48 51 58 15 12 
20 5 60 55 36 47 30 57 
41 54 37 46 59 56 11 26 
6 21 42 61 38 27 64 29 
43 40 23 8 45 62 25 10 
22 7 44 39 24 9 28 63 
--
1 22 3 18 25 30 13 16 
4 19 24 29 14 17 34 31 
23 2 21 26 35 32 15 12 
20 5 46 55 28 41 36 33 
47 56 27 64 45 54 11 40 
6 61 58 53 50 39 42 37 
57 48 63 8 59 44 51 10 
62 7 60 49 52 9 38 43 
--
1 14 29 50 11 16 19 52 
30 37 12 15 28 51 10 17 
13 2 55 36 49 18 53 20 
38 31 48 59 54 27 46 9 
3 62 35 56 47 58 21 26 
32 39 60 63 24 43 8 45 
61 4 41 34 57 6 25 22 
40 33 64 5 42 23 44 7 
--
1 26 15 24 29 40 13 32 
16 23 28 41 14 31 36 39 
27 2 25 30 49 38 33 12 
22 17 48 57 42 35 46 37 
3 58 21 50 47 64 11 34 
18 51 60 63 56 43 8 45 
59 4 53 20 61 6 55 10 
52 19 62 5 54 9 44 7 
--
1 52 15 24 61 28 13 26 
16 23 48 53 14 25 64 29 
49 2 51 60 57 62 27 12 
22 17 58 47 54 45 30 63 
3 50 21 44 59 56 11 34 
18 39 42 55 46 33 8 31 
41 4 37 20 43 6 35 10 
38 19 40 5 36 9 32 7 
--
1 26 15 24 29 34 13 32 
16 23 28 63 14 31 38 35 
27 2 25 30 59 36 33 12 
22 17 64 43 62 39 48 37 
3 44 21 58 47 60 11 40 
18 53 46 61 42 57 8 49 
45 4 55 20 51 6 41 10 
54 19 52 5 56 9 50 7 
--
1 22 3 18 25 52 13 16 
4 19 24 51 14 17 38 53 
23 2 21 26 61 54 15 12 
20 5 30 45 50 37 64 39 
29 46 27 60 55 62 11 36 
6 31 56 49 44 59 40 63 
47 28 33 8 57 42 35 10 
32 7 48 43 34 9 58 41 
--
1 4 39 20 23 6 25 28 
38 19 2 5 40 27 22 7 
3 42 37 58 21 24 29 26 
18 61 44 41 36 59 8 47 
43 14 53 60 57 46 35 30 
62 17 64 45 54 33 48 9 
13 52 15 56 11 50 31 34 
16 63 12 51 32 55 10 49 
--
1 22 3 18 25 30 13 16 
4 19 24 29 14 17 34 31 
23 2 21 26 35 32 15 12 
20 5 46 55 28 41 36 33 
47 56 27 64 45 54 11 40 
6 61 58 53 50 39 42 37 
57 48 63 8 59 44 51 10 
62 7 60 49 52 9 38 43 
--
1 14 37 30 11 16 19 32 
36 29 12 15 38 31 10 17 
13 2 35 44 59 18 33 20 
28 43 60 39 34 51 46 9 
3 40 27 58 45 64 21 50 
26 57 42 61 52 49 8 47 
41 4 55 24 63 6 53 22 
56 25 62 5 54 23 48 7 
--
1 26 15 24 29 34 13 32 
16 23 28 53 14 31 38 35 
27 2 25 30 55 36 33 12 
22 17 54 43 52 39 48 37 
3 44 21 64 47 56 11 40 
18 61 46 57 42 51 8 49 
45 4 59 20 63 6 41 10 
60 19 62 5 58 9 50 7 
--
1 16 49 34 3 18 21 46 
36 33 2 17 48 45 4 19 
15 50 35 60 39 20 47 22 
32 37 40 51 54 59 44 5 
41 14 61 38 43 52 23 58 
28 31 42 53 62 55 6 9 
13 64 29 26 11 8 57 24 
30 27 12 63 56 25 10 7 
--
1 26 15 24 29 34 13 32 
16 23 28 63 14 31 38 35 
27 2 25 30 57 36 33 12 
22 17 64 43 62 39 48 37 
3 44 21 56 47 58 11 40 
18 55 46 61 42 51 8 49 
45 4 53 20 59 6 41 10 
54 19 60 5 52 9 50 7 
--
1 28 13 42 3 26 51 60 
14 35 2 27 52 61 4 25 
29 12 43 62 41 50 59 56 
34 15 36 53 64 57 24 5 
11 30 63 44 49 40 55 58 
16 33 18 37 54 45 6 23 
19 10 31 48 21 8 39 46 
32 17 20 9 38 47 22 7 
--
1 26 15 24 29 36 13 32 
16 23 28 35 14 31 40 37 
27 2 25 30 63 38 33 12 
22 17 62 45 34 41 50 39 
3 46 21 58 49 64 11 42 
18 57 48 61 44 53 8 51 
47 4 55 20 59 6 43 10 
56 19 60 5 54 9 52 7 
--
1 4 41 20 39 6 51 22 
34 19 2 5 52 21 38 7 
3 42 35 40 37 60 23 50 
18 33 44 57 48 53 8 59 
43 14 47 36 61 58 49 24 
32 17 56 45 54 27 64 9 
13 46 15 30 11 62 25 28 
16 31 12 55 26 29 10 63 
--
1 34 3 18 49 32 13 16 
4 19 52 33 14 17 50 31 
53 2 35 48 51 64 15 12 
20 5 58 55 36 47 30 63 
41 54 37 46 59 56 11 26 
6 21 42 57 38 27 62 29 
43 40 23 8 45 60 25 10 
22 7 44 39 24 9 28 61 
--
1 4 23 20 33 6 35 52 
22 19 2 5 36 51 32 7 
3 24 21 58 43 34 53 50 
18 41 44 37 56 59 8 31 
25 14 57 42 45 54 49 62 
40 17 38 55 60 63 30 9 
13 26 15 46 11 28 61 48 
16 39 12 27 64 47 10 29 
--
1 14 55 60 11 16 19 62 
58 35 12 15 54 61 10 17 
13 2 59 56 49 18 63 20 
36 57 34 43 64 53 50 9 
3 32 37 48 41 44 21 52 
38 29 42 33 24 51 8 45 
31 4 27 40 47 6 25 22 
28 39 30 5 26 23 46 7 
--
1 16 61 34 3 18 21 54 
36 33 2 17 64 55 4 19 
15 60 35 62 39 20 53 22 
32 37 42 59 56 63 40 5 
43 14 57 38 41 52 23 50 
28 31 44 47 58 49 6 9 
13 46 29 26 11 8 51 24 
30 27 12 45 48 25 10 7 
--
1 4 23 20 49 6 53 56 
22 19 2 5 54 57 48 7 
3 24 21 50 27 52 55 60 
18 29 26 45 58 61 8 47 
25 14 43 28 51 46 59 38 
30 17 32 35 44 39 62 9 
13 34 15 42 11 64 37 40 
16 31 12 33 36 41 10 63 
--
1 34 3 18 37 32 13 16 
4 19 36 33 14 17 38 31 
35 2 55 50 39 48 15 12 
20 5 40 61 56 53 30 47 
41 62 51 54 49 60 11 26 
6 21 64 57 52 27 46 29 
63 42 23 8 59 44 25 10 
22 7 58 43 24 9 28 45 
--
1 26 15 24 29 34 13 32 
16 23 28 63 14 31 38 35 
27 2 25 30 59 36 33 12 
22 17 62 43 64 39 48 37 
3 44 21 58 47 60 11 40 
18 55 46 61 42 51 8 49 
45 4 53 20 57 6 41 10 
54 19 56 5 52 9 50 7 
--
1 34 3 18 37 32 13 16 
4 19 36 33 14 17 38 31 
35 2 45 48 39 50 15 12 
20 5 40 57 44 47 30 51 
41 58 43 46 49 64 11 26 
6 21 60 63 56 27 52 29 
59 42 23 8 61 54 25 10 
22 7 62 55 24 9 28 53 
--
1 26 15 24 29 40 13 32 
16 23 28 41 14 31 36 39 
27 2 25 30 49 38 33 12 
22 17 48 57 42 35 46 37 
3 58 21 50 47 62 11 34 
18 51 60 63 56 43 8 45 
59 4 53 20 61 6 55 10 
52 19 64 5 54 9 44 7 
--
1 38 15 24 41 36 13 26 
16 23 40 37 14 25 46 35 
39 2 55 42 53 44 27 12 
22 17 52 59 56 47 34 45 
3 60 21 54 43 58 11 28 
18 51 62 57 48 31 8 33 
61 4 49 20 63 6 29 10 
50 19 64 5 30 9 32 7 
--
1 34 3 18 39 32 13 16 
4 19 44 33 14 17 40 31 
45 2 35 38 43 54 15 12 
20 5 64 57 36 41 30 55 
61 46 37 42 53 56 11 26 
6 21 60 63 58 27 50 29 
47 62 23 8 49 52 25 10 
22 7 48 59 24 9 28 51 
--
1 52 15 24 59 28 13 26 
16 23 48 53 14 25 64 29 
49 2 51 58 63 60 27 12 
22 17 56 47 54 45 30 61 
3 50 21 44 57 62 11 34 
18 39 42 55 46 33 8 31 
41 4 37 20 43 6 35 10 
38 19 40 5 36 9 32 7 
--
1 14 39 42 11 16 19 52 
40 31 12 15 38 53 10 17 
13 2 41 62 43 18 51 20 
30 63 32 37 54 49 56 9 
3 36 61 48 57 44 21 50 
64 29 58 33 24 55 8 45 
35 4 27 60 47 6 25 22 
28 59 34 5 26 23 46 7 
--
1 28 13 52 3 26 33 36 
14 51 2 27 34 37 4 25 
29 12 53 46 59 32 35 38 
50 15 60 31 54 45 24 5 
11 30 49 62 47 58 39 44 
16 61 18 57 42 55 6 23 
19 10 63 48 21 8 43 40 
64 17 20 9 56 41 22 7 
--
1 40 3 18 55 60 13 16 
4 19 56 39 14 17 54 59 
41 2 37 46 61 58 15 12 
20 5 44 57 38 47 64 53 
23 42 21 36 45 62 11 32 
6 27 24 43 48 33 52 63 
25 22 29 8 35 50 31 10 
28 7 26 49 30 9 34 51 
--
1 14 45 30 11 16 19 42 
54 29 12 15 46 43 10 17 
13 2 55 44 31 18 41 20 
28 53 32 47 60 39 50 9 
3 56 27 64 51 48 21 40 
26 33 52 59 38 61 8 49 
57 4 35 24 63 6 37 22 
34 25 58 5 36 23 62 7 
--
1 34 3 18 51 32 13 16 
4 19 52 33 14 17 50 31 
41 2 35 60 53 58 15 12 
20 5 40 57 36 61 30 49 
39 42 37 54 59 56 11 26 
6 21 64 45 62 27 48 29 
43 38 23 8 55 46 25 10 
22 7 44 63 24 9 28 47 
--
1 34 3 18 39 32 13 16 
4 19 46 33 14 17 42 31 
47 2 35 38 45 40 15 12 
20 5 56 61 36 43 30 41 
57 48 37 44 55 60 11 26 
6 21 62 59 64 27 52 29 
49 58 23 8 51 54 25 10 
22 7 50 63 24 9 28 53 
--
1 26 15 24 29 34 13 32 
16 23 28 37 14 31 64 35 
27 2 25 30 61 36 33 12 
22 17 40 45 38 47 58 63 
3 44 21 60 41 62 11 48 
18 53 42 39 46 59 8 57 
43 4 51 20 55 6 49 10 
52 19 54 5 50 9 56 7 
--
1 14 47 30 11 16 19 42 
48 29 12 15 60 43 10 17 
13 2 59 46 31 18 41 20 
28 49 32 61 58 39 44 9 
3 62 27 50 45 54 21 40 
26 33 64 57 38 51 8 53 
63 4 35 24 55 6 37 22 
34 25 56 5 36 23 52 7 
--
1 34 3 18 39 32 13 16 
4 19 40 33 14 17 62 31 
41 2 35 38 63 54 15 12 
20 5 56 53 36 47 30 61 
51 42 37 46 55 64 11 26 
6 21 52 57 48 27 60 29 
43 50 23 8 45 58 25 10 
22 7 44 49 24 9 28 59 
--
1 14 37 30 11 16 19 32 
36 29 12 15 38 31 10 17 
13 2 35 54 61 18 33 20 
28 55 52 43 34 39 64 9 
3 44 27 60 53 62 21 40 
26 51 56 47 42 59 8 63 
45 4 49 24 57 6 41 22 
50 25 46 5 48 23 58 7 
--
1 26 15 24 29 34 13 32 
16 23 28 63 14 31 42 35 
27 2 25 30 59 44 33 12 
22 17 64 49 62 41 36 43 
3 48 21 58 45 60 11 40 
18 55 46 61 50 39 8 37 
47 4 53 20 57 6 51 10 
54 19 56 5 52 9 38 7 
--
1 26 15 24 29 36 13 32 
16 23 28 35 14 31 40 37 
27 2 25 30 61 38 33 12 
22 17 64 45 34 41 50 39 
3 46 21 60 49 62 11 42 
18 57 48 63 44 53 8 51 
47 4 55 20 59 6 43 10 
56 19 58 5 54 9 52 7 
--
1 14 59 32 11 16 19 52 
62 31 12 15 58 51 10 17 
13 2 63 60 33 18 53 20 
30 61 34 39 54 57 50 9 
3 38 47 64 49 40 21 56 
46 29 44 35 24 55 8 41 
37 4 27 48 43 6 25 22 
28 45 36 5 26 23 42 7 
--
1 14 59 30 11 16 19 62 
58 29 12 15 56 61 10 17 
13 2 57 60 31 18 63 20 
28 51 32 55 64 49 34 9 
3 54 27 50 33 42 21 38 
26 45 52 41 48 37 8 35 
53 4 47 24 43 6 39 22 
46 25 44 5 40 23 36 7 
--
1 26 15 24 29 36 13 32 
16 23 28 35 14 31 40 37 
27 2 25 30 63 38 33 12 
22 17 62 45 34 41 50 39 
3 46 21 58 49 64 11 42 
18 57 48 61 44 53 8 51 
47 4 55 20 59 6 43 10 
56 19 60 5 54 9 52 7 
--
1 52 15 24 59 28 13 26 
16 23 48 53 14 25 62 29 
49 2 51 58 63 60 27 12 
22 17 56 47 54 45 30 61 
3 50 21 44 57 64 11 34 
18 39 42 55 46 33 8 31 
41 4 37 20 43 6 35 10 
38 19 40 5 36 9 32 7 
--
1 14 59 50 11 16 19 52 
64 31 12 15 58 51 10 17 
13 2 63 60 49 18 53 20 
30 61 32 37 54 57 44 9 
3 36 41 62 43 48 21 56 
40 29 38 33 24 55 8 45 
35 4 27 42 47 6 25 22 
28 39 34 5 26 23 46 7 
--
1 26 15 24 29 34 13 32 
16 23 28 63 14 31 38 35 
27 2 25 30 59 36 33 12 
22 17 64 43 62 39 48 37 
3 44 21 58 47 60 11 40 
18 55 46 61 42 51 8 49 
45 4 53 20 57 6 41 10 
54 19 56 5 52 9 50 7 
--
1 14 39 42 11 16 19 52 
40 31 12 15 38 53 10 17 
13 2 41 62 43 18 51 20 
30 61 32 37 54 49 56 9 
3 36 63 48 57 44 21 50 
64 29 60 33 24 55 8 45 
35 4 27 58 47 6 25 22 
28 59 34 5 26 23 46 7 
--
1 26 15 24 29 36 13 32 
16 23 28 35 14 31 40 37 
27 2 25 30 61 38 33 12 
22 17 50 45 34 41 64 39 
3 46 21 62 49 60 11 42 
18 51 48 55 44 63 8 59 
47 4 53 20 57 6 43 10 
52 19 56 5 54 9 58 7 
--
1 4 53 20 55 6 59 22 
34 19 2 5 60 21 56 7 
3 52 35 54 37 64 23 58 
18 33 38 61 50 57 8 47 
39 14 51 36 43 48 63 24 
32 17 42 49 62 27 46 9 
13 40 15 30 11 44 25 28 
16 31 12 41 26 29 10 45 
--
1 34 3 18 37 32 13 16 
4 19 36 33 14 17 38 31 
35 2 53 50 39 48 15 12 
20 5 40 57 54 51 30 47 
41 58 55 52 49 62 11 26 
6 21 60 63 56 27 46 29 
59 42 23 8 61 44 25 10 
22 7 64 43 24 9 28 45 
--
1 58 15 24 53 28 13 26 
16 23 52 57 14 25 50 29 
63 2 59 54 51 56 27 12 
22 17 62 47 60 45 30 49 
3 64 21 44 55 48 11 34 
18 39 42 61 46 33 8 31 
41 4 37 20 43 6 35 10 
38 19 40 5 36 9 32 7 
--
1 14 59 30 11 16 19 52 
64 29 12 15 58 51 10 17 
13 2 63 60 31 18 53 20 
28 61 32 39 54 57 50 9 
3 40 27 62 49 44 21 56 
26 33 48 43 38 55 8 45 
41 4 35 24 47 6 37 22 
34 25 42 5 36 23 46 7 
--
1 26 15 24 29 34 13 54 
16 23 28 35 14 53 30 33 
27 2 25 38 59 32 55 12 
22 17 36 41 56 39 52 31 
3 44 21 60 37 58 11 62 
18 47 42 57 40 61 8 51 
43 4 45 20 49 6 63 10 
46 19 48 5 64 9 50 7 
--
1 28 13 44 3 26 63 42 
14 35 2 27 64 43 4 25 
29 12 59 50 45 48 41 62 
34 15 36 47 58 61 24 5 
11 30 51 60 49 46 55 40 
16 33 18 37 54 57 6 23 
19 10 31 52 21 8 39 56 
32 17 20 9 38 53 22 7 
--
1 30 3 18 23 28 13 16 
4 19 32 29 14 17 24 27 
31 2 45 22 61 26 15 12 
20 5 64 33 46 51 62 25 
37 44 21 52 63 60 11 50 
6 41 38 47 34 53 56 59 
39 36 43 8 55 58 49 10 
42 7 40 35 48 9 54 57 
--
1 26 15 24 29 40 13 32 
16 23 28 41 14 31 36 39 
27 2 25 30 49 38 33 12 
22 17 48 57 42 35 46 37 
3 58 21 50 47 62 11 34 
18 51 60 63 56 43 8 45 
59 4 53 20 61 6 55 10 
52 19 64 5 54 9 44 7 
--
1 26 15 24 29 34 13 62 
16 23 28 35 14 63 30 33 
27 2 25 38 53 32 61 12 
22 17 36 43 60 39 64 31 
3 46 21 52 37 54 11 40 
18 49 44 59 42 57 8 55 
45 4 47 20 51 6 41 10 
48 19 50 5 58 9 56 7 
--
1 26 15 24 29 34 13 56 
16 23 28 35 14 57 30 33 
27 2 25 38 59 32 55 12 
22 17 36 43 54 39 58 31 
3 46 21 60 37 62 11 40 
18 49 44 51 42 53 8 63 
45 4 47 20 61 6 41 10 
48 19 50 5 52 9 64 7 
--
1 14 63 30 11 16 19 50 
62 29 12 15 64 49 10 17 
13 2 53 48 31 18 51 20 
28 61 32 57 52 47 34 9 
3 54 27 60 33 58 21 38 
26 43 56 41 46 37 8 35 
55 4 45 24 59 6 39 22 
44 25 42 5 40 23 36 7 
--
1 4 23 20 49 6 55 46 
22 19 2 5 54 47 50 7 
3 24 21 48 33 56 45 62 
18 31 34 53 44 61 8 51 
25 14 43 32 57 52 63 38 
30 17 28 35 64 39 60 9 
13 26 15 42 11 58 37 40 
16 29 12 27 36 41 10 59 
--
1 16 51 34 3 18 21 42 
36 33 2 17 50 41 4 19 
15 60 35 52 39 20 43 22 
32 37 54 61 56 49 40 5 
59 14 57 38 53 44 23 48 
28 31 64 55 62 47 6 9 
13 58 29 26 11 8 45 24 
30 27 12 63 46 25 10 7 
--
1 26 15 24 29 34 13 62 
16 23 28 35 14 63 30 33 
27 2 25 44 57 32 61 12 
22 17 36 49 64 43 56 31 
3 48 21 58 45 50 11 60 
18 37 46 51 42 59 8 55 
47 4 39 20 53 6 41 10 
38 19 52 5 40 9 54 7 
--
1 4 41 20 39 6 59 22 
34 19 2 5 64 21 38 7 
3 42 35 40 37 60 23 58 
18 33 44 61 56 63 8 47 
43 14 55 36 51 46 57 24 
32 17 52 45 62 27 48 9 
13 54 15 30 11 50 25 28 
16 31 12 53 26 29 10 49 
--
1 14 39 42 11 16 19 52 
40 31 12 15 38 53 10 17 
13 2 41 58 43 18 51 20 
30 59 32 37 54 49 56 9 
3 36 63 48 57 44 21 50 
64 29 60 33 24 55 8 45 
35 4 27 62 47 6 25 22 
28 61 34 5 26 23 46 7 
--
1 28 13 36 3 26 47 52 
14 35 2 27 46 51 4 25 
29 12 37 50 39 48 53 56 
34 15 40 45 58 55 24 5 
11 30 59 38 49 44 57 54 
16 33 18 41 60 63 6 23 
19 10 31 64 21 8 43 62 
32 17 20 9 42 61 22 7 
--
1 26 15 24 29 34 13 32 
16 23 28 59 14 31 38 35 
27 2 25 30 57 36 33 12 
22 17 58 43 60 39 48 37 
3 44 21 56 47 64 11 40 
18 55 46 61 42 51 8 49 
45 4 53 20 63 6 41 10 
54 19 62 5 52 9 50 7 
--
1 22 3 18 25 36 13 16 
4 19 24 37 14 17 58 35 
23 2 21 26 53 34 15 12 
20 5 52 33 38 59 50 57 
29 32 27 54 51 56 11 46 
6 41 30 39 60 47 64 49 
31 28 43 8 55 62 45 10 
42 7 40 61 44 9 48 63 
--
1 34 3 18 47 32 13 16 
4 19 42 33 14 17 46 31 
41 2 35 48 43 50 15 12 
20 5 40 57 36 45 30 51 
39 58 37 44 49 62 11 26 
6 21 60 63 56 27 52 29 
59 38 23 8 61 54 25 10 
22 7 64 55 24 9 28 53 
--
1 14 29 50 11 16 19 52 
30 37 12 15 28 51 10 17 
13 2 55 36 49 18 53 20 
38 31 48 59 54 27 46 9 
3 62 35 56 47 58 21 26 
32 39 60 63 24 43 8 45 
61 4 41 34 57 6 25 22 
40 33 64 5 42 23 44 7 
--
1 14 29 52 11 16 19 54 
30 37 12 15 28 53 10 17 
13 2 51 36 49 18 55 20 
38 31 48 61 56 27 46 9 
3 64 35 50 47 60 21 26 
32 39 62 57 24 43 8 45 
63 4 41 34 59 6 25 22 
40 33 58 5 42 23 44 7 
--
1 34 3 18 37 32 13 16 
4 19 36 33 14 17 38 31 
35 2 45 48 39 50 15 12 
20 5 40 57 44 47 30 51 
41 60 43 46 49 64 11 26 
6 21 58 61 56 27 52 29 
59 42 23 8 63 54 25 10 
22 7 62 55 24 9 28 53 
--
1 14 59 50 11 16 19 52 
64 35 12 15 58 51 10 17 
13 2 63 60 49 18 53 20 
36 61 34 43 54 57 48 9 
3 32 37 62 41 44 21 56 
38 29 42 33 24 55 8 47 
31 4 27 40 45 6 25 22 
28 39 30 5 26 23 46 7 
--
1 14 59 50 11 16 19 52 
64 31 12 15 58 51 10 17 
13 2 63 60 49 18 53 20 
30 61 32 37 54 57 48 9 
3 36 45 62 47 38 21 56 
44 29 42 33 24 55 8 39 
35 4 27 46 41 6 25 22 
28 43 34 5 26 23 40 7 
--
1 14 55 60 11 16 19 64 
58 35 12 15 54 61 10 17 
13 2 59 56 49 18 63 20 
36 57 34 43 62 53 50 9 
3 32 37 48 41 44 21 52 
38 29 42 33 24 51 8 45 
31 4 27 40 47 6 25 22 
28 39 30 5 26 23 46 7 
--
1 4 23 20 33 6 35 54 
22 19 2 5 36 53 32 7 
3 24 21 46 43 34 55 52 
18 41 44 37 56 63 8 31 
25 14 47 42 45 58 51 62 
40 17 38 57 64 61 30 9 
13 26 15 48 11 28 59 50 
16 39 12 27 60 49 10 29 
--
1 4 23 20 49 6 55 46 
22 19 2 5 54 47 50 7 
3 24 21 48 33 56 45 64 
18 31 34 53 44 63 8 51 
25 14 43 32 57 52 61 38 
30 17 28 35 62 39 58 9 
13 26 15 42 11 60 37 40 
16 29 12 27 36 41 10 59 
--
1 14 57 30 11 16 19 62 
58 29 12 15 56 63 10 17 
13 2 59 64 31 18 61 20 
28 51 32 55 60 49 34 9 
3 54 27 50 33 42 21 38 
26 45 52 41 48 37 8 35 
53 4 47 24 43 6 39 22 
46 25 44 5 40 23 36 7 
--
1 16 47 34 3 18 21 44 
36 33 2 17 46 43 4 19 
15 60 35 48 39 20 45 22 
32 37 40 61 56 49 42 5 
59 14 57 38 41 54 23 50 
28 31 62 55 64 51 6 9 
13 58 29 26 11 8 53 24 
30 27 12 63 52 25 10 7 
--
1 26 15 24 29 34 13 32 
16 23 28 63 14 31 38 35 
27 2 25 30 59 36 33 12 
22 17 64 43 62 39 48 37 
3 44 21 58 47 60 11 40 
18 55 46 61 42 51 8 49 
45 4 53 20 57 6 41 10 
54 19 56 5 52 9 50 7 
--
1 26 15 24 29 36 13 32 
16 23 28 35 14 31 40 37 
27 2 25 30 61 38 33 12 
22 17 62 45 34 41 50 39 
3 46 21 60 49 64 11 42 
18 57 48 63 44 53 8 51 
47 4 55 20 59 6 43 10 
56 19 58 5 54 9 52 7 
--
1 34 3 18 47 32 13 16 
4 19 42 33 14 17 48 31 
41 2 35 46 43 50 15 12 
20 5 40 57 36 45 30 49 
39 60 37 44 51 58 11 26 
6 21 64 59 56 27 52 29 
61 38 23 8 63 54 25 10 
22 7 62 55 24 9 28 53 
--
1 34 3 18 37 32 13 16 
4 19 36 33 14 17 38 31 
35 2 55 50 39 48 15 12 
20 5 40 61 56 53 30 47 
41 62 51 54 49 60 11 26 
6 21 64 57 52 27 46 29 
63 42 23 8 59 44 25 10 
22 7 58 43 24 9 28 45 
--
1 14 59 50 11 16 19 52 
64 35 12 15 58 51 10 17 
13 2 63 60 49 18 53 20 
36 61 34 43 54 57 48 9 
3 32 37 62 41 44 21 56 
38 29 42 33 24 55 8 47 
31 4 27 40 45 6 25 22 
28 39 30 5 26 23 46 7 
--
1 34 3 18 53 32 13 16 
4 19 42 33 14 17 52 31 
41 2 35 60 43 54 15 12 
20 5 40 55 36 59 30 51 
39 48 37 44 61 50 11 26 
6 21 56 49 58 27 64 29 
47 38 23 8 45 62 25 10 
22 7 46 57 24 9 28 63 
--
1 14 59 50 11 16 19 52 
62 35 12 15 58 51 10 17 
13 2 63 60 49 18 53 20 
36 61 34 43 54 57 48 9 
3 32 37 64 41 44 21 56 
38 29 42 33 24 55 8 47 
31 4 27 40 45 6 25 22 
28 39 30 5 26 23 46 7 
--
1 28 13 38 3 26 33 50 
14 37 2 27 34 49 4 25 
29 12 35 42 39 32 51 48 
36 15 40 31 52 57 24 5 
11 30 43 62 41 54 47 56 
16 61 18 53 58 63 6 23 
19 10 59 44 21 8 55 46 
60 17 20 9 64 45 22 7 
--
1 38 3 18 31 36 13 16 
4 19 40 37 14 17 30 35 
39 2 59 32 51 34 15 12 
20 5 50 41 60 43 52 29 
23 62 21 58 33 54 11 44 
6 49 24 61 42 57 28 53 
63 22 47 8 55 26 45 10 
48 7 64 25 46 9 56 27 
--
1 34 3 18 43 32 13 16 
4 19 42 33 14 17 48 31 
41 2 35 44 49 46 15 12 
20 5 40 59 36 51 30 47 
39 64 37 50 45 58 11 26 
6 21 60 63 52 27 56 29 
61 38 23 8 57 54 25 10 
22 7 62 53 24 9 28 55 
--
1 40 15 24 33 38 13 26 
16 23 42 39 14 25 34 37 
41 2 47 32 55 36 27 12 
22 17 56 43 48 31 58 35 
3 46 21 64 57 54 11 28 
18 63 44 49 30 59 8 53 
45 4 61 20 51 6 29 10 
62 19 50 5 60 9 52 7 
--
1 26 15 24 29 34 13 38 
16 23 28 35 14 39 30 33 
27 2 25 40 59 32 37 12 
22 17 42 51 36 49 64 31 
3 54 21 58 41 60 11 48 
18 43 52 55 50 63 8 61 
53 4 45 20 57 6 47 10 
44 19 56 5 46 9 62 7 
--
1 14 45 30 11 16 19 42 
54 29 12 15 46 43 10 17 
13 2 55 44 31 18 41 20 
28 53 32 47 60 39 50 9 
3 56 27 62 51 48 21 40 
26 33 52 59 38 61 8 49 
57 4 35 24 63 6 37 22 
34 25 58 5 36 23 64 7 
--
1 16 59 34 3 18 21 44 
54 33 2 17 58 43 4 19 
15 62 53 60 35 20 45 22 
32 55 36 63 52 57 42 5 
37 14 61 56 41 46 23 50 
28 31 40 47 64 51 6 9 
13 38 29 26 11 8 49 24 
30 27 12 39 48 25 10 7 
--
1 26 15 24 29 36 13 32 
16 23 28 35 14 31 40 37 
27 2 25 30 61 38 33 12 
22 17 64 45 34 41 50 39 
3 46 21 60 49 62 11 42 
18 57 48 63 44 53 8 51 
47 4 55 20 59 6 43 10 
56 19 58 5 54 9 52 7 
--
1 26 15 24 29 36 13 32 
16 23 28 35 14 31 40 37 
27 2 25 30 61 38 33 12 
22 17 62 45 34 41 50 39 
3 46 21 60 49 64 11 42 
18 57 48 63 44 53 8 51 
47 4 55 20 59 6 43 10 
56 19 58 5 54 9 52 7 
--
1 34 3 18 61 32 13 16 
4 19 62 33 14 17 64 31 
41 2 35 52 63 60 15 12 
20 5 40 57 36 51 30 59 
39 42 37 50 53 58 11 26 
6 21 54 45 56 27 48 29 
43 38 23 8 49 46 25 10 
22 7 44 55 24 9 28 47 
--
1 26 15 24 29 36 13 32 
16 23 28 35 14 31 40 37 
27 2 25 30 63 38 33 12 
22 17 58 45 34 41 50 39 
3 46 21 64 49 62 11 42 
18 57 48 59 44 53 8 51 
47 4 55 20 61 6 43 10 
56 19 60 5 54 9 52 7 
--
1 4 23 20 49 6 35 38 
22 19 2 5 36 39 50 7 
3 24 21 62 51 48 37 34 
18 61 52 57 40 59 8 47 
25 14 63 60 53 46 33 44 
64 17 56 41 58 43 30 9 
13 26 15 54 11 28 45 32 
16 55 12 27 42 31 10 29 
--
1 26 15 24 29 40 13 32 
16 23 28 41 14 31 36 39 
27 2 25 30 49 38 33 12 
22 17 48 57 42 35 46 37 
3 58 21 50 47 62 11 34 
18 51 60 63 56 43 8 45 
59 4 53 20 61 6 55 10 
52 19 64 5 54 9 44 7 
--
1 14 29 40 11 16 19 42 
30 37 12 15 28 41 10 17 
13 2 39 36 51 18 43 20 
38 31 50 53 44 27 48 9 
3 56 35 64 49 52 21 26 
32 61 54 57 24 45 8 47 
55 4 59 34 63 6 25 22 
60 33 62 5 58 23 46 7 
--
1 14 29 52 11 16 19 54 
30 37 12 15 28 53 10 17 
13 2 51 38 61 18 55 20 
36 31 40 49 56 27 64 9 
3 50 35 60 39 62 21 26 
32 41 48 45 24 57 8 63 
47 4 43 34 59 6 25 22 
42 33 46 5 44 23 58 7 
--
1 22 3 18 25 30 13 16 
4 19 24 29 14 17 34 31 
23 2 21 26 35 32 15 12 
20 5 52 59 28 41 36 33 
51 62 27 42 53 58 11 40 
6 43 60 63 48 39 56 37 
61 50 45 8 57 54 47 10 
44 7 64 49 46 9 38 55 
--
1 40 15 24 33 38 13 26 
16 23 42 39 14 25 34 37 
41 2 57 32 47 36 27 12 
22 17 46 43 56 31 48 35 
3 58 21 64 45 50 11 28 
18 61 44 55 30 53 8 49 
59 4 63 20 51 6 29 10 
62 19 60 5 54 9 52 7 
--
1 34 3 18 51 32 13 16 
4 19 58 33 14 17 54 31 
41 2 35 50 57 52 15 12 
20 5 40 59 36 55 30 53 
39 42 37 56 49 64 11 26 
6 21 62 45 60 27 48 29 
43 38 23 8 63 46 25 10 
22 7 44 61 24 9 28 47 
--
1 14 29 52 11 16 19 54 
30 37 12 15 28 53 10 17 
13 2 51 36 49 18 55 20 
38 31 48 59 56 27 46 9 
3 60 35 50 47 58 21 26 
32 39 62 57 24 43 8 45 
61 4 41 34 63 6 25 22 
40 33 64 5 42 23 44 7 
--
1 16 61 34 3 18 21 44 
54 33 2 17 60 43 4 19 
15 62 53 64 35 20 45 22 
32 55 36 59 52 57 42 5 
37 14 63 56 41 50 23 46 
28 31 40 51 58 47 6 9 
13 38 29 26 11 8 49 24 
30 27 12 39 48 25 10 7 
--
1 40 15 24 33 38 13 26 
16 23 42 39 14 25 34 37 
41 2 53 32 61 36 27 12 
22 17 46 43 52 31 60 35 
3 54 21 62 45 58 11 28 
18 47 44 57 30 51 8 59 
55 4 49 20 63 6 29 10 
48 19 56 5 50 9 64 7 
--
1 34 3 18 37 32 13 16 
4 19 36 33 14 17 38 31 
35 2 53 50 39 48 15 12 
20 5 40 57 52 55 30 47 
41 58 51 54 49 62 11 26 
6 21 60 63 56 27 46 29 
59 42 23 8 61 44 25 10 
22 7 64 43 24 9 28 45 
--
1 34 3 18 37 32 13 16 
4 19 36 33 14 17 40 31 
35 2 47 50 41 38 15 12 
20 5 42 57 46 49 30 39 
43 60 45 48 51 64 11 26 
6 21 58 61 56 27 52 29 
59 44 23 8 63 54 25 10 
22 7 62 55 24 9 28 53 
--
1 4 47 20 37 6 33 64 
46 19 2 5 60 63 36 7 
3 48 59 38 21 34 61 32 
18 45 22 49 62 57 8 35 
23 14 43 58 39 52 31 56 
44 17 40 53 50 55 28 9 
13 24 15 42 11 26 51 30 
16 41 12 25 54 29 10 27 
--
1 34 3 18 39 32 13 16 
4 19 54 33 14 17 40 31 
53 2 35 38 55 42 15 12 
20 5 56 61 36 47 30 41 
57 52 37 48 43 60 11 26 
6 21 62 59 64 27 46 29 
51 58 23 8 49 44 25 10 
22 7 50 63 24 9 28 45 
--
1 14 59 30 11 16 19 54 
60 29 12 15 58 55 10 17 
13 2 57 64 31 18 53 20 
28 61 32 43 56 63 46 9 
3 42 27 62 45 48 21 52 
26 33 44 39 36 51 8 47 
41 4 35 24 49 6 37 22 
34 25 40 5 38 23 50 7 
--
1 34 3 18 61 32 13 16 
4 19 60 33 14 17 64 31 
41 2 35 50 59 62 15 12 
20 5 40 57 36 51 30 63 
39 42 37 52 49 58 11 26 
6 21 54 45 56 27 48 29 
43 38 23 8 53 46 25 10 
22 7 44 55 24 9 28 47 
--
1 16 27 22 3 18 53 56 
26 23 2 17 54 57 4 19 
15 28 25 58 21 52 55 64 
24 35 48 51 60 63 20 5 
29 14 59 36 47 50 61 42 
34 37 32 49 62 43 6 9 
13 30 39 46 11 8 41 44 
38 33 12 31 40 45 10 7 
--
1 14 39 46 11 16 19 44 
38 49 12 15 40 45 10 17 
13 2 47 50 61 18 43 20 
48 37 54 33 56 41 64 9 
3 32 51 60 53 62 21 42 
36 29 34 55 24 57 8 63 
31 4 27 52 59 6 25 22 
28 35 30 5 26 23 58 7 
--
1 26 15 24 29 34 13 32 
16 23 28 63 14 31 38 35 
27 2 25 30 59 36 33 12 
22 17 62 43 64 39 48 37 
3 44 21 58 47 60 11 40 
18 55 46 61 42 51 8 49 
45 4 53 20 57 6 41 10 
54 19 56 5 52 9 50 7 
--
1 14 39 32 11 16 19 34 
40 31 12 15 38 33 10 17 
13 2 41 62 47 18 35 20 
30 63 46 51 56 37 48 9 
3 42 57 64 61 50 21 36 
58 29 52 45 24 55 8 49 
43 4 27 60 53 6 25 22 
28 59 44 5 26 23 54 7 
--
1 34 3 18 63 32 13 16 
4 19 42 33 14 17 56 31 
41 2 35 64 43 62 15 12 
20 5 40 51 36 55 30 57 
39 48 37 44 61 50 11 26 
6 21 52 49 54 27 58 29 
47 38 23 8 45 60 25 10 
22 7 46 53 24 9 28 59 
--
1 14 29 50 11 16 19 52 
30 37 12 15 28 51 10 17 
13 2 55 36 49 18 53 20 
38 31 48 61 54 27 46 9 
3 62 35 56 47 60 21 26 
32 39 64 59 24 43 8 45 
63 4 41 34 57 6 25 22 
40 33 58 5 42 23 44 7 
--
1 34 3 18 37 32 13 16 
4 19 36 33 14 17 40 31 
35 2 53 50 41 38 15 12 
20 5 42 57 52 55 30 39 
43 58 51 54 49 62 11 26 
6 21 60 63 56 27 48 29 
59 44 23 8 61 46 25 10 
22 7 64 45 24 9 28 47 
--
1 26 15 24 29 40 13 32 
16 23 28 41 14 31 36 39 
27 2 25 30 49 38 33 12 
22 17 48 57 42 35 46 37 
3 58 21 50 47 62 11 34 
18 51 60 63 56 43 8 45 
59 4 53 20 61 6 55 10 
52 19 64 5 54 9 44 7 
--
1 4 23 20 33 6 35 52 
22 19 2 5 36 51 32 7 
3 24 21 60 43 34 53 50 
18 41 44 37 58 61 8 31 
25 14 59 42 45 54 49 62 
40 17 38 55 64 57 30 9 
13 26 15 46 11 28 63 48 
16 39 12 27 56 47 10 29 
--
1 26 15 24 29 34 13 42 
16 23 28 35 14 41 30 33 
27 2 25 40 37 32 43 12 
22 17 36 57 44 53 38 31 
3 58 21 52 39 62 11 54 
18 47 60 45 56 51 8 63 
59 4 49 20 61 6 55 10 
48 19 46 5 50 9 64 7 
--
1 26 15 24 29 36 13 32 
16 23 28 35 14 31 40 37 
27 2 25 30 61 38 33 12 
22 17 50 45 34 41 64 39 
3 46 21 62 49 60 11 42 
18 51 48 55 44 63 8 59 
47 4 53 20 57 6 43 10 
52 19 56 5 54 9 58 7 
--
1 4 53 20 23 6 51 60 
42 19 2 5 52 61 22 7 
3 54 43 62 21 24 59 50 
18 41 30 55 58 63 8 25 
31 14 57 44 37 26 49 64 
40 17 38 29 56 45 36 9 
13 32 15 46 11 34 27 48 
16 39 12 33 28 47 10 35 
--
1 4 23 20 33 6 35 56 
22 19 2 5 36 57 32 7 
3 24 21 58 43 34 55 60 
18 41 44 37 62 59 8 31 
25 14 63 42 45 52 61 54 
40 17 38 51 64 49 30 9 
13 26 15 46 11 28 53 48 
16 39 12 27 50 47 10 29 
--
1 22 3 18 25 64 13 16 
4 19 24 57 14 17 36 61 
23 2 21 26 63 60 15 12 
20 5 58 41 56 37 62 35 
29 42 27 54 59 48 11 38 
6 53 30 49 40 55 34 47 
43 28 51 8 45 32 39 10 
52 7 44 31 50 9 46 33 
--
1 14 29 50 11 16 19 52 
30 37 12 15 28 51 10 17 
13 2 55 36 49 18 53 20 
38 31 48 59 54 27 46 9 
3 62 35 56 47 58 21 26 
32 39 60 63 24 43 8 45 
61 4 41 34 57 6 25 22 
40 33 64 5 42 23 44 7 
--
1 28 13 44 3 26 63 42 
14 35 2 27 64 43 4 25 
29 12 59 50 45 48 41 62 
34 15 36 47 58 61 24 5 
11 30 51 60 49 46 55 40 
16 33 18 37 54 57 6 23 
19 10 31 52 21 8 39 56 
32 17 20 9 38 53 22 7 
--
1 26 15 24 29 34 13 32 
16 23 28 53 14 31 38 35 
27 2 25 30 55 36 33 12 
22 17 54 43 52 39 48 37 
3 44 21 58 47 56 11 40 
18 59 46 63 42 51 8 49 
45 4 61 20 57 6 41 10 
60 19 64 5 62 9 50 7 
--
1 26 3 18 23 30 13 16 
4 19 24 29 14 17 34 31 
25 2 27 22 35 32 15 12 
20 5 46 55 28 41 36 33 
47 58 21 64 45 54 11 40 
6 61 56 53 50 39 42 37 
57 48 59 8 63 44 51 10 
60 7 62 49 52 9 38 43 
--
1 34 3 18 61 32 13 16 
4 19 42 33 14 17 64 31 
41 2 35 62 43 60 15 12 
20 5 40 51 36 63 30 59 
39 48 37 44 55 50 11 26 
6 21 54 49 52 27 58 29 
47 38 23 8 45 56 25 10 
22 7 46 53 24 9 28 57 
--
1 16 49 34 3 18 21 42 
36 33 2 17 48 41 4 19 
15 62 35 50 39 20 43 22 
32 37 52 61 44 47 40 5 
53 14 63 38 51 60 23 46 
28 31 54 57 64 45 6 9 
13 56 29 26 11 8 59 24 
30 27 12 55 58 25 10 7 
--
1 4 41 20 39 6 61 22 
34 19 2 5 60 21 38 7 
3 42 35 40 37 62 23 64 
18 33 44 57 50 59 8 55 
43 14 49 36 45 56 63 24 
32 17 46 51 58 27 54 9 
13 48 15 30 11 52 25 28 
16 31 12 47 26 29 10 53 
--
1 14 47 54 11 16 19 52 
46 31 12 15 48 53 10 17 
13 2 55 44 61 18 51 20 
30 45 32 37 56 49 64 9 
3 36 41 60 43 62 21 50 
40 29 38 33 24 57 8 63 
35 4 27 42 59 6 25 22 
28 39 34 5 26 23 58 7 
--
1 26 15 24 29 36 13 32 
16 23 28 35 14 31 40 37 
27 2 25 30 61 38 33 12 
22 17 50 45 34 41 64 39 
3 46 21 62 49 60 11 42 
18 51 48 55 44 63 8 59 
47 4 53 20 57 6 43 10 
52 19 56 5 54 9 58 7 
--
1 28 13 36 3 26 47 52 
14 35 2 27 46 51 4 25 
29 12 37 50 39 48 53 56 
34 15 40 45 58 55 24 5 
11 30 59 38 49 44 57 54 
16 33 18 41 60 63 6 23 
19 10 31 64 21 8 43 62 
32 17 20 9 42 61 22 7 
--
1 34 3 18 37 32 13 16 
4 19 36 33 14 17 40 31 
35 2 55 50 41 38 15 12 
20 5 42 61 56 53 30 39 
43 62 51 54 49 60 11 26 
6 21 64 57 52 27 48 29 
63 44 23 8 59 46 25 10 
22 7 58 45 24 9 28 47 
--
1 28 13 58 3 26 33 36 
14 51 2 27 34 37 4 25 
29 12 59 48 57 32 35 38 
50 15 52 31 60 63 24 5 
11 30 49 62 47 56 39 64 
16 45 18 53 42 61 6 23 
19 10 43 46 21 8 55 40 
44 17 20 9 54 41 22 7 
--
1 14 29 40 11 16 19 42 
30 37 12 15 28 41 10 17 
13 2 39 36 51 18 43 20 
38 31 50 61 44 27 48 9 
3 62 35 52 49 60 21 26 
32 53 64 57 24 45 8 47 
63 4 55 34 59 6 25 22 
54 33 58 5 56 23 46 7 
--
1 14 45 56 11 16 19 52 
46 35 12 15 44 53 10 17 
13 2 55 48 57 18 51 20 
36 47 34 43 54 49 62 9 
3 32 37 58 41 60 21 50 
38 29 42 33 24 63 8 61 
31 4 27 40 59 6 25 22 
28 39 30 5 26 23 64 7 
--
1 22 3 18 25 40 13 16 
4 19 24 41 14 17 26 39 
23 2 21 44 61 38 15 12 
20 5 60 37 42 51 46 27 
33 36 43 62 45 64 11 50 
6 57 34 59 52 49 28 47 
35 32 55 8 63 30 53 10 
56 7 58 31 54 9 48 29 
--
1 26 15 24 29 36 13 32 
16 23 28 35 14 31 40 37 
27 2 25 30 61 38 33 12 
22 17 50 45 34 41 64 39 
3 46 21 62 49 60 11 42 
18 51 48 55 44 63 8 59 
47 4 53 20 57 6 43 10 
52 19 56 5 54 9 58 7 
--
1 34 3 18 37 32 13 16 
4 19 36 33 14 17 38 31 
35 2 47 50 39 52 15 12 
20 5 40 61 46 49 30 53 
41 62 45 48 51 60 11 26 
6 21 64 57 44 27 54 29 
63 42 23 8 59 56 25 10 
22 7 58 43 24 9 28 55 
--
1 34 3 18 59 32 13 16 
4 19 42 33 14 17 56 31 
41 2 35 60 43 58 15 12 
20 5 40 51 36 55 30 57 
39 48 37 44 61 50 11 26 
6 21 52 49 54 27 64 29 
47 38 23 8 45 62 25 10 
22 7 46 53 24 9 28 63 
--
1 26 15 24 29 36 13 32 
16 23 28 35 14 31 40 37 
27 2 25 30 61 38 33 12 
22 17 62 45 34 41 50 39 
3 46 21 60 49 64 11 42 
18 57 48 63 44 53 8 51 
47 4 55 20 59 6 43 10 
56 19 58 5 54 9 52 7 
--
1 26 15 24 29 36 13 32 
16 23 28 35 14 31 40 37 
27 2 25 30 63 38 33 12 
22 17 58 45 34 41 50 39 
3 46 21 64 49 62 11 42 
18 57 48 59 44 53 8 51 
47 4 55 20 61 6 43 10 
56 19 60 5 54 9 52 7 
--
1 14 61 50 11 16 19 52 
64 31 12 15 60 51 10 17 
13 2 59 62 49 18 53 20 
30 63 32 37 54 57 44 9 
3 36 41 58 43 48 21 56 
40 29 38 33 24 55 8 45 
35 4 27 42 47 6 25 22 
28 39 34 5 26 23 46 7 
--
1 28 13 38 3 26 33 44 
14 37 2 27 34 43 4 25 
29 12 35 42 39 32 45 52 
36 15 40 31 54 51 24 5 
11 30 55 60 41 46 53 50 
16 59 18 47 56 61 6 23 
19 10 57 62 21 8 49 64 
58 17 20 9 48 63 22 7 
--
1 48 15 32 57 28 13 30 
16 33 58 47 14 31 56 27 
59 2 49 36 63 54 29 12 
34 17 64 53 46 51 26 55 
3 60 35 50 37 62 11 44 
18 39 20 61 52 45 8 25 
21 4 41 38 23 6 43 10 
40 19 22 5 42 9 24 7 
--
1 26 15 24 29 34 13 32 
16 23 28 55 14 31 38 35 
27 2 25 30 53 36 33 12 
22 17 54 43 56 39 48 37 
3 44 21 62 47 52 11 40 
18 59 46 57 42 63 8 49 
45 4 61 20 51 6 41 10 
60 19 58 5 64 9 50 7 
--
1 26 15 24 29 36 13 32 
16 23 28 35 14 31 40 37 
27 2 25 30 61 38 33 12 
22 17 62 45 34 41 50 39 
3 46 21 60 49 64 11 42 
18 57 48 63 44 53 8 51 
47 4 55 20 59 6 43 10 
56 19 58 5 54 9 52 7 
--
1 14 29 52 11 16 19 54 
30 37 12 15 28 53 10 17 
13 2 51 36 49 18 55 20 
38 31 48 59 56 27 46 9 
3 60 35 50 47 58 21 26 
32 39 62 57 24 43 8 45 
61 4 41 34 63 6 25 22 
40 33 64 5 42 23 44 7 
--
1 4 53 20 23 6 63 58 
42 19 2 5 62 57 22 7 
3 52 43 54 21 24 59 64 
18 41 30 51 56 61 8 25 
31 14 55 44 37 26 49 60 
40 17 38 29 50 45 36 9 
13 32 15 46 11 34 27 48 
16 39 12 33 28 47 10 35 
--
1 28 13 42 3 26 51 60 
14 35 2 27 52 61 4 25 
29 12 43 56 41 50 59 64 
34 15 36 53 62 57 24 5 
11 30 55 44 49 40 63 58 
16 33 18 37 54 45 6 23 
19 10 31 48 21 8 39 46 
32 17 20 9 38 47 22 7 
--
1 34 3 18 49 32 13 16 
4 19 58 33 14 17 50 31 
63 2 35 48 59 56 15 12 
20 5 64 57 36 47 30 51 
41 62 37 46 55 60 11 26 
6 21 42 61 38 27 52 29 
43 40 23 8 45 54 25 10 
22 7 44 39 24 9 28 53 
--
1 14 59 32 11 16 19 52 
64 31 12 15 58 51 10 17 
13 2 63 60 33 18 53 20 
30 61 34 39 54 57 50 9 
3 38 47 62 49 40 21 56 
46 29 44 35 24 55 8 41 
37 4 27 48 43 6 25 22 
28 45 36 5 26 23 42 7 
--
1 26 15 24 29 34 13 32 
16 23 28 45 14 31 42 35 
27 2 25 30 53 44 33 12 
22 17 54 51 46 41 36 43 
3 58 21 64 55 52 11 40 
18 61 56 47 50 39 8 37 
57 4 59 20 63 6 49 10 
60 19 62 5 48 9 38 7 
--
1 36 13 38 3 48 31 28 
14 39 2 49 32 29 4 63 
35 12 37 60 47 64 27 30 
40 15 46 33 50 55 62 5 
11 34 59 56 61 24 51 26 
16 41 18 45 54 57 6 23 
19 10 43 58 21 8 25 52 
42 17 20 9 44 53 22 7 
--
1 26 15 24 29 34 13 32 
16 23 28 53 14 31 38 35 
27 2 25 30 55 36 33 12 
22 17 54 43 52 39 48 37 
3 44 21 64 47 56 11 40 
18 61 46 57 42 51 8 49 
45 4 59 20 63 6 41 10 
60 19 62 5 58 9 50 7 
--
1 28 13 58 3 26 33 36 
14 57 2 27 34 37 4 25 
29 12 59 46 55 32 35 38 
60 15 56 31 50 45 24 5 
11 30 49 62 47 54 39 44 
16 61 18 53 42 51 6 23 
19 10 63 48 21 8 43 40 
64 17 20 9 52 41 22 7 
--
1 38 3 18 55 60 13 16 
4 19 56 43 14 17 54 59 
39 2 37 46 61 58 15 12 
20 5 44 57 42 47 64 53 
23 40 21 36 45 62 11 32 
6 27 24 41 48 33 52 63 
25 22 29 8 35 50 31 10 
28 7 26 49 30 9 34 51 
--
1 14 45 56 11 16 19 52 
46 35 12 15 44 53 10 17 
13 2 55 48 57 18 51 20 
36 47 34 43 54 49 62 9 
3 32 37 58 41 60 21 50 
38 29 42 33 24 63 8 61 
31 4 27 40 59 6 25 22 
28 39 30 5 26 23 64 7 
--
1 14 55 50 11 16 19 60 
52 35 12 15 56 61 10 17 
13 2 51 54 49 18 59 20 
36 53 34 43 62 57 64 9 
3 32 37 48 41 44 21 58 
38 29 42 33 24 63 8 45 
31 4 27 40 47 6 25 22 
28 39 30 5 26 23 46 7 
--
1 26 15 24 29 34 13 32 
16 23 28 53 14 31 38 35 
27 2 25 30 55 36 33 12 
22 17 54 43 52 39 48 37 
3 44 21 64 47 56 11 40 
18 61 46 57 42 51 8 49 
45 4 59 20 63 6 41 10 
60 19 62 5 58 9 50 7 
--
1 4 23 20 49 6 57 62 
22 19 2 5 58 61 48 7 
3 24 21 50 33 56 63 60 
18 31 34 45 64 59 8 47 
25 14 43 32 51 46 55 38 
30 17 28 35 44 39 52 9 
13 26 15 42 11 54 37 40 
16 29 12 27 36 41 10 53 
--
1 38 3 18 31 36 13 16 
4 19 40 37 14 17 30 35 
39 2 59 32 51 34 15 12 
20 5 50 41 60 43 52 29 
23 58 21 62 33 54 11 44 
6 49 24 55 42 61 28 53 
57 22 47 8 63 26 45 10 
48 7 56 25 46 9 64 27 
--
1 34 3 18 51 32 13 16 
4 19 52 33 14 17 50 31 
41 2 35 56 53 58 15 12 
20 5 40 59 36 55 30 49 
39 42 37 54 57 60 11 26 
6 21 62 45 64 27 48 29 
43 38 23 8 61 46 25 10 
22 7 44 63 24 9 28 47 
--
1 28 13 38 3 26 47 56 
14 35 2 27 48 57 4 25 
29 12 39 60 37 46 55 58 
34 15 36 49 64 59 24 5 
11 30 61 40 45 50 63 54 
16 33 18 51 62 41 6 23 
19 10 31 44 21 8 53 42 
32 17 20 9 52 43 22 7 
--
1 4 23 20 49 6 53 62 
22 19 2 5 54 61 48 7 
3 24 21 50 27 52 63 60 
18 29 26 45 64 55 8 47 
25 14 43 28 51 46 59 38 
30 17 32 35 44 39 56 9 
13 34 15 42 11 58 37 40 
16 31 12 33 36 41 10 57 
--
1 4 23 20 33 6 35 54 
22 19 2 5 36 53 32 7 
3 24 21 46 43 34 55 52 
18 41 44 37 56 63 8 31 
25 14 47 42 45 58 51 62 
40 17 38 57 64 61 30 9 
13 26 15 48 11 28 59 50 
16 39 12 27 60 49 10 29 
--
1 14 61 32 11 16 19 52 
64 31 12 15 60 51 10 17 
13 2 59 62 33 18 53 20 
30 63 34 39 54 57 50 9 
3 38 47 58 49 40 21 56 
46 29 44 35 24 55 8 41 
37 4 27 48 43 6 25 22 
28 45 36 5 26 23 42 7 
--
1 14 59 50 11 16 19 52 
62 35 12 15 58 51 10 17 
13 2 63 60 49 18 53 20 
36 61 34 43 54 57 48 9 
3 32 37 64 41 44 21 56 
38 29 42 33 24 55 8 47 
31 4 27 40 45 6 25 22 
28 39 30 5 26 23 46 7 
--
1 26 15 24 29 34 13 32 
16 23 28 63 14 31 38 35 
27 2 25 30 59 36 33 12 
22 17 64 43 62 39 48 37 
3 44 21 58 47 60 11 40 
18 55 46 61 42 51 8 49 
45 4 53 20 57 6 41 10 
54 19 56 5 52 9 50 7 
--
1 4 23 20 33 6 35 54 
22 19 2 5 36 53 32 7 
3 24 21 46 43 34 55 52 
18 41 44 37 56 61 8 31 
25 14 47 42 45 58 51 62 
40 17 38 57 60 63 30 9 
13 26 15 48 11 28 59 50 
16 39 12 27 64 49 10 29 
--
1 22 3 18 25 56 13 16 
4 19 24 51 14 17 44 55 
23 2 21 26 57 54 15 12 
20 5 52 37 50 45 62 43 
29 36 27 58 53 60 11 46 
6 33 30 49 38 63 42 61 
31 28 35 8 59 40 47 10 
34 7 32 39 48 9 64 41 
--
1 26 15 24 29 34 13 32 
16 23 28 37 14 31 50 35 
27 2 25 30 53 36 33 12 
22 17 40 59 38 49 42 51 
3 60 21 54 41 52 11 48 
18 55 62 39 58 45 8 43 
61 4 57 20 63 6 47 10 
56 19 64 5 46 9 44 7 
--
1 22 3 18 25 56 13 16 
4 19 24 31 14 17 48 57 
23 2 21 26 55 46 15 12 
20 5 30 51 32 49 58 47 
29 38 27 54 45 52 11 62 
6 35 40 33 50 61 44 59 
39 28 37 8 53 42 63 10 
36 7 34 41 64 9 60 43 
--
1 16 61 34 3 18 21 48 
36 33 2 17 60 47 4 19 
15 62 35 64 39 20 49 22 
32 37 40 59 52 57 46 5 
41 14 63 38 45 50 23 56 
28 31 44 51 58 53 6 9 
13 42 29 26 11 8 55 24 
30 27 12 43 54 25 10 7 
--
1 34 3 18 37 32 13 16 
4 19 36 33 14 17 38 31 
35 2 55 50 39 48 15 12 
20 5 40 61 56 53 30 47 
41 64 51 54 49 60 11 26 
6 21 62 57 52 27 46 29 
63 42 23 8 59 44 25 10 
22 7 58 43 24 9 28 45 
--
1 28 13 44 3 26 49 42 
14 35 2 27 50 43 4 25 
29 12 51 64 45 48 41 54 
34 15 36 47 56 53 24 5 
11 30 61 52 63 46 55 40 
16 33 18 37 60 57 6 23 
19 10 31 62 21 8 39 58 
32 17 20 9 38 59 22 7 
--
1 14 29 50 11 16 19 52 
30 37 12 15 28 51 10 17 
13 2 55 36 49 18 53 20 
38 31 48 61 54 27 46 9 
3 62 35 56 47 60 21 26 
32 39 64 59 24 43 8 45 
63 4 41 34 57 6 25 22 
40 33 58 5 42 23 44 7 
--
1 38 3 18 55 60 13 16 
4 19 56 43 14 17 54 59 
39 2 37 46 61 58 15 12 
20 5 44 57 42 47 64 53 
23 40 21 36 45 62 11 32 
6 27 24 41 48 33 52 63 
25 22 29 8 35 50 31 10 
28 7 26 49 30 9 34 51 
--
1 14 63 30 11 16 19 54 
58 29 12 15 62 55 10 17 
13 2 57 64 31 18 53 20 
28 59 32 43 56 61 46 9 
3 42 27 60 45 48 21 52 
26 33 44 39 36 51 8 47 
41 4 35 24 49 6 37 22 
34 25 40 5 38 23 50 7 
--
1 26 15 24 29 36 13 32 
16 23 28 35 14 31 40 37 
27 2 25 30 61 38 33 12 
22 17 50 45 34 41 64 39 
3 46 21 62 49 60 11 42 
18 51 48 55 44 63 8 59 
47 4 53 20 57 6 43 10 
52 19 56 5 54 9 58 7 
--
1 34 3 18 39 32 13 16 
4 19 40 33 14 17 64 31 
41 2 35 38 61 54 15 12 
20 5 60 53 36 47 30 63 
51 42 37 46 55 62 11 26 
6 21 52 59 48 27 56 29 
43 50 23 8 45 58 25 10 
22 7 44 49 24 9 28 57 
--
1 16 47 34 3 18 21 44 
36 33 2 17 46 43 4 19 
15 60 35 48 39 20 45 22 
32 37 40 61 56 49 42 5 
59 14 57 38 41 54 23 50 
28 31 62 55 64 51 6 9 
13 58 29 26 11 8 53 24 
30 27 12 63 52 25 10 7 
--
1 16 53 34 3 18 21 44 
36 33 2 17 52 43 4 19 
15 60 35 54 39 20 45 22 
32 37 40 61 56 51 42 5 
59 14 55 38 41 46 23 50 
28 31 62 57 64 49 6 9 
13 58 29 26 11 8 47 24 
30 27 12 63 48 25 10 7 
--
1 14 41 34 11 16 19 36 
42 31 12 15 40 35 10 17 
13 2 43 46 33 18 37 20 
30 51 32 59 44 39 54 9 
3 62 45 52 47 58 21 38 
50 29 60 63 24 53 8 55 
61 4 27 48 57 6 25 22 
28 49 64 5 26 23 56 7 
--
1 4 23 20 57 6 35 38 
22 19 2 5 36 39 52 7 
3 24 21 58 53 56 37 34 
18 59 54 49 40 47 8 51 
25 14 63 46 55 50 33 44 
64 17 60 41 48 45 30 9 
13 26 15 62 11 28 43 32 
16 61 12 27 42 31 10 29 
--
1 16 57 34 3 18 21 64 
36 33 2 17 56 61 4 19 
15 58 35 60 39 20 63 22 
32 37 40 55 62 53 46 5 
41 14 59 38 45 50 23 52 
28 31 44 49 54 47 6 9 
13 42 29 26 11 8 51 24 
30 27 12 43 48 25 10 7 
--
1 14 29 50 11 16 19 52 
30 37 12 15 28 51 10 17 
13 2 55 36 49 18 53 20 
38 31 48 59 54 27 46 9 
3 62 35 56 47 58 21 26 
32 39 60 63 24 43 8 45 
61 4 41 34 57 6 25 22 
40 33 64 5 42 23 44 7 
--
1 34 3 18 37 32 13 16 
4 19 36 33 14 17 38 31 
35 2 47 50 39 56 15 12 
20 5 40 57 46 49 30 55 
41 60 45 48 51 58 11 26 
6 21 62 59 44 27 54 29 
61 42 23 8 63 52 25 10 
22 7 64 43 24 9 28 53 
--
1 22 3 18 25 30 13 16 
4 19 24 29 14 17 34 31 
23 2 21 26 35 32 15 12 
20 5 56 49 28 47 36 33 
57 62 27 46 55 50 11 40 
6 45 60 63 48 39 52 37 
61 58 43 8 51 54 41 10 
44 7 64 59 42 9 38 53 
--
1 26 3 18 23 30 13 16 
4 19 24 29 14 17 34 31 
25 2 27 22 35 32 15 12 
20 5 46 55 28 41 36 33 
47 58 21 62 45 54 11 40 
6 61 56 53 50 39 42 37 
57 48 59 8 63 44 51 10 
60 7 64 49 52 9 38 43 
--
1 14 59 50 11 16 19 52 
62 35 12 15 58 51 10 17 
13 2 63 60 49 18 53 20 
36 61 34 43 54 57 48 9 
3 32 37 64 41 44 21 56 
38 29 42 33 24 55 8 47 
31 4 27 40 45 6 25 22 
28 39 30 5 26 23 46 7 
--
1 14 39 42 11 16 19 52 
40 31 12 15 38 53 10 17 
13 2 41 58 43 18 51 20 
30 59 32 37 54 49 56 9 
3 36 63 48 57 44 21 50 
64 29 60 33 24 55 8 45 
35 4 27 62 47 6 25 22 
28 61 34 5 26 23 46 7 
--
1 14 55 50 11 16 19 60 
52 35 12 15 56 61 10 17 
13 2 51 54 49 18 59 20 
36 53 34 43 62 57 64 9 
3 32 37 48 41 44 21 58 
38 29 42 33 24 63 8 45 
31 4 27 40 47 6 25 22 
28 39 30 5 26 23 46 7 
--
1 26 15 24 29 34 13 32 
16 23 28 53 14 31 38 35 
27 2 25 30 55 36 33 12 
22 17 54 43 52 39 48 37 
3 44 21 64 47 56 11 40 
18 61 46 57 42 51 8 49 
45 4 59 20 63 6 41 10 
60 19 62 5 58 9 50 7 
--
1 38 3 18 55 58 13 16 
4 19 60 43 14 17 54 57 
39 2 37 46 59 56 15 12 
20 5 44 61 42 47 64 53 
23 40 21 36 45 62 11 32 
6 27 24 41 48 33 52 63 
25 22 29 8 35 50 31 10 
28 7 26 49 30 9 34 51 
--
1 14 59 50 11 16 19 52 
64 35 12 15 58 51 10 17 
13 2 63 60 49 18 53 20 
36 61 34 43 54 57 48 9 
3 32 37 62 41 44 21 56 
38 29 42 33 24 55 8 47 
31 4 27 40 45 6 25 22 
28 39 30 5 26 23 46 7 
--
1 34 3 18 39 32 13 16 
4 19 50 33 14 17 40 31 
51 2 35 38 49 42 15 12 
20 5 52 57 36 47 30 41 
53 58 37 48 43 62 11 26 
6 21 60 63 56 27 46 29 
59 54 23 8 61 44 25 10 
22 7 64 55 24 9 28 45 
--
1 26 15 24 29 34 13 32 
16 23 28 55 14 31 38 35 
27 2 25 30 53 36 33 12 
22 17 54 43 56 39 48 37 
3 44 21 64 47 52 11 40 
18 59 46 57 42 63 8 49 
45 4 61 20 51 6 41 10 
60 19 58 5 62 9 50 7 
--
1 54 13 28 3 26 41 38 
14 29 2 55 42 39 4 25 
57 12 53 44 27 46 37 40 
30 15 56 61 64 43 24 5 
11 58 63 52 45 60 47 36 
16 31 18 59 62 51 6 23 
19 10 33 50 21 8 35 48 
32 17 20 9 34 49 22 7 
--
1 34 3 18 37 32 13 16 
4 19 36 33 14 17 40 31 
35 2 55 50 41 38 15 12 
20 5 42 61 56 53 30 39 
43 62 51 54 49 60 11 26 
6 21 64 57 52 27 48 29 
63 44 23 8 59 46 25 10 
22 7 58 45 24 9 28 47 
--
1 34 3 18 55 32 13 16 
4 19 56 33 14 17 50 31 
41 2 35 52 57 54 15 12 
20 5 40 61 36 51 30 49 
39 42 37 58 53 60 11 26 
6 21 62 45 64 27 48 29 
43 38 23 8 59 46 25 10 
22 7 44 63 24 9 28 47 
--
1 34 3 18 39 32 13 16 
4 19 46 33 14 17 42 31 
47 2 35 38 45 40 15 12 
20 5 62 53 36 43 30 41 
63 48 37 44 61 52 11 26 
6 21 64 57 54 27 60 29 
49 56 23 8 51 58 25 10 
22 7 50 55 24 9 28 59 
--
1 4 41 20 47 6 43 22 
34 19 2 5 42 21 46 7 
3 40 35 48 37 64 23 44 
18 33 38 61 54 45 8 59 
39 14 49 36 63 60 53 24 
32 17 62 55 52 27 58 9 
13 50 15 30 11 56 25 28 
16 31 12 51 26 29 10 57 
--
1 40 15 24 33 38 13 26 
16 23 42 39 14 25 34 37 
41 2 47 32 59 36 27 12 
22 17 60 43 48 31 62 35 
3 46 21 64 61 58 11 28 
18 53 44 49 30 63 8 57 
45 4 51 20 55 6 29 10 
52 19 54 5 50 9 56 7 
--
1 26 15 24 29 34 13 32 
16 23 28 53 14 31 38 35 
27 2 25 30 55 36 33 12 
22 17 54 43 52 39 48 37 
3 44 21 64 47 56 11 40 
18 61 46 57 42 51 8 49 
45 4 59 20 63 6 41 10 
60 19 62 5 58 9 50 7 
--
1 34 3 18 53 32 13 16 
4 19 42 33 14 17 52 31 
41 2 35 54 43 58 15 12 
20 5 40 57 36 55 30 51 
39 48 37 44 59 50 11 26 
6 21 60 49 56 27 64 29 
47 38 23 8 45 62 25 10 
22 7 46 61 24 9 28 63 
--
1 40 15 24 33 38 13 26 
16 23 42 39 14 25 34 37 
41 2 55 32 47 36 27 12 
22 17 46 43 54 31 48 35 
3 64 21 56 45 50 11 28 
18 57 44 61 30 53 8 49 
63 4 59 20 51 6 29 10 
58 19 62 5 60 9 52 7 
--
1 26 15 24 29 40 13 32 
16 23 28 41 14 31 36 39 
27 2 25 30 49 38 33 12 
22 17 48 57 42 35 46 37 
3 58 21 50 47 62 11 34 
18 51 60 63 56 43 8 45 
59 4 53 20 61 6 55 10 
52 19 64 5 54 9 44 7 
--
1 46 15 24 61 28 13 26 
16 23 54 45 14 25 64 29 
53 2 47 60 55 62 27 12 
22 17 58 51 44 49 30 63 
3 52 21 48 59 56 11 42 
18 37 34 57 50 43 8 31 
35 4 39 20 33 6 41 10 
38 19 36 5 40 9 32 7 
--
1 16 51 34 3 18 21 56 
36 33 2 17 58 55 4 19 
15 52 35 50 39 20 57 22 
32 37 40 59 54 63 48 5 
41 14 53 38 49 60 23 62 
28 31 42 45 64 47 6 9 
13 44 29 26 11 8 61 24 
30 27 12 43 46 25 10 7 
--
1 34 3 18 37 32 13 16 
4 19 36 33 14 17 38 31 
35 2 45 48 39 50 15 12 
20 5 40 57 44 47 30 51 
41 58 43 46 49 62 11 26 
6 21 60 63 56 27 52 29 
59 42 23 8 61 54 25 10 
22 7 64 55 24 9 28 53 
--
1 16 27 22 3 18 61 52 
26 23 2 17 60 53 4 19 
15 28 25 56 21 62 51 64 
24 35 48 59 54 57 20 5 
29 14 55 36 47 50 63 42 
34 37 32 49 58 43 6 9 
13 30 39 46 11 8 41 44 
38 33 12 31 40 45 10 7 
--
1 34 3 18 39 32 13 16 
4 19 40 33 14 17 48 31 
41 2 35 38 49 62 15 12 
20 5 56 61 36 47 30 51 
57 42 37 46 63 50 11 26 
6 21 64 55 60 27 52 29 
43 58 23 8 45 54 25 10 
22 7 44 59 24 9 28 53 
--
1 26 15 24 29 34 13 44 
16 23 28 35 14 45 30 33 
27 2 25 38 53 32 43 12 
22 17 36 55 46 39 52 31 
3 56 21 64 37 54 11 42 
18 61 58 47 40 49 8 51 
57 4 63 20 59 6 41 10 
62 19 60 5 48 9 50 7 
--
1 34 3 18 53 32 13 16 
4 19 42 33 14 17 52 31 
41 2 35 54 43 62 15 12 
20 5 40 63 36 55 30 51 
39 48 37 44 61 50 11 26 
6 21 64 49 56 27 60 29 
47 38 23 8 45 58 25 10 
22 7 46 57 24 9 28 59 
--
1 34 3 18 37 32 13 16 
4 19 36 33 14 17 38 31 
35 2 55 50 39 48 15 12 
20 5 40 61 56 53 30 47 
41 62 51 54 49 60 11 26 
6 21 64 57 52 27 46 29 
63 42 23 8 59 44 25 10 
22 7 58 43 24 9 28 45 
--
1 26 15 24 29 34 13 32 
16 23 28 45 14 31 42 35 
27 2 25 30 53 44 33 12 
22 17 54 51 46 41 36 43 
3 58 21 62 55 52 11 40 
18 61 56 47 50 39 8 37 
57 4 59 20 63 6 49 10 
60 19 64 5 48 9 38 7 
--
1 4 47 20 45 6 55 38 
30 19 2 5 56 39 44 7 
3 48 31 46 21 64 37 54 
18 29 22 57 40 59 8 43 
23 14 49 32 63 42 53 36 
28 17 26 41 58 33 60 9 
13 24 15 50 11 62 35 52 
16 27 12 25 34 51 10 61 
--
1 34 3 18 37 32 13 16 
4 19 36 33 14 17 38 31 
35 2 55 50 39 48 15 12 
20 5 40 61 56 53 30 47 
41 62 51 54 49 60 11 26 
6 21 64 57 52 27 46 29 
63 42 23 8 59 44 25 10 
22 7 58 43 24 9 28 45 
--
1 34 3 18 37 32 13 16 
4 19 36 33 14 17 38 31 
35 2 53 50 39 48 15 12 
20 5 40 57 54 51 30 47 
41 58 55 52 49 64 11 26 
6 21 60 63 56 27 46 29 
59 42 23 8 61 44 25 10 
22 7 62 43 24 9 28 45 
--
1 14 29 38 11 16 19 34 
28 37 12 15 30 35 10 17 
13 2 39 36 49 18 33 20 
40 27 48 57 42 31 46 9 
3 58 41 50 47 64 21 32 
26 51 60 63 56 43 8 45 
59 4 53 24 61 6 55 22 
52 25 62 5 54 23 44 7 
--
1 38 3 18 31 36 13 16 
4 19 40 37 14 17 30 35 
39 2 59 32 51 34 15 12 
20 5 50 41 60 43 52 29 
23 62 21 58 33 54 11 44 
6 49 24 61 42 57 28 53 
63 22 47 8 55 26 45 10 
48 7 64 25 46 9 56 27 
--
1 14 59 50 11 16 19 52 
64 35 12 15 60 51 10 17 
13 2 61 58 49 18 53 20 
36 63 34 43 54 57 48 9 
3 32 37 62 41 44 21 56 
38 29 42 33 24 55 8 47 
31 4 27 40 45 6 25 22 
28 39 30 5 26 23 46 7 
--
1 34 3 18 37 32 13 16 
4 19 36 33 14 17 38 31 
35 2 53 50 39 48 15 12 
20 5 40 57 54 51 30 47 
41 58 55 52 49 62 11 26 
6 21 60 63 56 27 46 29 
59 42 23 8 61 44 25 10 
22 7 64 43 24 9 28 45 
--
1 28 13 44 3 26 49 42 
14 35 2 27 50 43 4 25 
29 12 51 58 45 48 41 62 
34 15 36 47 60 63 24 5 
11 30 59 52 57 46 61 40 
16 33 18 37 64 53 6 23 
19 10 31 56 21 8 39 54 
32 17 20 9 38 55 22 7 
--
1 26 15 24 29 34 13 32 
16 23 28 53 14 31 38 35 
27 2 25 30 55 36 33 12 
22 17 54 43 52 39 48 37 
3 44 21 64 47 56 11 40 
18 61 46 57 42 51 8 49 
45 4 59 20 63 6 41 10 
60 19 62 5 58 9 50 7 
--
1 26 15 24 29 42 13 32 
16 23 28 43 14 31 38 41 
27 2 25 30 51 40 33 12 
22 17 52 59 44 37 54 39 
3 62 21 50 53 58 11 34 
18 49 60 63 36 45 8 55 
61 4 47 20 57 6 35 10 
48 19 64 5 46 9 56 7 
--
1 14 29 54 11 16 19 50 
30 37 12 15 28 49 10 17 
13 2 53 38 55 18 51 20 
36 31 40 61 52 27 48 9 
3 62 35 56 39 60 21 26 
32 41 64 59 24 45 8 47 
63 4 43 34 57 6 25 22 
42 33 58 5 44 23 46 7 
--
1 34 3 18 37 32 13 16 
4 19 36 33 14 17 40 31 
35 2 47 50 41 38 15 12 
20 5 42 57 46 49 30 39 
43 58 45 48 51 62 11 26 
6 21 60 63 56 27 52 29 
59 44 23 8 61 54 25 10 
22 7 64 55 24 9 28 53 
--
1 36 13 38 3 58 31 28 
14 39 2 59 32 29 4 57 
35 12 37 50 47 60 27 30 
40 15 46 33 62 49 56 5 
11 34 51 48 55 24 61 26 
16 41 18 45 52 63 6 23 
19 10 43 54 21 8 25 64 
42 17 20 9 44 53 22 7 
--
1 34 3 18 37 32 13 16 
4 19 36 33 14 17 40 31 
35 2 53 46 41 38 15 12 
20 5 42 59 54 51 30 39 
43 60 45 52 47 58 11 26 
6 21 62 55 64 27 50 29 
61 44 23 8 57 48 25 10 
22 7 56 63 24 9 28 49 
--
1 26 15 24 29 36 13 32 
16 23 28 35 14 31 40 37 
27 2 25 30 61 38 33 12 
22 17 62 45 34 41 50 39 
3 46 21 60 49 64 11 42 
18 57 48 63 44 53 8 51 
47 4 55 20 59 6 43 10 
56 19 58 5 54 9 52 7 
--
1 22 3 18 25 30 13 16 
4 19 24 29 14 17 34 31 
23 2 21 26 35 32 15 12 
20 5 46 55 28 41 36 33 
47 56 27 64 45 54 11 40 
6 61 58 53 50 39 42 37 
57 48 63 8 59 44 51 10 
62 7 60 49 52 9 38 43 
--
1 14 59 50 11 16 19 52 
62 31 12 15 58 51 10 17 
13 2 63 60 49 18 53 20 
30 61 32 37 54 57 44 9 
3 36 41 64 43 48 21 56 
40 29 38 33 24 55 8 45 
35 4 27 42 47 6 25 22 
28 39 34 5 26 23 46 7 
--
1 26 15 24 29 34 13 32 
16 23 28 53 14 31 38 35 
27 2 25 30 55 36 33 12 
22 17 54 43 52 39 48 37 
3 44 21 64 47 56 11 40 
18 61 46 57 42 51 8 49 
45 4 59 20 63 6 41 10 
60 19 62 5 58 9 50 7 
--
1 26 3 18 23 30 13 16 
4 19 24 29 14 17 34 31 
25 2 27 22 35 32 15 12 
20 5 46 55 28 41 36 33 
47 56 21 64 45 54 11 40 
6 61 58 53 50 39 42 37 
57 48 63 8 59 44 51 10 
62 7 60 49 52 9 38 43 
--
1 26 15 24 29 34 13 32 
16 23 28 63 14 31 38 35 
27 2 25 30 59 36 33 12 
22 17 64 43 62 39 48 37 
3 44 21 58 47 60 11 40 
18 55 46 61 42 51 8 49 
45 4 53 20 57 6 41 10 
54 19 56 5 52 9 50 7 
--
1 34 3 18 37 32 13 16 
4 19 36 33 14 17 38 31 
35 2 45 48 39 50 15 12 
20 5 40 57 44 47 30 51 
41 58 43 46 49 64 11 26 
6 21 60 63 56 27 52 29 
59 42 23 8 61 54 25 10 
22 7 62 55 24 9 28 53 
--
1 34 3 18 37 32 13 16 
4 19 36 33 14 17 38 31 
35 2 47 44 49 40 15 12 
20 5 56 41 46 43 30 39 
57 62 45 48 55 50 11 26 
6 21 60 63 42 27 52 29 
61 58 23 8 51 54 25 10 
22 7 64 59 24 9 28 53 
--
1 34 3 18 39 32 13 16 
4 19 40 33 14 17 58 31 
41 2 35 38 49 60 15 12 
20 5 48 53 36 57 30 59 
47 42 37 50 61 52 11 26 
6 21 54 45 56 27 64 29 
43 46 23 8 51 62 25 10 
22 7 44 55 24 9 28 63 
--
1 4 23 20 33 6 35 52 
22 19 2 5 36 51 32 7 
3 24 21 64 43 34 53 50 
18 41 44 37 60 63 8 31 
25 14 61 42 45 54 49 58 
40 17 38 55 62 59 30 9 
13 26 15 46 11 28 57 48 
16 39 12 27 56 47 10 29 
--
1 4 23 20 57 6 61 48 
22 19 2 5 62 49 56 7 
3 24 21 58 33 60 47 64 
18 31 34 45 50 63 8 55 
25 14 43 32 59 46 51 38 
30 17 28 35 44 39 54 9 
13 26 15 42 11 52 37 40 
16 29 12 27 36 41 10 53 
--
1 34 3 18 37 32 13 16 
4 19 36 33 14 17 40 31 
35 2 47 50 41 38 15 12 
20 5 42 57 46 49 30 39 
43 60 45 48 51 62 11 26 
6 21 58 61 56 27 52 29 
59 44 23 8 63 54 25 10 
22 7 64 55 24 9 28 53 
--
1 14 59 30 11 16 19 54 
58 29 12 15 60 53 10 17 
13 2 57 52 31 18 55 20 
28 51 32 61 56 49 34 9 
3 62 27 50 33 42 21 38 
26 45 64 41 48 37 8 35 
63 4 47 24 43 6 39 22 
46 25 44 5 40 23 36 7 
--
1 26 15 24 29 34 13 32 
16 23 28 53 14 31 38 35 
27 2 25 30 55 36 33 12 
22 17 54 43 52 39 48 37 
3 44 21 62 47 56 11 40 
18 61 46 57 42 51 8 49 
45 4 59 20 63 6 41 10 
60 19 64 5 58 9 50 7 
--
1 26 15 24 29 36 13 32 
16 23 28 35 14 31 40 37 
27 2 25 30 61 38 33 12 
22 17 50 45 34 41 64 39 
3 46 21 62 49 60 11 42 
18 51 48 55 44 63 8 59 
47 4 53 20 57 6 43 10 
52 19 56 5 54 9 58 7 
--
1 34 3 18 53 32 13 16 
4 19 42 33 14 17 52 31 
41 2 35 54 43 58 15 12 
20 5 40 57 36 55 30 51 
39 48 37 44 59 50 11 26 
6 21 64 49 56 27 60 29 
47 38 23 8 45 62 25 10 
22 7 46 63 24 9 28 61 
--
1 26 15 24 29 34 13 32 
16 23 28 53 14 31 38 35 
27 2 25 30 55 36 33 12 
22 17 54 43 52 39 48 37 
3 44 21 64 47 56 11 40 
18 61 46 57 42 51 8 49 
45 4 59 20 63 6 41 10 
60 19 62 5 58 9 50 7 
--
1 34 3 18 53 32 13 16 
4 19 42 33 14 17 52 31 
41 2 35 54 43 58 15 12 
20 5 40 57 36 55 30 51 
39 48 37 44 59 50 11 26 
6 21 64 49 56 27 60 29 
47 38 23 8 45 62 25 10 
22 7 46 63 24 9 28 61 
--
1 16 55 34 3 18 21 40 
50 33 2 17 54 39 4 19 
15 58 49 56 35 20 41 22 
32 51 36 59 48 53 38 5 
63 14 57 52 37 42 23 44 
28 31 62 47 60 45 6 9 
13 64 29 26 11 8 43 24 
30 27 12 61 46 25 10 7 
--
1 4 23 20 33 6 35 50 
22 19 2 5 36 49 32 7 
3 24 21 46 43 34 51 48 
18 41 44 37 58 47 8 31 
25 14 59 42 45 54 63 52 
40 17 38 55 64 57 30 9 
13 26 15 60 11 28 53 62 
16 39 12 27 56 61 10 29 
--
1 34 3 18 49 32 13 16 
4 19 56 33 14 17 50 31 
55 2 35 48 57 52 15 12 
20 5 60 53 36 47 30 51 
41 54 37 46 61 58 11 26 
6 21 42 59 38 27 64 29 
43 40 23 8 45 62 25 10 
22 7 44 39 24 9 28 63 
--
1 26 15 24 29 36 13 32 
16 23 28 35 14 31 40 37 
27 2 25 30 61 38 33 12 
22 17 62 45 34 41 50 39 
3 46 21 60 49 64 11 42 
18 57 48 63 44 53 8 51 
47 4 55 20 59 6 43 10 
56 19 58 5 54 9 52 7 
--
1 14 59 50 11 16 19 52 
64 31 12 15 58 51 10 17 
13 2 63 60 49 18 53 20 
30 61 32 37 54 57 44 9 
3 36 41 62 43 48 21 56 
40 29 38 33 24 55 8 45 
35 4 27 42 47 6 25 22 
28 39 34 5 26 23 46 7 
--
1 4 59 20 23 6 61 56 
42 19 2 5 60 57 22 7 
3 50 43 58 21 24 55 62 
18 41 30 51 54 63 8 25 
31 14 49 44 37 26 53 64 
40 17 38 29 52 45 36 9 
13 32 15 48 11 34 27 46 
16 39 12 33 28 47 10 35 
--
1 34 3 18 55 32 13 16 
4 19 56 33 14 17 50 31 
41 2 35 52 57 54 15 12 
20 5 40 61 36 51 30 49 
39 42 37 58 53 60 11 26 
6 21 62 45 64 27 48 29 
43 38 23 8 59 46 25 10 
22 7 44 63 24 9 28 47 
--
1 14 59 50 11 16 19 52 
64 35 12 15 58 51 10 17 
13 2 63 60 49 18 53 20 
36 61 34 43 54 57 48 9 
3 32 37 62 41 44 21 56 
38 29 42 33 24 55 8 47 
31 4 27 40 45 6 25 22 
28 39 30 5 26 23 46 7 
--
1 14 41 34 11 16 19 36 
42 31 12 15 40 35 10 17 
13 2 43 50 33 18 37 20 
30 55 32 57 48 39 60 9 
3 44 49 64 51 58 21 38 
54 29 56 47 24 61 8 59 
45 4 27 52 63 6 25 22 
28 53 46 5 26 23 62 7 
--
