--
82 27 4 23 96 53 2 21 58 51 56 
5 24 81 88 3 22 109 52 55 20 59 
28 83 26 97 80 95 54 1 78 57 50 
25 6 89 104 87 110 79 108 49 60 19 
84 29 86 35 98 105 94 77 62 75 48 
7 36 99 90 103 68 107 74 93 18 61 
30 85 34 67 106 91 102 63 76 47 72 
11 8 37 100 33 66 69 92 73 44 17 
38 31 10 13 40 101 64 15 42 71 46 
9 12 39 32 65 14 41 70 45 16 43 
--
6 9 4 13 58 11 18 61 56 71 20 
3 14 7 10 17 60 57 90 19 62 55 
8 5 16 59 12 91 100 67 70 21 72 
15 2 37 102 105 68 89 74 99 54 63 
38 103 108 1 92 101 106 69 66 73 22 
109 36 93 104 107 88 83 98 75 64 53 
94 39 110 87 84 97 76 65 52 23 48 
35 42 85 96 77 82 51 80 47 26 29 
40 95 44 33 86 79 46 31 28 49 24 
43 34 41 78 45 32 81 50 25 30 27 
--
9 58 33 56 11 80 89 54 13 50 83 
32 35 10 65 90 55 12 85 82 53 14 
59 8 57 34 79 108 81 88 51 84 49 
36 31 64 93 66 91 86 107 102 15 52 
7 60 37 78 109 94 105 70 87 48 101 
30 39 76 63 92 67 110 103 106 71 16 
41 6 61 38 77 104 95 72 69 100 47 
26 29 40 75 62 1 68 99 96 17 20 
5 42 27 24 3 44 73 22 19 46 97 
28 25 4 43 74 23 2 45 98 21 18 
--
53 74 59 18 51 92 71 16 49 46 69 
60 19 52 95 72 17 50 91 70 15 48 
75 54 73 58 105 96 93 86 47 68 45 
20 61 100 77 94 85 104 97 90 81 14 
55 76 57 110 99 106 89 84 87 44 67 
2 21 62 101 78 109 98 103 80 13 82 
27 56 1 22 107 102 79 88 83 66 43 
6 3 26 63 30 33 108 65 40 37 12 
25 28 5 8 23 64 31 10 35 42 39 
4 7 24 29 32 9 34 41 38 11 36 
--
