--
7 28 33 42 5 26 23 38 
34 41 6 27 32 39 4 25 
29 8 35 40 43 24 37 22 
14 11 48 31 36 19 44 3 
9 30 13 16 1 46 21 18 
12 15 10 47 20 17 2 45 
--
18 27 2 47 16 25 10 37 
3 48 17 26 11 38 15 24 
28 19 46 1 42 23 36 9 
45 4 41 30 39 12 33 14 
20 29 6 43 22 31 8 35 
5 44 21 40 7 34 13 32 
--
8 15 46 23 10 13 36 31 
45 22 9 14 37 32 1 12 
16 7 44 47 24 11 30 35 
21 42 19 38 33 48 27 2 
6 17 40 43 4 25 34 29 
41 20 5 18 39 28 3 26 
--
37 16 19 4 41 26 21 6 
18 3 38 25 20 5 40 27 
15 36 17 42 39 28 7 22 
2 43 32 35 24 47 10 29 
33 14 45 48 31 12 23 8 
44 1 34 13 46 9 30 11 
--
26 7 34 21 24 9 32 47 
35 20 25 8 33 48 23 10 
6 27 36 41 22 11 46 31 
19 38 17 28 45 42 1 12 
16 5 40 37 14 3 30 43 
39 18 15 4 29 44 13 2 
--
47 32 9 24 21 34 7 26 
10 23 48 33 8 25 20 35 
31 46 11 22 41 36 27 6 
12 1 42 45 28 17 38 19 
43 30 3 14 37 40 5 16 
2 13 44 29 4 15 18 39 
--
2 13 38 29 4 15 18 43 
39 30 3 14 37 44 5 16 
12 1 40 45 28 17 42 19 
31 46 11 22 41 36 27 6 
10 23 48 33 8 25 20 35 
47 32 9 24 21 34 7 26 
--
4 15 2 31 6 17 20 43 
1 32 5 16 37 44 7 18 
14 3 36 45 30 19 42 21 
33 48 13 24 41 38 29 8 
12 25 46 35 10 27 22 39 
47 34 11 26 23 40 9 28 
--
37 12 41 22 35 14 17 2 
42 23 36 13 40 1 34 15 
11 38 21 48 27 16 3 18 
24 43 28 39 20 47 6 33 
29 10 45 26 31 8 19 4 
44 25 30 9 46 5 32 7 
--
7 10 35 38 47 12 23 26 
34 39 8 11 36 25 48 13 
9 6 37 46 43 22 27 24 
40 33 42 19 30 45 14 1 
5 18 31 44 3 16 21 28 
32 41 4 17 20 29 2 15 
--
38 25 28 11 36 7 30 9 
27 12 37 34 29 10 21 6 
24 39 26 43 22 35 8 31 
13 44 23 48 33 18 5 20 
40 1 46 15 42 3 32 17 
45 14 41 2 47 16 19 4 
--
33 36 9 22 25 44 7 4 
10 23 34 37 8 5 26 43 
35 32 21 24 45 42 3 6 
14 11 38 41 20 17 48 27 
31 40 13 16 29 46 19 2 
12 15 30 39 18 1 28 47 
--
39 28 25 12 47 8 23 10 
26 13 38 41 24 11 36 7 
29 40 27 46 37 48 9 22 
14 45 30 1 42 19 6 35 
31 2 43 16 33 4 21 18 
44 15 32 3 20 17 34 5 
--
4 19 16 47 2 41 14 45 
17 32 3 42 15 46 1 40 
20 5 18 33 48 23 44 13 
31 8 35 22 43 26 39 24 
6 21 10 29 34 37 12 27 
9 30 7 36 11 28 25 38 
--
2 13 38 29 4 15 18 43 
39 30 3 14 37 44 5 16 
12 1 40 45 28 17 42 19 
31 46 11 22 41 36 27 6 
10 23 48 33 8 25 20 35 
47 32 9 24 21 34 7 26 
--
43 20 9 22 31 2 7 4 
10 23 44 39 8 5 32 1 
19 42 21 30 45 40 3 6 
24 11 38 41 16 29 48 33 
37 18 13 26 35 46 15 28 
12 25 36 17 14 27 34 47 
--
4 19 16 47 2 41 14 45 
17 32 3 42 15 46 1 40 
20 5 18 33 48 23 44 13 
31 8 35 22 43 26 39 24 
6 21 10 29 34 37 12 27 
9 30 7 36 11 28 25 38 
--
9 12 7 44 17 14 47 42 
6 27 10 13 46 43 18 15 
11 8 45 28 33 16 41 48 
26 5 24 37 40 29 34 19 
23 38 3 32 21 36 1 30 
4 25 22 39 2 31 20 35 
--
39 24 27 12 37 48 29 14 
26 11 38 45 28 13 2 47 
23 40 25 36 1 46 15 30 
10 33 8 41 44 31 18 3 
7 22 35 32 5 20 43 16 
34 9 6 21 42 17 4 19 
--
47 12 9 22 29 40 7 20 
10 23 48 37 8 21 30 39 
13 46 11 28 41 38 19 6 
24 1 36 45 16 27 42 31 
35 14 3 26 33 44 5 18 
2 25 34 15 4 17 32 43 
--
7 32 5 46 9 30 25 44 
4 19 8 31 26 45 10 29 
33 6 47 20 39 28 43 24 
18 3 16 27 48 21 38 11 
15 34 1 40 13 36 23 42 
2 17 14 35 22 41 12 37 
--
38 47 14 35 28 7 12 9 
15 30 37 46 13 10 27 6 
48 39 34 29 36 43 8 11 
31 16 45 42 21 24 5 26 
40 1 18 33 44 3 20 23 
17 32 41 2 19 22 25 4 
--
7 32 5 46 9 30 25 44 
4 19 8 31 26 45 10 29 
33 6 47 20 39 28 43 24 
18 3 16 27 48 21 38 11 
15 34 1 40 13 36 23 42 
2 17 14 35 22 41 12 37 
--
2 13 38 29 4 15 18 43 
39 30 3 14 37 44 5 16 
12 1 40 45 28 17 42 19 
31 46 11 22 41 36 27 6 
10 23 48 33 8 25 20 35 
47 32 9 24 21 34 7 26 
--
15 18 35 48 39 20 23 2 
34 41 16 19 36 1 38 21 
17 14 47 40 45 22 3 24 
42 33 44 29 26 37 6 9 
13 28 31 46 11 8 25 4 
32 43 12 27 30 5 10 7 
--
38 23 20 9 34 5 18 7 
21 10 37 44 19 8 35 4 
24 39 22 33 36 43 6 17 
11 32 45 42 27 16 3 48 
40 25 30 13 46 1 28 15 
31 12 41 26 29 14 47 2 
--
29 10 39 22 5 8 37 20 
40 23 28 9 38 21 4 7 
11 30 41 48 27 6 19 36 
24 45 26 33 42 47 16 3 
31 12 43 46 1 14 35 18 
44 25 32 13 34 17 2 15 
--
7 18 35 24 5 26 29 44 
36 23 6 19 34 43 4 27 
17 8 37 42 25 28 45 30 
22 39 20 33 46 1 12 3 
9 16 41 38 11 14 31 48 
40 21 10 15 32 47 2 13 
--
36 39 14 43 28 7 12 9 
15 44 37 40 13 10 27 6 
38 35 48 29 42 31 8 11 
45 16 41 32 21 24 5 26 
34 1 18 47 30 3 20 23 
17 46 33 2 19 22 25 4 
--
43 12 21 6 29 38 19 4 
22 7 44 37 20 5 30 39 
13 42 11 28 45 40 3 18 
8 23 36 41 16 27 48 31 
35 14 25 10 33 46 17 2 
24 9 34 15 26 1 32 47 
--
43 20 9 22 29 38 7 4 
10 23 44 37 8 5 30 39 
19 42 21 28 45 40 3 6 
24 11 36 41 16 27 48 31 
35 18 13 26 33 46 15 2 
12 25 34 17 14 1 32 47 
--
7 18 5 34 9 20 23 44 
4 35 8 19 46 43 10 21 
17 6 47 42 33 22 45 24 
36 3 16 27 48 41 32 11 
15 28 1 38 13 30 25 40 
2 37 14 29 26 39 12 31 
--
12 31 10 45 14 43 2 47 
9 24 13 36 1 46 15 42 
30 11 32 25 44 37 48 3 
23 8 29 38 35 18 41 16 
28 33 6 21 26 39 4 19 
7 22 27 34 5 20 17 40 
--
31 12 43 26 29 14 47 2 
42 25 30 13 46 1 28 15 
11 32 41 44 27 16 3 48 
24 39 22 33 36 45 6 17 
21 10 37 40 19 8 35 4 
38 23 20 9 34 5 18 7 
--
41 46 25 12 33 8 23 10 
26 13 42 47 24 11 34 7 
45 40 27 32 43 48 9 22 
14 31 44 1 28 19 6 35 
39 2 29 16 37 4 21 18 
30 15 38 3 20 17 36 5 
--
26 7 34 21 24 9 32 47 
35 20 25 8 33 48 23 10 
6 27 36 41 22 11 46 31 
19 42 17 28 45 40 1 12 
16 5 44 37 14 3 30 39 
43 18 15 4 29 38 13 2 
--
47 28 1 14 17 34 25 12 
2 15 46 33 26 13 18 35 
29 48 27 16 41 36 11 24 
6 3 40 45 32 21 42 19 
39 30 5 8 37 44 23 10 
4 7 38 31 22 9 20 43 
--
7 18 35 24 5 26 33 44 
36 23 6 19 34 43 4 27 
17 8 37 42 25 28 45 32 
22 39 20 29 46 1 12 3 
9 16 41 38 11 14 31 48 
40 21 10 15 30 47 2 13 
--
15 18 35 48 39 20 23 2 
34 41 16 19 36 1 38 21 
17 14 47 40 45 22 3 24 
42 33 44 29 26 37 6 9 
13 28 31 46 11 8 25 4 
32 43 12 27 30 5 10 7 
--
7 18 35 24 5 26 29 44 
36 23 6 19 34 43 4 27 
17 8 37 42 25 28 45 30 
22 39 20 33 46 1 12 3 
9 16 41 38 11 14 31 48 
40 21 10 15 32 47 2 13 
--
4 25 22 35 2 45 20 37 
23 34 3 46 21 36 1 44 
26 5 24 33 48 29 38 19 
11 8 47 28 39 16 43 30 
6 27 10 13 32 41 18 15 
9 12 7 40 17 14 31 42 
--
7 10 5 26 33 12 45 36 
4 25 8 11 44 35 28 13 
9 6 41 34 27 32 37 46 
24 3 22 19 40 43 14 29 
21 18 1 42 31 16 47 38 
2 23 20 17 48 39 30 15 
--
38 25 28 11 36 7 30 9 
27 12 37 34 29 10 21 6 
24 39 26 43 22 35 8 31 
13 44 23 48 33 18 5 20 
40 1 46 15 42 3 32 17 
45 14 41 2 47 16 19 4 
--
7 18 35 24 5 26 33 42 
36 23 6 19 34 43 4 27 
17 8 37 48 25 28 41 32 
22 47 20 29 44 1 12 3 
9 16 45 38 11 14 31 40 
46 21 10 15 30 39 2 13 
--
7 10 5 26 29 12 43 32 
4 25 8 11 46 31 28 13 
9 6 37 30 27 42 33 44 
24 3 22 47 40 45 14 17 
21 38 1 36 19 16 41 34 
2 23 20 39 48 35 18 15 
--
7 28 5 26 9 36 43 40 
4 19 8 37 44 41 10 35 
29 6 27 20 25 46 39 42 
18 3 16 45 38 21 34 11 
15 30 1 24 13 32 47 22 
2 17 14 31 48 23 12 33 
--
2 47 14 29 26 41 12 31 
15 28 1 46 13 30 25 40 
48 3 16 27 42 45 32 11 
17 6 43 36 33 22 39 24 
4 35 8 19 44 37 10 21 
7 18 5 34 9 20 23 38 
--
47 30 1 18 21 32 15 12 
2 19 46 31 16 13 22 33 
29 48 17 20 41 34 11 14 
6 3 42 45 26 23 38 35 
43 28 5 8 37 40 25 10 
4 7 44 27 24 9 36 39 
--
5 26 23 20 3 48 41 18 
24 21 4 31 40 19 2 47 
27 6 25 22 1 46 17 42 
12 9 32 45 30 39 34 37 
7 28 11 14 33 36 43 16 
10 13 8 29 44 15 38 35 
--
13 2 47 32 15 10 21 40 
48 31 14 11 38 41 16 9 
3 12 1 46 33 20 39 22 
30 45 28 25 42 37 8 17 
27 4 43 34 19 6 23 36 
44 29 26 5 24 35 18 7 
--
13 2 47 32 15 10 21 40 
48 31 14 11 38 41 16 9 
3 12 1 46 33 20 39 22 
30 45 28 25 42 37 8 17 
27 4 43 34 19 6 23 36 
44 29 26 5 24 35 18 7 
--
10 23 34 15 12 25 28 47 
35 16 11 24 33 48 13 26 
22 9 36 41 14 27 46 29 
17 42 19 32 45 40 1 4 
8 21 44 37 6 3 30 39 
43 18 7 20 31 38 5 2 
--
39 4 45 32 19 6 21 30 
46 33 38 5 48 31 18 7 
3 40 47 44 37 20 29 22 
34 43 12 1 28 25 8 17 
13 2 41 36 15 10 23 26 
42 35 14 11 24 27 16 9 
--
2 31 28 17 20 45 26 15 
29 18 1 46 27 16 21 44 
32 3 30 19 48 43 14 25 
9 6 47 38 35 24 41 22 
4 33 8 11 42 39 36 13 
7 10 5 34 37 12 23 40 
--
32 13 44 7 34 21 40 5 
45 8 33 22 41 6 25 20 
14 31 12 43 24 35 4 39 
9 46 23 36 1 42 19 26 
30 15 48 11 28 17 38 3 
47 10 29 16 37 2 27 18 
--
7 10 5 30 27 12 41 32 
4 25 8 11 44 31 28 13 
9 6 45 26 29 42 33 40 
24 3 22 43 48 37 14 17 
21 46 1 36 19 16 39 34 
2 23 20 47 38 35 18 15 
--
38 23 20 9 34 5 18 7 
21 10 37 44 19 8 35 4 
24 39 22 33 36 45 6 17 
11 32 43 40 27 16 3 48 
42 25 30 13 46 1 28 15 
31 12 41 26 29 14 47 2 
--
23 2 25 18 21 4 41 32 
26 17 22 3 44 31 20 5 
1 24 45 30 19 42 33 40 
16 27 14 43 46 37 6 9 
13 48 29 36 11 8 39 34 
28 15 12 47 38 35 10 7 
--
7 10 5 26 47 12 37 32 
4 25 8 11 36 33 42 13 
9 6 35 48 27 46 31 38 
24 3 22 19 34 41 14 43 
21 18 1 28 45 16 39 30 
2 23 20 17 40 29 44 15 
--
40 25 28 9 38 5 30 7 
27 10 39 34 29 8 19 4 
24 41 26 37 20 35 6 31 
11 44 21 48 33 16 3 18 
42 23 46 13 36 1 32 15 
45 12 43 22 47 14 17 2 
--
15 18 35 38 47 20 23 2 
34 41 16 19 36 1 46 21 
17 14 37 48 39 22 3 24 
42 33 40 29 26 45 6 9 
13 28 31 44 11 8 25 4 
32 43 12 27 30 5 10 7 
--
5 32 17 48 3 30 15 46 
18 41 4 31 16 47 2 29 
33 6 19 40 1 28 45 14 
20 9 42 35 44 25 38 27 
7 34 11 22 39 36 13 24 
10 21 8 43 12 23 26 37 
--
43 38 9 26 29 2 7 4 
10 27 44 39 8 5 30 1 
37 42 25 28 45 40 3 6 
14 11 36 41 22 19 48 31 
35 24 13 16 33 46 21 18 
12 15 34 23 20 17 32 47 
--
7 10 35 38 47 12 15 28 
34 39 8 11 36 29 48 13 
9 6 37 46 43 14 27 16 
40 33 42 19 30 45 24 1 
5 20 31 44 3 22 17 26 
32 41 4 21 18 25 2 23 
--
38 25 28 11 36 7 30 9 
27 12 37 34 29 10 21 6 
24 39 26 43 22 35 8 31 
13 44 23 48 33 18 5 20 
40 1 46 15 42 3 32 17 
45 14 41 2 47 16 19 4 
--
42 17 30 11 40 7 32 9 
29 12 41 18 31 10 25 6 
16 43 28 39 26 47 8 33 
13 38 15 48 19 22 5 24 
44 1 36 27 46 3 34 21 
37 14 45 2 35 20 23 4 
--
4 19 16 47 2 41 14 45 
17 32 3 42 15 46 1 40 
20 5 18 33 48 23 44 13 
31 8 35 22 43 26 39 24 
6 21 10 29 34 37 12 27 
9 30 7 36 11 28 25 38 
--
26 1 28 37 18 9 20 45 
29 38 25 10 47 44 17 8 
2 27 48 39 36 19 46 21 
33 30 11 24 43 40 7 16 
12 3 32 35 14 5 22 41 
31 34 13 4 23 42 15 6 
--
47 28 1 14 17 34 25 12 
2 15 46 33 26 13 18 35 
29 48 27 16 41 36 11 24 
6 3 40 45 32 21 42 19 
39 30 5 8 37 44 23 10 
4 7 38 31 22 9 20 43 
--
7 18 5 34 9 20 23 44 
4 35 8 19 46 43 10 21 
17 6 47 42 33 22 45 24 
36 3 16 27 48 41 32 11 
15 28 1 38 13 30 25 40 
2 37 14 29 26 39 12 31 
--
47 2 17 20 43 10 15 12 
18 21 46 1 16 13 30 9 
3 48 19 42 31 44 11 14 
22 41 24 45 38 35 8 29 
25 4 39 32 27 6 37 34 
40 23 26 5 36 33 28 7 
--
28 9 40 23 26 11 34 47 
39 22 27 10 35 46 25 12 
8 29 38 41 24 13 48 33 
21 42 19 30 45 36 3 14 
18 7 44 37 16 5 32 1 
43 20 17 6 31 2 15 4 
--
12 15 36 31 34 17 20 43 
37 30 13 16 45 42 33 18 
14 11 46 35 32 19 44 21 
29 38 27 24 41 48 3 6 
10 25 40 47 8 5 22 1 
39 28 9 26 23 2 7 4 
--
4 25 22 19 2 41 34 17 
23 20 3 44 35 18 1 40 
26 5 24 21 42 45 16 33 
11 8 43 36 29 32 39 48 
6 27 10 13 46 37 30 15 
9 12 7 28 31 14 47 38 
--
37 16 19 4 41 26 21 6 
18 3 38 25 20 5 40 27 
15 36 17 42 39 28 7 22 
2 43 32 35 24 47 10 29 
33 14 45 48 31 12 23 8 
44 1 34 13 46 9 30 11 
--
47 30 1 18 21 32 15 12 
2 19 46 31 16 13 22 33 
29 48 17 20 45 40 11 14 
6 3 44 41 26 23 34 37 
43 28 5 8 39 36 25 10 
4 7 42 27 24 9 38 35 
--
4 23 20 35 2 45 14 37 
21 34 3 46 27 36 1 44 
24 5 22 19 48 15 38 13 
33 8 47 26 39 28 43 16 
6 25 10 31 18 41 12 29 
9 32 7 40 11 30 17 42 
--
10 13 48 33 2 15 18 43 
47 34 11 14 45 42 3 16 
12 9 46 1 32 17 44 19 
35 38 31 28 41 22 25 4 
8 29 40 37 6 27 20 23 
39 36 7 30 21 24 5 26 
--
4 19 16 47 2 41 14 45 
17 32 3 42 15 46 1 40 
20 5 18 33 48 23 44 13 
31 8 35 22 43 26 39 24 
6 21 10 29 34 37 12 27 
9 30 7 36 11 28 25 38 
--
7 28 33 36 5 26 23 40 
34 37 6 27 32 39 4 25 
29 8 35 38 45 24 41 22 
14 11 44 31 42 19 48 3 
9 30 13 16 1 46 21 18 
12 15 10 43 20 17 2 47 
--
40 23 12 37 34 5 10 7 
13 36 39 42 11 8 33 4 
22 41 24 35 38 47 6 9 
25 14 43 48 19 30 3 32 
44 21 16 27 46 1 18 29 
15 26 45 20 17 28 31 2 
--
2 23 20 43 48 35 18 15 
21 44 1 36 19 16 47 34 
24 3 22 45 42 37 14 17 
9 6 41 30 27 46 33 38 
4 25 8 11 40 31 28 13 
7 10 5 26 29 12 39 32 
--
2 47 20 23 26 39 18 15 
21 24 1 46 19 16 27 40 
48 3 22 25 38 41 14 17 
9 6 45 34 31 28 37 42 
4 33 8 11 44 35 30 13 
7 10 5 32 29 12 43 36 
--
4 43 22 25 2 39 20 17 
23 26 3 44 21 18 1 38 
42 5 24 27 40 45 16 19 
11 8 41 34 31 28 37 48 
6 33 10 13 46 35 30 15 
9 12 7 32 29 14 47 36 
--
44 39 12 29 32 5 10 7 
13 30 43 38 11 8 33 4 
40 45 28 31 42 37 6 9 
17 14 41 48 25 22 3 34 
46 27 16 19 36 1 24 21 
15 18 47 26 23 20 35 2 
--
47 30 27 14 17 36 25 12 
28 15 46 35 26 13 18 37 
31 48 29 16 41 38 11 24 
6 3 40 45 34 21 42 19 
1 32 5 8 39 44 23 10 
4 7 2 33 22 9 20 43 
--
47 36 33 16 27 2 31 18 
34 15 48 45 32 17 28 3 
37 46 35 26 1 44 19 30 
14 23 12 43 40 29 4 7 
11 38 25 22 9 6 41 20 
24 13 10 39 42 21 8 5 
--
47 34 11 26 23 40 9 28 
12 25 46 35 10 27 22 39 
33 48 13 24 41 38 29 8 
14 3 36 45 30 19 42 21 
1 32 5 16 37 44 7 18 
4 15 2 31 6 17 20 43 
--
10 13 26 43 2 15 18 47 
25 42 11 14 27 48 3 16 
12 9 44 1 38 17 46 19 
41 24 39 28 45 36 33 4 
8 29 22 37 6 31 20 35 
23 40 7 30 21 34 5 32 
--
42 17 14 1 28 39 12 9 
15 2 43 40 13 10 27 38 
18 41 16 29 48 37 8 11 
3 32 35 44 21 24 47 26 
34 19 30 5 36 45 22 7 
31 4 33 20 23 6 25 46 
--
26 3 28 37 18 5 20 45 
29 38 25 4 47 44 17 6 
2 27 48 39 36 19 46 21 
33 30 11 24 43 40 7 16 
12 1 32 35 14 9 22 41 
31 34 13 10 23 42 15 8 
--
26 7 34 21 24 9 32 47 
35 20 25 8 33 48 23 10 
6 27 36 41 22 11 46 31 
19 42 17 28 45 40 1 12 
16 5 44 37 14 3 30 39 
43 18 15 4 29 38 13 2 
--
2 47 14 29 26 41 12 31 
15 28 1 46 13 30 25 42 
48 3 16 27 40 43 32 11 
17 6 45 36 33 22 39 24 
4 35 8 19 44 37 10 21 
7 18 5 34 9 20 23 38 
--
39 12 21 6 29 44 19 4 
22 7 40 37 20 5 30 43 
13 38 11 28 45 42 3 18 
8 23 36 41 16 27 48 31 
35 14 25 10 33 46 17 2 
24 9 34 15 26 1 32 47 
--
31 12 39 26 29 14 37 2 
40 25 30 13 38 1 28 15 
11 32 41 48 27 16 3 36 
24 45 22 33 42 47 6 17 
21 10 43 46 19 8 35 4 
44 23 20 9 34 5 18 7 
--
2 47 20 23 26 39 18 15 
21 24 1 46 19 16 27 40 
48 3 22 25 38 41 14 17 
9 6 45 34 31 28 37 42 
4 33 8 11 44 35 30 13 
7 10 5 32 29 12 43 36 
--
43 20 17 6 31 2 15 4 
18 7 44 39 16 5 32 1 
21 42 19 30 45 40 3 14 
8 29 38 41 24 13 48 33 
37 22 27 10 35 46 25 12 
28 9 36 23 26 11 34 47 
--
4 25 22 19 2 41 34 17 
23 20 3 44 35 18 1 40 
26 5 24 21 42 45 16 33 
11 8 43 36 29 32 39 48 
6 27 10 13 46 37 30 15 
9 12 7 28 31 14 47 38 
--
43 20 17 6 31 2 15 4 
18 7 44 39 16 5 32 1 
21 42 19 30 45 40 3 14 
8 29 38 41 24 13 48 33 
37 22 27 10 35 46 25 12 
28 9 36 23 26 11 34 47 
--
39 12 21 6 29 44 19 4 
22 7 40 37 20 5 30 43 
13 38 11 28 45 42 3 18 
8 23 36 41 16 27 48 31 
35 14 25 10 33 46 17 2 
24 9 34 15 26 1 32 47 
--
38 25 28 11 36 7 30 9 
27 12 37 34 29 10 21 6 
24 39 26 43 22 35 8 31 
13 44 23 48 33 18 5 20 
40 1 46 15 42 3 32 17 
45 14 41 2 47 16 19 4 
--
37 2 35 14 39 10 31 12 
34 15 38 1 32 13 24 9 
3 36 33 40 25 48 11 30 
16 41 18 47 44 29 8 23 
19 4 43 26 21 6 45 28 
42 17 20 5 46 27 22 7 
--
32 29 12 47 44 5 10 7 
13 46 31 38 11 8 43 4 
30 33 28 45 48 37 6 9 
17 14 39 36 25 22 3 42 
34 27 16 19 40 1 24 21 
15 18 35 26 23 20 41 2 
--
39 12 21 6 31 44 19 4 
22 7 40 37 20 5 30 43 
13 38 11 32 45 42 3 18 
8 23 36 41 16 27 48 29 
35 14 25 10 33 46 17 2 
24 9 34 15 26 1 28 47 
--
13 2 47 26 15 10 37 32 
48 25 14 11 40 33 16 9 
3 12 1 46 27 38 31 36 
24 45 22 39 34 41 8 17 
21 4 43 28 19 6 35 30 
44 23 20 5 42 29 18 7 
--
5 32 17 48 3 30 15 46 
18 41 4 31 16 47 2 29 
33 6 19 40 1 28 45 14 
20 9 42 35 44 25 38 27 
7 34 11 22 39 36 13 24 
10 21 8 43 12 23 26 37 
--
13 2 45 24 15 10 37 32 
44 25 14 11 48 33 16 9 
3 12 1 46 23 38 31 36 
26 43 22 39 34 47 8 17 
21 4 41 28 19 6 35 30 
42 27 20 5 40 29 18 7 
--
2 5 44 21 24 7 26 35 
43 20 3 6 41 34 23 8 
4 1 42 45 22 25 36 27 
19 46 17 30 33 40 9 12 
16 31 48 39 14 11 28 37 
47 18 15 32 29 38 13 10 
--
10 13 42 37 2 15 18 39 
43 32 11 14 41 38 3 16 
12 9 44 1 36 17 40 19 
33 48 31 28 45 22 25 4 
8 29 46 35 6 27 20 23 
47 34 7 30 21 24 5 26 
--
47 2 17 20 45 10 15 12 
18 21 46 1 16 13 30 9 
3 48 19 36 31 44 11 14 
22 37 24 43 40 35 8 29 
25 4 39 32 27 6 41 34 
38 23 26 5 42 33 28 7 
--
35 14 17 2 39 24 19 4 
16 1 36 23 18 3 38 25 
13 34 15 40 37 26 5 20 
48 41 30 33 22 45 8 27 
31 12 43 46 29 10 21 6 
42 47 32 11 44 7 28 9 
--
7 10 5 40 47 12 29 32 
4 41 8 11 34 31 46 13 
9 6 39 48 45 28 33 30 
42 3 22 25 38 35 14 17 
21 24 1 44 19 16 27 36 
2 43 20 23 26 37 18 15 
--
47 2 17 20 45 10 15 12 
18 21 46 1 16 13 30 9 
3 48 19 36 31 44 11 14 
22 37 24 43 40 35 8 29 
25 4 39 32 27 6 41 34 
38 23 26 5 42 33 28 7 
--
47 32 1 26 15 34 9 24 
2 17 46 33 10 25 14 35 
31 48 27 16 41 36 23 8 
18 3 42 45 28 11 38 13 
43 30 5 20 37 40 7 22 
4 19 44 29 6 21 12 39 
--
2 47 30 17 20 41 28 15 
31 18 1 46 29 16 21 42 
48 3 32 19 40 43 14 27 
9 6 45 36 33 24 39 22 
4 35 8 11 44 37 26 13 
7 10 5 34 25 12 23 38 
--
7 10 5 30 27 12 41 32 
4 25 8 11 44 31 28 13 
9 6 45 26 29 42 33 40 
24 3 22 43 48 37 14 17 
21 46 1 36 19 16 39 34 
2 23 20 47 38 35 18 15 
--
2 13 44 29 4 15 18 39 
43 30 3 14 37 40 5 16 
12 1 42 45 28 17 38 19 
31 46 11 22 41 36 27 6 
10 23 48 33 8 25 20 35 
47 32 9 24 21 34 7 26 
--
7 10 5 30 27 12 41 32 
4 25 8 11 44 31 28 13 
9 6 45 26 29 42 33 40 
24 3 22 43 48 37 14 17 
21 46 1 36 19 16 39 34 
2 23 20 47 38 35 18 15 
--
47 32 1 26 15 34 9 24 
2 17 46 33 10 25 14 35 
31 48 27 16 41 36 23 8 
18 3 42 45 28 11 38 13 
43 30 5 20 37 40 7 22 
4 19 44 29 6 21 12 39 
--
13 2 39 32 15 10 21 46 
40 31 14 11 38 45 16 9 
3 12 1 44 33 20 47 22 
30 41 28 25 48 37 8 17 
27 4 43 34 19 6 23 36 
42 29 26 5 24 35 18 7 
--
13 2 47 32 15 10 21 40 
48 31 14 11 38 41 16 9 
3 12 1 46 33 20 39 22 
30 45 28 25 42 37 8 17 
27 4 43 34 19 6 23 36 
44 29 26 5 24 35 18 7 
--
5 34 17 20 3 32 15 44 
18 21 4 33 16 43 2 31 
35 6 19 42 1 30 45 14 
22 9 48 37 46 27 40 29 
7 36 11 24 41 38 13 26 
10 23 8 47 12 25 28 39 
--
38 25 28 11 36 7 30 9 
27 12 37 34 29 10 21 6 
24 39 26 43 22 35 8 31 
13 44 23 48 33 18 5 20 
40 1 46 15 42 3 32 17 
45 14 41 2 47 16 19 4 
--
38 23 20 9 34 5 18 7 
21 10 37 44 19 8 35 4 
24 39 22 33 36 45 6 17 
11 32 43 40 27 16 3 48 
42 25 30 13 46 1 28 15 
31 12 41 26 29 14 47 2 
--
47 12 9 22 31 40 7 20 
10 23 48 37 8 21 30 39 
13 46 11 32 41 38 19 6 
24 1 36 45 16 27 42 29 
35 14 3 26 33 44 5 18 
2 25 34 15 4 17 28 43 
--
39 20 9 22 29 44 7 4 
10 23 40 37 8 5 30 43 
19 38 21 28 45 42 3 6 
24 11 36 41 16 27 48 31 
35 18 13 26 33 46 15 2 
12 25 34 17 14 1 32 47 
--
4 19 16 37 2 25 14 35 
17 42 3 26 15 36 1 24 
20 5 18 45 38 23 34 13 
41 8 43 22 27 46 31 48 
6 21 10 39 44 29 12 33 
9 40 7 28 11 32 47 30 
--
15 18 35 48 43 20 23 2 
34 45 16 19 36 1 42 21 
17 14 37 44 47 22 3 24 
38 33 46 29 26 41 6 9 
13 28 31 40 11 8 25 4 
32 39 12 27 30 5 10 7 
--
7 10 5 30 27 12 39 32 
4 25 8 11 40 31 28 13 
9 6 41 26 29 46 33 38 
24 3 22 47 44 37 14 17 
21 42 1 36 19 16 45 34 
2 23 20 43 48 35 18 15 
--
2 5 48 21 24 7 26 37 
47 20 3 6 45 38 23 8 
4 1 46 39 22 25 36 27 
19 42 17 30 33 44 9 12 
16 31 40 43 14 11 28 35 
41 18 15 32 29 34 13 10 
--
47 32 1 14 17 34 25 12 
2 15 46 33 26 13 18 35 
31 48 27 16 41 36 11 24 
6 3 42 45 28 21 38 19 
43 30 5 8 37 40 23 10 
4 7 44 29 22 9 20 39 
--
39 20 9 22 31 44 7 4 
10 23 40 37 8 5 30 43 
19 38 21 32 45 42 3 6 
24 11 36 41 16 27 48 29 
35 18 13 26 33 46 15 2 
12 25 34 17 14 1 28 47 
--
7 18 5 34 9 20 23 44 
4 35 8 19 46 43 10 21 
17 6 47 42 33 22 45 24 
36 3 16 27 48 41 32 11 
15 28 1 38 13 30 25 40 
2 37 14 29 26 39 12 31 
--
26 5 24 21 30 7 36 39 
23 20 27 6 35 38 29 8 
4 25 22 45 28 31 40 37 
19 46 17 34 1 44 9 12 
16 3 48 43 14 11 32 41 
47 18 15 2 33 42 13 10 
--
2 47 14 29 26 41 12 31 
15 28 1 46 13 30 25 40 
48 3 16 27 42 45 32 11 
17 6 43 36 33 22 39 24 
4 35 8 19 44 37 10 21 
7 18 5 34 9 20 23 38 
--
22 29 42 9 32 5 40 7 
43 10 21 30 41 8 19 4 
28 23 44 33 20 31 6 39 
11 34 27 48 45 16 3 18 
24 47 36 13 26 1 38 15 
35 12 25 46 37 14 17 2 
--
2 13 38 29 4 15 18 43 
39 30 3 14 37 44 5 16 
12 1 40 45 28 17 42 19 
31 46 11 22 41 36 27 6 
10 23 48 33 8 25 20 35 
47 32 9 24 21 34 7 26 
--
2 17 14 47 32 25 12 45 
15 40 1 26 13 46 33 24 
18 3 16 31 48 27 44 11 
39 6 41 20 43 34 23 28 
4 19 8 37 30 21 10 35 
7 38 5 42 9 36 29 22 
--
11 14 9 46 19 16 1 44 
8 29 12 15 48 45 20 17 
13 10 47 30 35 18 43 2 
28 7 34 39 42 23 36 21 
33 40 5 26 31 38 3 24 
6 27 32 41 4 25 22 37 
--
38 23 20 9 34 5 18 7 
21 10 37 44 19 8 35 4 
24 39 22 33 36 43 6 17 
11 32 45 42 27 16 3 48 
40 25 30 13 46 1 28 15 
31 12 41 26 29 14 47 2 
--
47 12 9 22 31 40 7 20 
10 23 48 37 8 21 30 39 
13 46 11 32 41 38 19 6 
24 1 36 45 16 27 42 29 
35 14 3 26 33 44 5 18 
2 25 34 15 4 17 28 43 
--
2 17 14 35 44 23 12 33 
15 36 1 24 13 34 43 22 
18 3 16 45 48 21 32 11 
37 6 39 20 25 46 29 42 
4 19 8 47 40 27 10 31 
7 38 5 26 9 30 41 28 
--
15 2 29 20 17 4 41 32 
28 21 16 3 44 31 18 5 
1 14 45 30 19 42 33 40 
24 27 22 43 46 37 6 9 
13 48 25 36 11 8 39 34 
26 23 12 47 38 35 10 7 
--
15 18 35 38 47 20 23 2 
34 39 16 19 36 1 46 21 
17 14 37 48 43 22 3 24 
40 33 42 29 26 45 6 9 
13 28 31 44 11 8 25 4 
32 41 12 27 30 5 10 7 
--
10 13 42 37 2 15 18 39 
43 32 11 14 41 38 3 16 
12 9 44 1 36 17 40 19 
33 48 31 28 45 22 25 4 
8 29 46 35 6 27 20 23 
47 34 7 30 21 24 5 26 
--
31 12 39 26 29 14 37 2 
40 25 30 13 38 1 28 15 
11 32 41 48 27 16 3 36 
24 45 22 33 42 47 6 17 
21 10 43 46 19 8 35 4 
44 23 20 9 34 5 18 7 
--
15 2 29 20 17 4 43 32 
28 21 16 3 44 31 18 5 
1 14 45 30 19 40 33 42 
24 27 22 39 46 37 6 9 
13 48 25 36 11 8 41 34 
26 23 12 47 38 35 10 7 
--
47 2 17 20 45 10 15 12 
18 21 46 1 16 13 30 9 
3 48 19 36 31 44 11 14 
22 37 24 43 40 35 8 29 
25 4 39 32 27 6 41 34 
38 23 26 5 42 33 28 7 
--
7 18 5 34 9 20 23 38 
4 35 8 19 40 37 10 21 
17 6 45 36 33 22 39 24 
48 3 16 27 44 41 32 11 
15 28 1 46 13 30 25 42 
2 47 14 29 26 43 12 31 
--
39 12 21 6 29 44 19 4 
22 7 40 37 20 5 30 43 
13 38 11 28 45 42 3 18 
8 23 36 41 16 27 48 31 
35 14 25 10 33 46 17 2 
24 9 34 15 26 1 32 47 
--
43 14 17 2 37 24 19 4 
16 1 44 23 18 3 36 25 
13 42 15 38 45 26 5 20 
48 39 30 33 22 35 8 27 
31 12 41 46 29 10 21 6 
40 47 32 11 34 7 28 9 
--
26 5 24 21 30 7 36 39 
23 20 27 6 35 38 29 8 
4 25 22 45 28 31 40 37 
19 46 17 34 1 44 9 12 
16 3 48 43 14 11 32 41 
47 18 15 2 33 42 13 10 
--
7 22 27 46 5 20 17 40 
28 47 6 21 26 41 4 19 
23 8 29 48 45 18 39 16 
30 11 44 25 42 33 36 3 
9 24 13 32 1 38 15 34 
12 31 10 43 14 35 2 37 
--
43 12 21 6 29 38 19 4 
22 7 44 37 20 5 30 39 
13 42 11 28 45 40 3 18 
8 23 36 41 16 27 48 31 
35 14 25 10 33 46 17 2 
24 9 34 15 26 1 32 47 
--
47 2 17 20 43 10 15 12 
18 21 46 1 16 13 30 9 
3 48 19 42 31 44 11 14 
22 41 24 45 38 35 8 29 
25 4 39 32 27 6 37 34 
40 23 26 5 36 33 28 7 
--
44 23 12 25 34 5 10 7 
13 26 43 40 11 8 35 4 
22 45 24 33 42 39 6 9 
27 14 41 48 19 32 3 36 
46 21 16 29 38 1 18 31 
15 28 47 20 17 30 37 2 
--
7 22 27 44 5 20 17 36 
28 45 6 21 26 37 4 19 
23 8 29 48 43 18 35 16 
30 11 46 25 38 1 42 3 
9 24 13 32 47 40 15 34 
12 31 10 39 14 33 2 41 
--
9 28 7 44 11 32 47 42 
6 21 10 29 46 43 12 31 
27 8 45 22 33 30 41 48 
20 5 26 37 40 15 34 13 
25 38 3 18 23 36 1 16 
4 19 24 39 2 17 14 35 
--
7 10 5 30 27 12 39 32 
4 25 8 11 40 31 28 13 
9 6 41 26 29 46 33 38 
24 3 22 47 44 37 14 17 
21 42 1 36 19 16 45 34 
2 23 20 43 48 35 18 15 
--
7 28 33 42 5 26 23 38 
34 41 6 27 32 39 4 25 
29 8 35 40 43 24 37 22 
14 11 48 31 36 19 44 3 
9 30 13 16 1 46 21 18 
12 15 10 47 20 17 2 45 
--
12 25 34 17 14 1 28 47 
35 18 13 26 33 46 15 2 
24 11 36 41 16 27 48 29 
19 38 21 32 45 42 3 6 
10 23 40 37 8 5 30 43 
39 20 9 22 31 44 7 4 
--
10 13 26 43 2 15 18 35 
25 48 11 14 27 34 3 16 
12 9 44 1 42 17 36 19 
45 24 47 28 37 40 33 4 
8 29 22 41 6 31 20 39 
23 46 7 30 21 38 5 32 
--
25 10 35 22 5 8 33 20 
36 47 24 9 34 21 4 7 
11 26 41 46 23 6 19 32 
42 37 48 29 40 45 16 3 
27 12 39 44 1 14 31 18 
38 43 28 13 30 17 2 15 
--
26 7 34 21 24 9 32 47 
35 20 25 8 33 48 23 10 
6 27 36 41 22 11 46 31 
19 38 17 28 45 42 1 12 
16 5 40 37 14 3 30 43 
39 18 15 4 29 44 13 2 
--
15 2 17 42 13 48 25 34 
18 37 14 1 28 35 12 47 
3 16 41 36 43 26 33 24 
38 19 6 27 32 29 46 11 
7 4 21 40 9 44 23 30 
20 39 8 5 22 31 10 45 
--
2 35 20 23 26 37 18 15 
21 24 1 36 19 16 27 38 
34 3 22 25 42 47 14 17 
9 6 43 48 31 28 39 46 
4 33 8 11 44 41 30 13 
7 10 5 32 29 12 45 40 
--
2 13 38 29 4 15 18 43 
39 30 3 14 37 44 5 16 
12 1 40 45 28 17 42 19 
31 46 11 22 41 36 27 6 
10 23 48 33 8 25 20 35 
47 32 9 24 21 34 7 26 
--
43 30 19 6 17 2 27 4 
20 7 44 35 28 5 16 1 
31 42 29 18 45 36 3 26 
8 21 38 41 34 13 48 15 
39 32 23 10 37 46 25 12 
22 9 40 33 24 11 14 47 
--
7 18 5 34 9 20 23 44 
4 35 8 19 46 43 10 21 
17 6 47 42 33 22 45 24 
36 3 16 27 48 41 32 11 
15 28 1 38 13 30 25 40 
2 37 14 29 26 39 12 31 
--
47 28 1 26 15 34 9 24 
2 17 46 33 10 25 14 35 
29 48 27 16 41 36 23 8 
18 3 42 45 32 11 38 13 
43 30 5 20 37 40 7 22 
4 19 44 31 6 21 12 39 
--
44 39 12 29 32 5 10 7 
13 30 43 38 11 8 33 4 
40 45 28 31 42 37 6 9 
17 14 41 48 25 22 3 34 
46 27 16 19 36 1 24 21 
15 18 47 26 23 20 35 2 
--
4 19 16 37 2 25 14 35 
17 42 3 26 15 36 1 24 
20 5 18 45 38 23 34 13 
41 8 43 22 27 46 31 48 
6 21 10 39 44 29 12 33 
9 40 7 28 11 32 47 30 
--
47 20 1 14 31 40 9 12 
2 15 46 37 10 13 30 39 
21 48 19 32 41 38 11 8 
16 3 36 45 24 27 42 29 
35 22 5 18 33 44 7 26 
4 17 34 23 6 25 28 43 
--
38 23 20 9 34 5 18 7 
21 10 37 44 19 8 35 4 
24 39 22 33 36 45 6 17 
11 32 43 40 27 16 3 48 
42 25 30 13 46 1 28 15 
31 12 41 26 29 14 47 2 
--
15 18 35 38 47 20 23 2 
34 39 16 19 36 1 46 21 
17 14 37 48 43 22 3 24 
40 33 42 29 26 45 6 9 
13 28 31 44 11 8 25 4 
32 41 12 27 30 5 10 7 
--
2 13 44 29 4 15 18 39 
43 30 3 14 37 40 5 16 
12 1 42 45 28 17 38 19 
31 46 11 22 41 36 27 6 
10 23 48 33 8 25 20 35 
47 32 9 24 21 34 7 26 
--
33 2 35 14 31 10 43 12 
36 15 32 47 42 13 24 9 
3 34 1 30 25 46 11 44 
16 37 26 41 48 21 8 23 
27 4 39 18 29 6 45 20 
38 17 28 5 40 19 22 7 
--
10 13 8 41 18 15 32 47 
7 28 11 14 33 48 19 16 
12 9 42 29 40 17 46 31 
27 6 25 34 1 30 39 20 
24 35 4 43 22 37 2 45 
5 26 23 36 3 44 21 38 
--
13 2 47 32 15 10 21 40 
48 31 14 11 38 41 16 9 
3 12 1 46 33 20 39 22 
30 45 28 25 42 37 8 17 
27 4 43 34 19 6 23 36 
44 29 26 5 24 35 18 7 
--
12 41 10 31 14 33 2 27 
9 24 13 42 1 26 15 34 
40 11 30 25 32 47 28 3 
23 8 43 48 29 18 35 16 
44 39 6 21 46 37 4 19 
7 22 45 38 5 20 17 36 
--
13 2 47 32 15 10 21 40 
48 31 14 11 38 41 16 9 
3 12 1 46 33 20 39 22 
30 45 28 25 42 37 8 17 
27 4 43 34 19 6 23 36 
44 29 26 5 24 35 18 7 
--
