--
27 6 25 50 29 8 43 58 67 
24 31 28 7 48 61 68 9 44 
5 26 49 30 51 42 57 66 59 
32 23 40 47 62 69 60 45 10 
19 4 33 52 41 46 63 56 65 
22 35 20 39 70 53 72 11 14 
3 18 37 34 1 16 13 64 55 
36 21 2 17 38 71 54 15 12 
--
35 58 39 12 37 64 51 14 17 
40 11 36 65 60 13 16 21 52 
57 34 59 38 63 50 71 18 15 
10 41 66 55 72 61 20 53 22 
33 56 31 62 49 54 1 70 19 
6 9 42 67 30 69 48 23 26 
43 32 7 4 45 28 25 2 47 
8 5 44 29 68 3 46 27 24 
--
12 43 32 45 14 51 2 47 16 
31 34 13 52 1 46 15 50 3 
42 11 44 33 62 39 68 17 48 
35 30 53 40 59 72 49 4 69 
10 41 36 61 38 63 70 67 18 
29 54 27 58 71 60 21 64 5 
26 9 56 37 24 7 66 19 22 
55 28 25 8 57 20 23 6 65 
--
24 61 10 39 22 67 8 37 20 
11 40 23 66 9 38 21 52 7 
60 25 62 41 70 55 68 19 36 
43 12 71 58 65 34 53 6 51 
26 59 42 63 54 69 56 35 18 
13 44 27 72 57 64 33 50 5 
28 1 46 15 30 3 48 17 32 
45 14 29 2 47 16 31 4 49 
--
11 52 69 32 13 48 1 30 15 
70 33 12 51 72 31 14 45 2 
53 10 71 68 47 62 49 16 29 
34 65 54 61 50 67 46 3 44 
9 60 35 66 63 56 43 28 17 
36 39 64 55 42 27 20 23 4 
59 8 41 38 57 6 25 18 21 
40 37 58 7 26 19 22 5 24 
--
9 46 21 62 7 44 19 58 5 
22 63 8 45 20 59 6 43 18 
47 10 65 68 61 52 55 4 57 
64 23 50 53 72 67 60 17 42 
11 48 69 66 51 54 71 56 3 
24 35 32 49 70 1 28 41 16 
33 12 37 26 31 14 39 2 29 
36 25 34 13 38 27 30 15 40 
--
34 71 40 11 32 55 28 9 30 
41 12 33 66 57 10 31 54 27 
72 35 70 39 60 65 56 29 8 
13 42 67 62 69 58 47 26 53 
36 1 38 59 46 61 64 7 22 
17 14 43 68 63 48 23 52 25 
2 37 16 19 4 45 50 21 6 
15 18 3 44 49 20 5 24 51 
--
14 17 56 33 52 19 50 29 26 
57 34 15 18 55 30 27 20 49 
16 13 60 53 32 51 68 25 28 
35 58 45 62 69 54 31 48 21 
12 61 36 59 46 67 22 1 24 
37 44 63 70 41 72 47 4 7 
64 11 42 39 66 9 6 23 2 
43 38 65 10 71 40 3 8 5 
--
54 41 36 13 64 51 20 15 18 
37 12 53 68 35 14 17 50 21 
42 55 40 63 52 65 48 19 16 
11 38 69 60 67 34 1 22 49 
56 43 62 39 72 47 66 33 2 
7 10 59 70 61 32 25 28 23 
44 57 8 5 46 71 30 3 26 
9 6 45 58 31 4 27 24 29 
--
2 53 4 55 16 69 30 57 14 
5 18 1 70 31 56 15 36 29 
52 3 54 17 72 37 68 13 58 
19 6 71 32 67 62 59 28 35 
22 51 20 63 38 65 34 61 12 
7 48 23 66 33 60 39 42 27 
50 21 46 9 64 25 44 11 40 
47 8 49 24 45 10 41 26 43 
--
32 7 30 27 34 9 70 49 46 
29 26 33 8 59 48 45 10 71 
6 31 28 35 42 69 60 47 50 
25 36 41 58 55 44 51 72 11 
40 5 56 43 68 1 54 61 52 
37 24 39 20 57 62 65 12 15 
4 19 22 67 2 17 14 53 64 
23 38 3 18 21 66 63 16 13 
--
20 55 24 3 22 53 10 5 8 
25 2 21 54 71 4 7 52 11 
56 19 72 23 64 49 70 9 6 
1 26 57 66 69 36 51 12 47 
18 67 42 63 50 65 48 35 38 
27 58 29 68 43 62 37 46 13 
30 17 60 41 32 15 44 39 34 
59 28 31 16 61 40 33 14 45 
--
24 5 32 37 22 3 56 47 20 
31 36 23 4 65 46 21 2 57 
6 25 38 33 40 55 64 19 48 
35 30 41 68 45 66 49 58 1 
26 7 34 39 50 69 54 63 18 
13 10 29 42 67 44 59 72 53 
8 27 12 15 60 51 70 17 62 
11 14 9 28 43 16 61 52 71 
--
24 5 22 19 26 7 52 39 36 
21 18 25 6 51 40 37 8 53 
4 23 20 27 42 59 54 35 38 
17 28 43 50 55 66 41 58 9 
44 3 46 71 60 57 62 67 34 
29 16 49 56 47 70 65 10 63 
2 45 14 31 72 61 12 33 68 
15 30 1 48 13 32 69 64 11 
--
16 37 2 51 14 35 32 69 12 
3 52 15 36 1 68 13 34 31 
38 17 50 47 64 33 72 11 70 
45 4 53 40 67 48 65 30 57 
18 39 46 49 54 63 56 71 10 
5 44 21 62 41 66 27 58 29 
22 19 42 7 24 55 60 9 26 
43 6 23 20 61 8 25 28 59 
--
61 12 69 64 29 14 27 42 31 
70 55 62 13 68 47 30 15 26 
11 60 65 72 63 28 41 32 43 
54 71 56 59 48 67 46 25 16 
57 10 53 66 1 40 49 44 33 
4 7 58 21 50 45 36 17 24 
9 52 5 2 39 22 19 34 37 
6 3 8 51 20 35 38 23 18 
--
13 16 45 54 21 18 3 38 23 
46 53 14 17 2 55 22 19 4 
15 12 69 44 63 20 39 24 37 
52 47 64 1 70 43 56 5 40 
11 72 51 68 57 62 41 36 25 
48 65 58 71 42 35 28 31 6 
59 10 67 50 61 8 33 26 29 
66 49 60 9 34 27 30 7 32 
--
62 13 22 27 64 15 20 43 40 
23 26 63 14 21 44 41 16 19 
12 61 24 65 28 57 18 39 42 
25 66 29 72 59 52 45 56 17 
30 11 60 51 70 1 58 47 38 
67 8 71 32 35 46 53 2 55 
10 31 6 69 50 33 4 37 48 
7 68 9 34 5 36 49 54 3 
--
12 67 32 39 14 57 2 37 16 
31 40 13 66 1 38 15 52 3 
68 11 72 33 56 63 58 17 36 
41 30 65 60 71 34 53 4 51 
10 69 42 55 64 59 62 35 18 
29 44 27 70 61 54 21 50 5 
26 9 46 43 24 7 48 19 22 
45 28 25 8 47 20 23 6 49 
--
18 31 56 47 16 29 62 45 14 
57 2 17 30 61 46 15 28 63 
32 19 60 55 48 69 64 13 44 
3 58 1 70 51 54 49 68 27 
20 33 52 59 72 65 26 43 12 
7 4 71 36 53 50 67 40 25 
34 21 6 9 66 23 38 11 42 
5 8 35 22 37 10 41 24 39 
--
40 37 14 57 2 35 16 69 4 
13 44 39 36 15 72 3 34 17 
38 41 56 1 58 33 68 5 70 
43 12 45 52 65 54 71 18 63 
28 51 42 55 32 59 64 67 6 
11 46 27 50 53 66 21 62 19 
26 29 48 9 24 31 60 7 22 
47 10 25 30 49 8 23 20 61 
--
42 59 36 13 40 53 6 11 8 
37 14 41 68 35 12 9 54 5 
60 43 58 39 56 69 52 7 10 
15 38 67 70 49 34 55 4 51 
44 61 48 57 72 65 50 33 24 
19 16 71 66 47 32 25 28 3 
62 45 18 21 64 1 30 23 26 
17 20 63 46 31 22 27 2 29 
--
15 18 27 54 71 20 25 66 39 
28 55 16 19 26 65 40 21 24 
17 14 53 72 51 70 23 38 67 
56 29 50 43 64 1 68 41 22 
13 44 57 52 69 42 63 2 37 
30 49 32 45 58 61 36 5 8 
33 12 47 60 35 10 7 62 3 
48 31 34 11 46 59 4 9 6 
--
15 46 3 42 17 40 5 34 19 
2 43 16 57 4 35 18 37 6 
47 14 45 68 41 56 39 20 33 
44 1 58 65 54 63 36 7 38 
13 48 69 62 67 52 55 32 21 
72 59 66 53 64 31 24 27 8 
49 12 61 70 51 10 29 22 25 
60 71 50 11 30 23 26 9 28 
--
11 52 61 32 13 48 1 30 15 
60 33 12 51 62 31 14 45 2 
53 10 59 64 47 72 49 16 29 
34 65 54 69 50 63 46 3 44 
9 58 41 66 71 68 43 28 17 
38 35 70 55 42 27 20 23 4 
57 8 37 40 67 6 25 18 21 
36 39 56 7 26 19 22 5 24 
--
23 62 27 6 25 56 43 8 11 
28 5 24 63 44 7 10 53 42 
61 22 45 26 57 68 55 12 9 
4 29 64 59 66 37 52 41 54 
21 60 19 46 69 58 67 36 13 
18 3 30 65 72 47 38 51 40 
31 20 1 16 33 70 49 14 35 
2 17 32 71 48 15 34 39 50 
--
34 37 62 19 32 21 30 17 14 
61 2 33 36 63 18 15 22 29 
38 35 60 67 20 31 54 13 16 
3 68 1 64 49 58 23 28 47 
72 39 66 59 24 55 48 53 12 
7 4 69 42 65 50 57 46 27 
40 71 6 9 56 25 44 11 52 
5 8 41 70 43 10 51 26 45 
--
14 41 2 69 16 39 4 33 18 
1 70 15 40 3 34 17 36 5 
42 13 72 57 68 51 38 19 32 
71 56 67 52 49 62 35 6 37 
12 43 60 63 58 47 50 31 20 
55 66 53 48 61 30 23 26 7 
44 11 64 59 46 9 28 21 24 
65 54 45 10 29 22 25 8 27 
--
17 70 29 60 15 46 27 48 13 
30 1 16 69 28 59 14 45 26 
71 18 67 40 61 56 47 12 49 
2 31 72 55 68 39 58 25 44 
19 66 41 62 57 54 43 50 11 
6 3 32 65 42 63 38 53 24 
33 20 5 8 35 22 51 10 37 
4 7 34 21 64 9 36 23 52 
--
36 33 8 67 48 31 6 27 50 
9 66 35 32 7 68 49 30 5 
34 37 64 55 70 47 28 51 26 
65 10 71 46 57 54 69 4 29 
38 59 56 63 72 45 52 25 16 
11 62 41 58 53 24 17 20 3 
42 39 60 13 44 1 22 15 18 
61 12 43 40 23 14 19 2 21 
--
63 42 35 12 33 54 29 10 31 
36 13 62 55 40 11 32 25 28 
43 64 41 34 53 60 27 30 9 
14 37 56 61 72 39 24 51 26 
57 44 65 38 59 52 69 8 23 
18 15 58 71 68 1 48 5 50 
45 66 17 20 47 70 3 22 7 
16 19 46 67 2 21 6 49 4 
--
18 23 62 71 20 59 8 3 6 
63 34 19 22 61 2 5 58 9 
24 17 72 55 70 21 60 7 4 
35 64 33 66 1 54 57 10 51 
16 25 36 69 56 67 52 47 42 
37 32 65 28 53 46 43 50 11 
26 15 30 39 68 13 48 41 44 
31 38 27 14 29 40 45 12 49 
--
13 16 43 20 67 18 41 38 65 
44 21 14 17 42 59 66 1 40 
15 12 45 68 19 72 39 64 37 
46 51 22 31 60 63 58 71 2 
11 30 47 52 69 32 61 36 57 
48 23 50 27 62 53 70 3 6 
29 10 25 54 33 8 5 56 35 
24 49 28 9 26 55 34 7 4 
--
31 12 39 44 29 14 27 58 63 
38 41 30 13 60 67 62 15 26 
11 32 45 40 43 28 59 64 57 
46 37 42 49 66 61 68 25 16 
33 10 47 52 1 50 65 56 69 
4 7 36 21 48 53 72 17 24 
9 34 5 2 51 22 19 70 55 
6 3 8 35 20 71 54 23 18 
--
65 6 23 20 59 8 25 28 57 
22 19 64 7 24 37 58 9 26 
5 66 21 60 63 70 27 56 29 
18 61 68 71 38 55 36 41 10 
67 4 49 62 69 40 53 30 35 
48 17 72 39 54 33 44 11 42 
3 50 15 46 1 52 13 34 31 
16 47 2 51 14 45 32 43 12 
--
6 23 66 57 8 21 12 51 10 
65 34 7 22 63 56 9 20 13 
24 5 64 67 58 71 52 11 50 
35 68 33 72 53 62 55 14 19 
4 25 36 61 70 59 18 49 42 
37 32 69 28 1 54 43 46 15 
26 3 30 39 60 17 48 41 44 
31 38 27 2 29 40 45 16 47 
--
71 38 1 16 67 52 35 14 11 
2 17 70 53 36 15 12 31 34 
39 72 37 66 51 68 33 10 13 
18 3 54 69 56 45 30 49 32 
63 40 61 44 65 50 57 28 9 
4 19 64 55 60 29 46 25 48 
41 62 21 6 43 58 23 8 27 
20 5 42 59 22 7 26 47 24 
--
66 31 8 35 68 47 6 37 60 
9 34 67 48 7 36 59 46 5 
30 65 32 63 58 69 44 61 38 
33 10 55 70 49 62 57 4 45 
54 29 64 41 56 43 72 39 16 
11 26 53 50 71 40 17 20 3 
28 51 24 13 42 1 22 15 18 
25 12 27 52 23 14 19 2 21 
--
34 65 52 11 32 61 28 9 30 
53 12 33 60 71 10 31 46 27 
64 35 66 51 62 49 70 29 8 
13 54 63 72 59 56 45 26 47 
36 67 58 55 50 69 48 7 22 
17 14 1 68 57 44 23 40 25 
2 37 16 19 4 39 42 21 6 
15 18 3 38 43 20 5 24 41 
--
2 63 16 19 4 25 50 21 6 
15 18 3 62 51 20 5 24 49 
64 1 70 17 26 61 52 7 22 
71 14 27 66 69 42 23 48 53 
28 65 72 43 60 57 68 41 8 
13 34 31 58 67 38 45 54 47 
32 29 36 11 44 59 56 9 40 
35 12 33 30 37 10 39 46 55 
--
61 20 67 18 59 38 57 2 5 
68 17 60 39 66 1 4 35 56 
21 62 19 72 37 58 49 6 3 
16 69 40 65 50 71 36 55 34 
41 22 63 70 45 48 51 28 7 
12 15 44 47 64 29 54 33 52 
23 42 13 10 25 46 31 8 27 
14 11 24 43 30 9 26 53 32 
--
9 36 7 34 11 60 63 32 57 
6 13 10 41 64 33 58 53 62 
37 8 35 12 59 66 61 56 31 
14 5 40 65 42 71 54 67 52 
17 38 15 70 1 68 51 30 55 
4 21 18 39 46 43 72 27 50 
19 16 23 2 69 48 25 44 29 
22 3 20 47 24 45 28 49 26 
--
5 8 33 30 55 10 35 38 57 
32 21 6 9 34 59 56 11 36 
7 4 31 60 29 54 37 58 39 
20 45 22 27 66 61 64 53 12 
3 26 67 44 49 28 71 40 63 
46 19 48 23 72 65 62 13 52 
25 2 17 68 43 50 15 70 41 
18 47 24 1 16 69 42 51 14 
--
2 5 32 21 30 7 26 45 24 
33 20 3 6 69 46 23 8 27 
4 1 70 31 22 29 54 25 44 
63 34 19 72 53 68 47 28 9 
18 71 62 67 48 55 52 43 50 
35 64 37 56 61 58 49 10 13 
38 17 66 59 40 15 12 51 42 
65 36 39 16 57 60 41 14 11 
--
18 39 56 47 20 37 8 3 6 
57 48 19 38 55 2 5 26 9 
40 17 58 65 46 21 36 7 4 
59 66 49 54 1 64 25 10 27 
16 41 72 63 50 45 22 35 24 
67 60 53 44 71 32 51 28 11 
42 15 62 69 52 13 30 23 34 
61 68 43 14 31 70 33 12 29 
--
23 48 27 10 25 62 43 8 5 
28 11 24 63 44 9 6 57 42 
47 22 49 26 59 68 61 4 7 
12 29 64 45 66 37 58 41 56 
21 46 19 50 69 60 67 36 3 
16 13 30 65 72 51 38 55 40 
31 20 15 18 33 70 53 2 35 
14 17 32 71 52 1 34 39 54 
--
37 14 49 58 39 16 41 52 55 
48 33 38 15 50 57 54 17 42 
13 36 59 66 71 40 51 56 53 
32 47 34 45 60 65 72 43 18 
35 12 31 70 67 44 29 64 1 
6 9 46 23 30 61 68 19 28 
11 24 7 4 69 26 21 2 63 
8 5 10 25 22 3 62 27 20 
--
61 12 27 30 71 10 25 22 69 
28 31 62 11 26 57 70 9 24 
13 60 29 72 55 64 23 68 21 
32 45 38 63 58 67 56 53 8 
39 14 59 46 1 54 65 20 51 
44 33 42 37 66 47 52 7 4 
15 40 35 48 17 2 5 50 19 
34 43 16 41 36 49 18 3 6 
--
8 21 48 57 10 19 14 55 12 
49 32 9 20 63 56 11 18 15 
22 7 58 47 68 17 62 13 54 
33 50 31 66 59 64 69 16 61 
6 23 34 51 46 67 60 53 40 
35 30 45 26 65 52 41 70 1 
24 5 28 37 44 3 72 39 42 
29 36 25 4 27 38 43 2 71 
--
12 15 72 35 40 17 2 49 42 
71 32 13 16 1 50 41 18 3 
14 11 34 69 36 39 52 43 48 
33 70 31 38 51 60 47 4 19 
10 27 68 57 64 37 44 53 46 
67 30 65 24 61 56 59 20 5 
26 9 28 63 58 7 22 45 54 
29 66 25 8 23 62 55 6 21 
--
16 69 4 63 18 51 6 49 20 
3 62 17 68 5 64 19 52 7 
70 15 72 59 56 53 50 21 48 
61 2 67 54 65 46 57 8 43 
14 71 60 1 58 55 44 47 22 
33 36 31 66 45 38 25 42 9 
30 13 34 37 28 11 40 23 26 
35 32 29 12 39 24 27 10 41 
--
31 4 29 24 33 2 69 22 19 
28 25 32 3 70 23 20 1 68 
5 30 27 34 37 72 67 18 21 
26 35 38 71 42 59 46 65 54 
39 6 41 36 47 66 53 60 17 
12 9 48 43 58 45 64 55 52 
7 40 11 14 63 50 57 16 61 
10 13 8 49 44 15 62 51 56 
--
15 50 27 66 13 48 25 44 11 
28 67 14 49 26 65 12 47 24 
51 16 71 68 63 58 45 10 43 
72 29 56 53 70 61 64 23 46 
17 52 69 62 57 54 59 42 9 
4 1 30 55 60 41 34 37 22 
31 18 3 6 33 20 39 8 35 
2 5 32 19 40 7 36 21 38 
--
7 4 59 56 19 2 17 70 21 
58 39 6 3 60 69 20 1 16 
5 8 57 62 55 18 67 22 71 
40 63 38 47 68 61 72 15 26 
9 34 41 64 49 54 25 66 23 
42 37 48 31 46 65 50 27 14 
33 10 35 44 53 12 29 24 51 
36 43 32 11 30 45 52 13 28 
--
49 6 21 26 37 4 19 16 39 
22 25 48 5 20 27 38 3 18 
7 50 23 46 65 36 17 40 15 
24 47 58 71 28 45 66 35 2 
51 8 55 64 57 70 1 14 41 
54 59 52 29 72 63 44 67 34 
9 30 61 56 11 32 69 42 13 
60 53 10 31 62 43 12 33 68 
--
5 30 35 20 7 26 61 22 9 
34 19 6 31 62 21 8 25 60 
29 4 33 36 27 66 59 10 23 
18 37 28 63 32 53 24 65 58 
3 44 17 48 71 64 67 52 11 
16 41 38 45 54 47 70 57 68 
39 2 43 14 49 72 55 12 51 
42 15 40 1 46 13 50 69 56 
--
40 5 20 23 38 3 18 15 36 
21 24 39 4 19 54 37 2 17 
6 41 22 57 52 65 16 35 14 
25 46 51 68 55 58 53 64 1 
42 7 56 47 60 69 66 13 34 
29 26 45 50 67 48 59 72 63 
8 43 28 31 10 61 70 33 12 
27 30 9 44 49 32 11 62 71 
--
66 57 28 11 26 63 40 9 24 
29 12 65 68 41 10 25 46 39 
58 67 56 27 64 47 62 23 8 
13 30 59 72 69 42 45 38 49 
32 1 70 55 44 61 48 7 22 
17 14 31 60 71 54 43 50 37 
2 33 16 19 4 35 52 21 6 
15 18 3 34 53 20 5 36 51 
--
6 69 4 11 8 61 50 13 16 
3 10 7 68 59 12 15 42 51 
70 5 72 9 62 49 60 17 14 
25 2 63 58 67 34 41 52 43 
64 71 24 1 48 53 44 33 18 
23 26 57 66 45 30 35 40 37 
56 65 28 21 54 47 38 19 32 
27 22 55 46 29 20 31 36 39 
--
20 39 24 3 22 47 10 5 8 
25 2 21 48 37 4 7 44 11 
40 19 38 23 54 43 46 9 6 
1 26 49 42 69 36 53 12 45 
18 41 72 55 50 61 68 35 52 
27 56 29 60 65 70 51 62 13 
30 17 58 71 32 15 64 67 34 
57 28 31 16 59 66 33 14 63 
--
12 15 32 71 30 17 2 21 24 
33 56 13 16 1 70 23 18 3 
14 11 72 31 66 29 20 25 22 
57 34 55 48 59 44 69 4 19 
10 49 58 67 54 65 28 43 26 
35 52 37 60 47 68 45 64 5 
38 9 50 53 40 7 62 27 42 
51 36 39 8 61 46 41 6 63 
--
22 3 20 15 24 31 28 13 26 
19 16 23 2 49 14 25 32 29 
4 21 18 67 44 47 30 27 12 
17 68 63 48 1 50 43 46 33 
64 5 72 59 66 45 40 11 42 
69 62 65 56 53 58 51 34 37 
6 55 60 71 8 39 36 41 10 
61 70 7 54 57 52 9 38 35 
--
29 32 39 12 59 34 37 14 65 
40 11 30 33 38 13 66 1 36 
31 28 41 60 67 58 35 64 15 
10 61 68 49 42 63 72 57 2 
27 44 25 62 69 48 53 16 71 
24 9 50 43 52 19 70 3 56 
45 26 7 22 47 54 5 20 17 
8 23 46 51 6 21 18 55 4 
--
36 5 46 17 34 3 30 15 32 
45 18 35 4 53 16 33 2 29 
6 37 54 47 62 1 28 31 14 
19 44 63 52 71 56 61 68 27 
38 7 48 55 64 69 72 13 58 
43 20 41 70 51 60 57 26 67 
8 39 22 49 10 65 24 59 12 
21 42 9 40 23 50 11 66 25 
--
12 47 72 49 14 39 2 31 16 
71 66 13 38 1 32 15 34 3 
46 11 48 69 50 37 40 17 30 
67 70 65 52 41 54 33 4 35 
10 45 68 55 64 51 36 29 18 
59 62 57 42 53 28 21 24 5 
44 9 60 63 56 7 26 19 22 
61 58 43 8 27 20 23 6 25 
--
6 9 32 29 54 11 34 37 52 
31 28 7 10 33 50 53 12 35 
8 5 30 55 62 65 36 51 38 
27 56 47 72 49 58 61 64 13 
4 71 26 57 66 63 20 39 60 
25 46 67 48 1 42 59 14 17 
70 3 44 23 68 19 16 21 40 
45 24 69 2 43 22 41 18 15 
--
65 20 33 16 63 58 31 14 47 
34 17 64 59 32 15 48 53 30 
21 66 19 62 55 68 57 46 13 
18 35 70 67 60 49 54 29 52 
71 22 61 42 69 56 51 12 45 
36 3 72 23 50 41 44 9 28 
1 24 5 38 43 26 7 40 11 
4 37 2 25 6 39 10 27 8 
--
65 56 47 10 51 22 3 8 5 
48 11 66 53 46 9 6 21 2 
57 64 55 50 71 52 23 4 7 
12 49 62 67 54 45 28 1 20 
63 58 35 70 43 72 39 24 29 
34 13 68 61 38 27 44 19 40 
59 36 15 32 69 42 17 30 25 
14 33 60 37 16 31 26 41 18 
--
4 61 6 21 2 45 68 19 16 
7 22 3 66 51 20 17 42 69 
62 5 60 1 46 67 44 15 18 
23 8 65 50 59 52 41 70 43 
26 63 24 47 72 49 58 39 14 
9 30 27 64 53 40 71 36 57 
28 25 32 11 48 55 34 13 38 
31 10 29 54 33 12 37 56 35 
--
28 59 36 11 26 55 48 9 24 
35 12 27 58 41 10 25 54 47 
60 29 72 37 68 49 56 23 8 
13 34 61 40 57 42 69 46 53 
30 1 38 71 50 67 52 7 22 
17 14 33 62 39 70 43 66 45 
2 31 16 19 4 51 64 21 6 
15 18 3 32 63 20 5 44 65 
--
9 12 7 26 39 14 41 36 65 
6 25 10 13 44 37 64 15 42 
11 8 27 38 61 40 43 66 35 
24 5 48 45 58 63 60 51 16 
47 28 57 62 1 50 67 34 71 
4 23 46 49 68 59 72 17 52 
29 56 21 2 31 54 19 70 33 
22 3 30 55 20 69 32 53 18 
--
12 63 14 19 10 43 40 21 8 
15 18 11 64 41 20 9 24 39 
62 13 68 17 44 55 42 7 22 
67 16 61 58 65 34 23 38 25 
50 59 66 69 54 45 56 33 6 
1 70 49 60 57 30 35 26 37 
48 51 72 3 46 53 28 5 32 
71 2 47 52 29 4 31 36 27 
--
19 56 5 34 17 54 3 32 15 
6 35 18 55 4 33 16 51 2 
57 20 71 44 53 64 1 14 31 
36 7 58 69 72 43 52 63 50 
21 70 45 42 59 68 65 30 13 
8 37 24 67 46 41 60 49 62 
25 22 39 10 27 66 47 12 29 
38 9 26 23 40 11 28 61 48 
--
8 11 42 51 40 13 66 49 38 
43 28 9 12 65 50 39 14 67 
10 7 54 41 52 63 68 37 48 
29 44 27 64 55 60 47 72 15 
6 23 30 53 46 69 62 59 36 
31 26 45 20 61 56 71 16 1 
22 5 24 33 70 3 18 35 58 
25 32 21 4 19 34 57 2 17 
--
25 6 23 20 27 8 67 44 63 
22 19 26 7 70 45 64 9 68 
5 24 21 28 37 66 69 62 43 
18 29 36 71 46 61 48 65 10 
35 4 33 38 57 72 55 42 49 
30 17 58 1 60 47 52 11 54 
3 34 15 32 39 56 13 50 41 
16 31 2 59 14 51 40 53 12 
--
68 37 34 13 66 61 32 11 8 
35 14 67 62 33 12 9 28 31 
38 69 36 55 60 65 30 7 10 
15 44 57 70 63 54 27 52 29 
46 39 72 43 56 59 64 25 6 
1 16 45 58 71 26 53 22 51 
40 47 18 3 42 49 20 5 24 
17 2 41 48 19 4 23 50 21 
--
17 2 43 60 19 4 21 48 25 
42 53 18 3 44 59 24 5 22 
1 16 71 52 61 20 47 26 49 
54 41 62 45 70 51 58 23 6 
15 72 55 66 57 46 29 50 27 
40 63 38 69 30 67 32 7 10 
37 14 65 56 35 12 9 28 33 
64 39 36 13 68 31 34 11 8 
--
13 34 47 66 15 36 3 62 17 
46 55 14 35 2 67 16 37 4 
33 12 65 48 69 40 63 18 61 
56 45 54 1 64 49 68 5 38 
11 32 57 70 41 72 39 60 19 
44 53 42 29 50 59 22 25 6 
31 10 51 58 71 8 27 20 23 
52 43 30 9 28 21 24 7 26 
--
31 10 29 46 33 12 59 44 63 
28 25 32 11 70 45 64 13 58 
9 30 27 34 47 60 69 62 43 
26 35 24 71 68 65 50 57 14 
23 8 67 48 55 72 61 42 51 
36 5 38 1 66 49 56 15 18 
7 22 3 54 39 20 17 52 41 
4 37 6 21 2 53 40 19 16 
--
30 55 38 11 28 61 52 9 26 
39 12 29 66 53 10 27 64 51 
56 31 54 37 60 65 62 25 8 
13 40 71 58 67 46 23 50 63 
32 57 36 45 70 59 68 7 24 
17 14 41 72 35 22 47 4 49 
42 33 16 19 44 69 2 21 6 
15 18 43 34 1 20 5 48 3 
--
28 7 36 61 26 9 24 57 54 
35 44 27 8 37 62 55 10 23 
6 29 60 47 72 25 58 53 56 
45 34 43 38 59 70 63 22 11 
30 5 46 71 48 1 52 69 64 
33 42 31 16 39 68 65 12 21 
4 17 40 49 2 19 14 51 66 
41 32 3 18 15 50 67 20 13 
--
35 64 47 12 33 62 29 10 31 
48 13 34 63 46 11 32 25 28 
65 36 71 50 61 54 27 30 9 
14 49 66 57 72 45 24 43 26 
37 70 51 60 55 58 53 8 23 
18 15 56 67 52 1 44 5 42 
69 38 17 20 59 40 3 22 7 
16 19 68 39 2 21 6 41 4 
--
11 52 69 32 13 48 1 30 15 
70 33 12 51 72 31 14 45 2 
53 10 71 68 47 62 49 16 29 
34 65 54 61 50 67 46 3 44 
9 60 41 66 63 56 43 28 17 
38 35 64 55 42 27 20 23 4 
59 8 37 40 57 6 25 18 21 
36 39 58 7 26 19 22 5 24 
--
36 31 28 11 38 23 26 9 54 
29 12 37 34 27 10 53 22 25 
32 35 30 39 58 71 24 55 8 
13 40 33 72 61 56 63 52 21 
46 1 44 57 64 59 70 7 66 
41 14 47 60 69 62 65 20 51 
2 45 16 43 4 49 18 67 6 
15 42 3 48 17 68 5 50 19 
--
29 52 41 12 27 70 39 10 25 
42 13 28 71 40 11 26 65 38 
51 30 53 44 69 64 61 24 9 
14 43 50 59 72 47 66 37 62 
31 54 45 68 49 60 63 8 23 
18 15 58 1 46 67 48 5 36 
55 32 17 20 57 34 3 22 7 
16 19 56 33 2 21 6 35 4 
--
32 51 60 11 30 23 26 9 28 
61 12 31 50 59 10 29 22 25 
52 33 62 69 42 49 24 27 8 
13 70 53 56 65 58 43 40 21 
34 55 66 63 68 41 48 7 44 
71 14 1 54 57 64 45 20 39 
2 35 16 67 4 37 18 47 6 
15 72 3 36 17 46 5 38 19 
--
58 61 56 15 38 63 44 13 36 
55 16 59 62 67 14 37 32 43 
60 57 70 39 64 45 68 35 12 
17 54 47 66 69 40 33 42 31 
48 71 28 53 46 65 30 11 34 
27 18 49 72 29 22 41 8 5 
50 1 20 25 52 3 6 23 10 
19 26 51 2 21 24 9 4 7 
--
48 61 8 23 46 41 6 21 18 
9 24 47 62 7 22 19 34 5 
60 49 64 45 42 57 40 17 20 
25 10 59 70 63 44 35 4 33 
50 65 52 43 58 69 56 39 16 
11 26 71 68 53 36 1 32 3 
66 51 28 13 72 55 30 15 38 
27 12 67 54 29 14 37 2 31 
--
41 14 33 60 67 16 31 28 71 
34 57 42 15 32 61 70 17 30 
13 40 59 68 55 66 29 72 27 
58 35 56 43 62 69 54 51 18 
39 12 63 36 53 44 65 26 1 
6 9 38 45 64 23 52 19 50 
11 46 7 4 37 48 21 2 25 
8 5 10 47 22 3 24 49 20 
--
2 49 16 19 4 69 46 21 6 
15 18 3 72 47 20 5 70 45 
50 1 48 17 68 71 62 7 22 
31 14 65 52 63 40 67 44 57 
34 51 32 39 66 61 56 23 8 
13 30 35 64 53 26 41 58 43 
36 33 28 11 38 55 60 9 24 
29 12 37 54 27 10 25 42 59 
--
17 24 55 40 19 22 7 2 5 
56 41 18 23 54 1 4 21 8 
25 16 57 68 39 20 53 6 3 
58 65 42 47 72 67 38 9 34 
15 26 69 66 43 48 35 52 37 
62 59 64 29 46 71 44 33 10 
27 14 61 70 49 12 31 36 51 
60 63 28 13 30 45 50 11 32 
--
53 70 11 32 55 68 9 30 27 
12 33 54 69 10 31 28 67 8 
71 52 61 56 63 66 47 26 29 
34 13 72 51 60 45 64 7 42 
1 50 57 62 65 48 43 46 25 
14 35 16 49 44 59 22 41 6 
17 2 37 58 19 4 39 24 21 
36 15 18 3 38 23 20 5 40 
--
40 5 20 23 38 3 18 15 36 
21 24 39 4 19 54 37 2 17 
6 41 22 55 60 71 16 35 14 
25 46 59 62 57 64 53 70 1 
42 7 56 47 66 61 72 13 34 
29 26 45 58 63 48 65 52 69 
8 43 28 31 10 67 50 33 12 
27 30 9 44 49 32 11 68 51 
--
63 26 35 8 61 28 33 10 47 
36 7 62 27 34 9 46 29 32 
25 64 37 66 51 60 31 48 11 
6 67 24 59 38 53 50 45 30 
23 40 65 52 71 44 57 12 49 
68 5 70 39 58 1 54 15 18 
41 22 3 72 43 20 17 56 13 
4 69 42 21 2 55 14 19 16 
--
64 59 50 9 68 37 16 11 14 
51 8 63 70 49 10 13 36 17 
60 65 58 67 40 69 38 15 12 
7 52 71 62 57 48 41 18 35 
24 61 66 53 72 39 46 31 42 
3 6 25 56 47 54 43 34 19 
26 23 4 1 28 21 32 45 30 
5 2 27 22 55 44 29 20 33 
--
36 19 38 5 34 17 62 3 32 
39 6 35 18 63 4 33 16 61 
20 37 40 51 42 71 66 31 2 
7 50 43 64 67 56 1 60 15 
44 21 52 41 72 65 70 27 30 
49 8 47 68 55 28 57 14 59 
22 45 10 53 24 69 12 29 26 
9 48 23 46 11 54 25 58 13 
--
14 21 48 57 16 19 4 55 2 
49 32 15 20 63 56 1 18 5 
22 13 58 47 72 17 62 3 54 
33 50 31 66 59 64 71 6 61 
12 23 34 51 46 67 60 53 40 
35 30 45 26 65 52 41 70 7 
24 11 28 37 44 9 68 39 42 
29 36 25 10 27 38 43 8 69 
--
5 2 7 38 19 36 59 40 17 
8 21 4 1 70 39 18 35 58 
3 6 71 20 37 60 69 16 41 
22 9 26 67 72 53 42 57 34 
25 66 23 52 43 68 61 50 15 
10 27 44 65 62 51 54 33 56 
45 24 29 12 47 64 31 14 49 
28 11 46 63 30 13 48 55 32 
--
7 4 9 24 21 2 49 26 19 
10 23 6 3 50 25 20 1 48 
5 8 51 22 29 72 47 18 27 
34 11 30 69 66 53 28 71 46 
31 68 33 52 61 70 65 42 17 
12 35 56 67 54 39 60 45 64 
57 32 37 14 59 62 43 16 41 
36 13 58 55 38 15 40 63 44 
--
71 30 1 16 69 28 47 14 11 
2 17 70 29 48 15 12 27 46 
31 72 43 64 41 68 45 10 13 
18 3 56 67 44 49 40 53 26 
57 32 63 42 65 54 61 38 9 
4 19 66 55 62 39 50 25 52 
33 58 21 6 35 60 23 8 37 
20 5 34 59 22 7 36 51 24 
--
45 24 5 20 47 38 3 18 15 
6 21 46 37 4 19 16 39 2 
25 44 23 48 51 62 1 14 17 
22 7 36 71 42 49 52 61 40 
35 26 43 50 63 72 41 54 13 
8 29 64 33 70 53 58 67 60 
27 34 31 10 57 66 69 12 55 
30 9 28 65 32 11 56 59 68 
--
14 43 26 57 16 41 20 39 18 
27 56 15 42 25 58 17 2 21 
44 13 54 63 52 1 40 19 38 
55 28 51 24 69 62 59 22 3 
12 45 70 53 64 23 72 37 60 
29 50 31 46 71 68 61 4 7 
32 11 48 65 34 9 6 67 36 
49 30 33 10 47 66 35 8 5 
--
6 9 4 67 54 11 34 31 56 
3 68 7 10 35 66 55 12 33 
8 5 36 65 72 53 32 57 30 
37 2 69 50 45 64 71 52 13 
22 49 44 1 70 51 58 29 62 
41 38 23 48 59 46 63 14 17 
24 21 40 43 26 19 16 61 28 
39 42 25 20 47 60 27 18 15 
--
27 52 29 10 25 50 61 8 23 
30 11 26 51 70 9 24 47 60 
53 28 69 32 49 62 67 22 7 
12 31 54 71 68 39 48 59 46 
35 72 33 40 55 66 63 6 21 
16 13 36 65 38 41 56 45 58 
1 34 15 18 3 64 43 20 5 
14 17 2 37 42 19 4 57 44 
--
35 32 29 12 59 24 27 10 55 
30 13 34 37 28 11 54 23 26 
33 36 31 58 47 60 25 56 9 
14 45 38 1 70 57 64 53 22 
39 2 71 46 61 48 69 8 63 
44 15 42 49 72 65 62 21 52 
3 40 17 66 5 50 19 68 7 
16 43 4 41 18 67 6 51 20 
--
20 55 24 3 22 53 10 5 8 
25 2 21 54 67 4 7 52 11 
56 19 72 23 64 49 66 9 6 
1 26 57 68 71 36 51 12 47 
18 69 42 63 50 65 48 35 38 
27 58 29 70 43 62 37 46 13 
30 17 60 41 32 15 44 39 34 
59 28 31 16 61 40 33 14 45 
--
31 10 63 50 29 12 27 48 45 
62 35 30 11 66 49 46 13 26 
9 32 61 64 51 28 59 44 47 
36 71 34 67 60 65 52 25 14 
33 8 37 70 53 68 41 58 43 
2 5 72 19 40 57 54 15 24 
7 20 3 38 69 22 17 42 55 
4 1 6 21 18 39 56 23 16 
--
5 8 47 42 31 10 29 40 33 
46 43 6 9 48 41 32 11 28 
7 4 45 70 67 30 57 34 39 
44 71 68 49 58 65 38 27 12 
3 22 59 66 69 56 35 64 37 
60 19 72 23 50 63 52 13 26 
21 2 17 62 55 24 15 36 53 
18 61 20 1 16 51 54 25 14 
--
25 6 23 20 27 8 43 52 55 
22 19 26 7 44 57 54 9 42 
5 24 21 28 65 46 51 56 53 
18 29 48 45 58 71 64 41 10 
35 4 33 66 47 50 59 70 63 
30 17 36 49 60 67 72 11 40 
3 34 15 32 1 38 13 62 69 
16 31 2 37 14 61 68 39 12 
--
16 45 18 47 14 71 32 49 12 
19 22 15 70 31 48 13 66 33 
44 17 46 21 72 65 58 11 50 
23 20 69 64 59 30 67 34 57 
26 43 24 1 68 63 60 51 10 
5 2 27 62 29 52 37 56 35 
42 25 4 7 40 61 54 9 38 
3 6 41 28 53 8 39 36 55 
--
62 19 60 17 64 39 68 3 6 
59 16 63 40 69 2 5 36 67 
20 61 18 57 38 65 72 7 4 
15 58 41 70 1 54 37 66 35 
42 21 14 53 56 71 48 31 8 
13 24 51 44 49 28 55 34 47 
22 43 26 11 52 45 32 9 30 
25 12 23 50 27 10 29 46 33 
--
16 55 14 57 18 65 50 1 4 
13 20 17 66 51 58 3 64 49 
54 15 56 19 68 61 72 5 2 
21 12 67 52 71 42 59 48 63 
24 53 22 39 60 69 62 37 6 
11 28 25 70 43 38 41 34 47 
26 23 30 9 40 45 32 7 36 
29 10 27 44 31 8 35 46 33 
--
35 48 37 10 33 60 69 8 5 
38 11 34 61 64 9 6 57 68 
47 36 49 32 59 70 63 4 7 
12 39 46 65 62 31 58 67 56 
45 50 27 40 71 66 55 22 3 
26 13 44 51 30 23 72 19 54 
43 28 15 24 41 52 17 2 21 
14 25 42 29 16 1 20 53 18 
--
67 34 11 38 61 50 9 40 55 
12 37 68 51 10 39 56 49 8 
33 66 35 60 69 62 47 54 41 
36 13 72 63 52 57 70 7 48 
65 32 59 44 71 46 53 42 19 
14 29 64 1 58 43 20 23 6 
31 2 27 16 45 4 25 18 21 
28 15 30 3 26 17 22 5 24 
--
57 8 39 24 55 10 37 32 53 
40 21 56 9 38 65 54 11 36 
7 58 23 64 25 60 33 52 31 
22 41 20 59 68 63 66 35 12 
19 6 69 26 61 34 49 30 51 
42 3 44 17 72 67 62 13 48 
5 18 1 70 27 46 15 50 29 
2 43 4 45 16 71 28 47 14 
--
14 59 36 45 16 1 70 43 18 
35 46 15 60 71 44 17 2 69 
58 13 62 37 56 67 72 19 42 
47 34 57 66 61 54 41 68 3 
12 63 38 55 40 65 22 53 20 
33 48 31 64 23 52 25 4 7 
30 11 50 39 28 9 6 21 26 
49 32 29 10 51 24 27 8 5 
--
28 59 34 11 26 63 56 9 24 
35 12 27 64 57 10 25 48 55 
60 29 58 33 62 69 66 23 8 
13 36 61 68 65 40 47 54 49 
30 1 32 41 70 67 50 7 22 
17 14 37 72 39 42 53 46 51 
2 31 16 19 4 71 44 21 6 
15 18 3 38 43 20 5 52 45 
--
11 52 69 32 13 48 1 30 15 
70 33 12 51 72 31 14 45 2 
53 10 71 68 47 62 49 16 29 
34 65 54 61 50 67 46 3 44 
9 60 41 66 63 56 43 28 17 
38 35 64 55 42 27 20 23 4 
59 8 37 40 57 6 25 18 21 
36 39 58 7 26 19 22 5 24 
--
12 69 32 35 14 43 2 37 16 
31 34 13 68 1 36 15 46 3 
70 11 72 33 42 55 44 17 38 
63 30 67 52 65 40 47 4 45 
10 71 64 41 56 51 54 39 18 
29 62 27 66 53 58 21 48 5 
26 9 60 57 24 7 50 19 22 
61 28 25 8 59 20 23 6 49 
--
64 31 28 13 70 45 6 11 8 
29 14 65 52 27 12 9 42 5 
32 63 30 71 46 69 44 7 10 
15 66 51 68 53 26 41 4 43 
50 33 62 37 72 47 54 25 40 
61 16 67 48 57 38 1 22 3 
34 49 18 59 36 55 20 39 24 
17 60 35 56 19 58 23 2 21 
--
