--
41 36 33 10 13 16 31 
34 9 40 29 32 11 14 
37 42 35 12 15 30 17 
8 23 20 39 28 1 4 
21 38 25 6 3 18 27 
24 7 22 19 26 5 2 
--
2 5 18 27 34 7 16 
19 42 3 6 17 26 33 
4 1 28 35 32 15 8 
29 20 41 12 23 36 25 
40 11 22 31 38 9 14 
21 30 39 10 13 24 37 
--
30 21 4 15 38 27 2 
5 16 31 28 3 14 37 
22 29 20 39 36 1 26 
17 6 35 32 11 42 13 
34 23 8 19 40 25 10 
7 18 33 24 9 12 41 
--
13 32 29 4 11 40 23 
30 3 12 39 24 5 10 
33 14 31 28 9 22 41 
2 17 38 35 42 25 6 
15 34 19 8 27 36 21 
18 1 16 37 20 7 26 
--
