--
7 10 35 102 39 12 37 68 19 14 17 
34 99 8 11 36 101 40 13 16 67 20 
9 6 103 100 95 38 71 86 69 18 15 
110 33 98 89 104 87 96 41 72 21 66 
5 90 109 106 97 94 85 70 79 42 73 
32 107 56 91 88 105 60 83 74 65 22 
57 4 51 108 59 84 93 80 61 78 43 
50 31 58 55 92 27 46 75 82 23 64 
3 52 29 48 1 54 81 62 25 44 77 
30 49 2 53 28 47 26 45 76 63 24 
--
43 14 45 54 41 12 61 36 39 10 63 
46 51 42 13 58 53 40 11 62 35 38 
15 44 55 52 67 60 57 86 37 64 9 
50 47 68 59 56 83 104 65 88 85 34 
19 16 49 74 105 66 87 84 103 8 89 
48 73 18 69 82 109 106 97 90 33 102 
17 20 77 110 75 98 81 108 101 96 7 
72 23 70 1 78 107 100 95 30 91 32 
21 2 25 76 99 4 27 80 93 6 29 
24 71 22 3 26 79 94 5 28 31 92 
--
18 1 32 63 20 15 22 29 52 13 24 
33 66 19 16 31 62 53 14 23 28 51 
2 17 92 67 64 21 30 57 60 25 12 
91 34 65 102 107 78 61 54 27 50 59 
98 3 108 93 68 103 56 79 58 11 26 
35 90 97 106 101 110 77 70 55 74 49 
4 99 94 109 96 69 104 75 80 43 10 
89 36 87 100 105 76 83 44 71 48 73 
86 5 38 95 84 7 40 81 46 9 42 
37 88 85 6 39 82 45 8 41 72 47 
--
42 23 76 91 40 21 68 61 38 19 16 
77 90 41 22 75 94 39 20 17 60 37 
24 43 92 87 104 67 74 69 62 15 18 
89 78 105 80 93 86 95 66 73 36 59 
44 25 88 109 96 103 72 63 70 33 14 
53 108 79 106 81 98 85 102 65 58 35 
26 45 54 97 110 101 64 71 34 13 32 
1 52 107 48 55 82 99 84 57 10 7 
46 27 50 3 100 29 56 5 8 31 12 
51 2 47 28 49 4 83 30 11 6 9 
--
