--
21 14 33 36 23 12 9 
34 37 22 13 10 31 24 
15 20 35 32 41 8 11 
38 3 42 19 30 25 28 
1 16 5 40 27 18 7 
4 39 2 17 6 29 26 
--
7 10 5 24 35 12 27 
4 23 8 11 26 41 36 
9 6 25 34 37 28 13 
22 3 20 17 42 31 40 
19 16 1 38 33 14 29 
2 21 18 15 30 39 32 
--
18 9 38 29 20 7 4 
37 32 19 8 5 28 21 
10 17 36 39 30 3 6 
33 40 31 14 27 22 25 
16 11 42 35 24 13 2 
41 34 15 12 1 26 23 
--
23 26 1 12 15 34 41 
2 13 24 35 42 11 16 
25 22 27 14 31 40 33 
6 3 30 39 36 17 10 
21 28 5 8 19 32 37 
4 7 20 29 38 9 18 
--
