--
13 36 11 18 15 42 49 20 99 86 
10 17 14 43 48 19 100 85 50 21 
35 12 37 16 41 84 51 68 87 98 
38 9 44 47 52 91 88 97 22 69 
45 34 53 40 83 76 67 90 65 96 
8 39 46 75 58 89 92 95 70 23 
33 54 31 60 77 82 71 66 93 64 
30 7 74 57 72 59 94 81 24 1 
55 32 5 28 61 78 3 26 63 80 
6 29 56 73 4 27 62 79 2 25 
--
23 10 25 46 21 12 51 44 19 14 
26 47 22 11 50 45 20 13 52 43 
9 24 49 68 95 76 65 54 15 18 
48 27 96 77 66 69 94 17 42 53 
83 8 67 100 93 86 75 64 55 16 
28 97 84 91 78 99 70 87 62 41 
7 82 35 98 85 92 63 74 1 56 
32 29 90 79 36 71 88 59 40 61 
81 6 31 34 89 4 73 38 57 2 
30 33 80 5 72 37 58 3 60 39 
--
9 48 11 52 7 50 57 76 5 2 
12 53 8 49 56 83 6 3 30 75 
47 10 55 86 51 58 77 84 1 4 
54 13 62 59 94 85 82 29 74 31 
61 46 89 98 87 80 95 78 71 28 
14 63 60 93 96 99 70 81 32 73 
45 90 97 88 69 92 79 72 27 40 
18 15 64 91 100 37 68 41 24 33 
65 44 17 20 67 42 35 22 39 26 
16 19 66 43 36 21 38 25 34 23 
--
15 46 17 44 13 56 81 76 11 70 
18 41 14 55 82 43 12 71 80 75 
47 16 45 42 57 86 77 84 69 10 
40 19 54 91 62 83 72 97 74 79 
1 48 39 58 87 100 85 78 9 68 
20 53 92 61 90 63 96 73 98 31 
49 2 59 38 93 88 99 32 67 8 
24 21 52 89 60 37 64 95 30 33 
3 50 23 26 5 94 35 28 7 66 
22 25 4 51 36 27 6 65 34 29 
--
