--
42 25 10 23 36 47 8 5 
11 22 43 48 9 6 35 46 
26 41 24 37 52 45 4 7 
21 12 51 44 49 32 53 34 
40 27 38 31 54 1 16 3 
13 20 29 50 15 18 33 56 
28 39 14 19 30 55 2 17 
--
21 10 23 52 19 8 35 40 
24 53 20 9 48 41 18 7 
11 22 49 46 51 36 39 34 
54 25 56 37 42 47 6 17 
1 12 43 50 45 38 33 30 
26 55 14 3 28 31 16 5 
13 2 27 44 15 4 29 32 
--
27 8 25 54 43 10 35 38 
24 53 28 9 40 37 42 11 
7 26 49 44 55 34 39 36 
52 23 56 29 48 41 12 33 
3 6 47 50 45 30 15 18 
22 51 4 1 20 17 32 13 
5 2 21 46 31 14 19 16 
--
22 53 14 41 20 37 2 39 
13 30 21 56 15 40 19 36 
54 23 52 31 42 1 38 3 
29 12 55 46 51 16 35 18 
24 49 26 43 32 45 4 7 
11 28 47 50 9 6 17 34 
48 25 10 27 44 33 8 5 
--
35 24 21 2 49 14 19 16 
22 3 34 41 20 17 48 13 
25 36 23 50 1 54 15 18 
4 33 40 55 42 47 12 53 
37 26 43 30 51 56 9 46 
32 5 28 39 44 7 52 11 
27 38 31 6 29 10 45 8 
--
38 7 36 19 40 5 32 29 
35 18 39 6 33 30 21 4 
8 37 34 49 20 41 28 31 
17 46 15 42 53 48 3 22 
12 9 52 47 50 25 56 27 
45 16 11 14 43 54 23 2 
10 13 44 51 24 1 26 55 
--
37 10 33 46 19 8 21 24 
32 47 38 9 34 23 18 7 
11 36 31 48 45 20 25 22 
54 39 50 35 30 43 6 17 
51 12 53 44 49 28 3 26 
40 55 14 29 42 1 16 5 
13 52 41 56 15 4 27 2 
--
33 24 21 2 35 14 19 16 
22 3 34 31 20 17 36 13 
25 32 23 46 1 38 15 18 
4 53 26 49 30 45 12 37 
27 50 47 56 39 42 9 44 
54 5 52 29 48 7 40 11 
51 28 55 6 41 10 43 8 
--
32 45 10 49 30 43 8 5 
11 50 31 44 9 6 27 42 
46 33 54 29 48 35 4 7 
51 12 47 34 55 28 41 26 
18 15 56 53 40 23 36 3 
13 52 17 20 1 38 25 22 
16 19 14 39 24 21 2 37 
--
34 17 54 13 32 11 44 39 
55 14 33 36 43 38 31 10 
18 35 16 53 12 29 40 45 
15 56 19 42 37 46 9 30 
20 23 52 1 28 41 6 47 
51 2 25 22 49 4 27 8 
24 21 50 3 26 7 48 5 
--
49 46 21 42 55 6 1 4 
20 31 50 47 22 3 54 7 
45 48 41 30 43 56 5 2 
32 19 44 51 40 23 8 53 
35 38 33 26 29 52 11 14 
18 27 36 39 16 13 24 9 
37 34 17 28 25 10 15 12 
--
21 44 7 46 19 36 5 32 
8 29 20 35 6 31 18 37 
43 22 45 30 47 38 33 4 
28 9 52 39 34 15 56 17 
23 42 25 48 53 50 3 14 
10 27 40 51 12 1 16 55 
41 24 11 26 49 54 13 2 
--
10 13 8 27 52 15 48 45 
7 26 11 14 41 46 53 16 
12 9 40 51 28 49 44 47 
25 6 29 42 33 56 17 54 
30 35 32 39 50 43 20 1 
5 24 37 34 3 22 55 18 
36 31 4 23 38 19 2 21 
--
15 18 13 46 1 20 23 44 
12 55 16 19 32 45 2 21 
17 14 47 56 41 22 43 24 
54 11 50 31 48 33 40 3 
51 8 53 34 37 42 25 28 
10 35 6 49 30 27 4 39 
7 52 9 36 5 38 29 26 
--
5 16 53 34 3 14 25 48 
52 35 4 15 54 47 2 13 
17 6 51 46 33 24 49 26 
36 45 32 55 50 43 12 1 
7 18 37 44 23 56 27 42 
38 31 20 9 40 29 22 11 
19 8 39 30 21 10 41 28 
--
7 10 5 52 43 12 35 38 
4 51 8 11 40 37 42 13 
9 6 49 44 53 34 39 36 
50 3 54 23 48 41 14 33 
27 24 47 56 45 30 17 20 
2 55 26 29 22 19 32 15 
25 28 1 46 31 16 21 18 
--
13 2 41 34 11 32 27 24 
40 35 12 1 28 25 10 31 
3 14 39 42 33 30 23 26 
38 43 36 29 56 47 52 9 
15 4 55 46 53 20 49 22 
44 37 6 17 48 51 8 19 
5 16 45 54 7 18 21 50 
--
42 25 12 23 50 37 10 21 
13 2 43 38 11 22 49 36 
26 41 24 51 48 55 20 9 
3 14 1 44 39 52 35 54 
30 27 40 47 56 45 8 19 
15 4 29 32 17 6 53 34 
28 31 16 5 46 33 18 7 
--
21 10 23 40 19 8 33 38 
24 53 20 9 34 39 18 7 
11 22 43 52 41 48 37 32 
54 25 56 35 44 31 6 17 
1 12 51 42 49 36 47 30 
26 55 14 3 28 45 16 5 
13 2 27 50 15 4 29 46 
--
41 24 5 22 45 38 7 10 
4 21 42 39 6 9 52 37 
25 40 23 46 49 44 11 8 
20 3 48 43 32 53 36 51 
29 26 31 56 47 50 15 12 
2 19 28 33 14 17 54 35 
27 30 1 18 55 34 13 16 
--
21 38 7 46 19 34 5 32 
8 29 20 37 6 31 18 35 
39 22 47 30 45 36 33 4 
28 9 40 53 56 15 44 17 
23 52 25 48 41 54 3 14 
10 27 50 55 12 1 16 43 
51 24 11 26 49 42 13 2 
--
5 8 49 36 23 10 25 44 
50 35 6 9 48 45 22 11 
7 4 47 56 37 24 43 26 
34 51 32 39 46 55 12 21 
3 16 1 54 31 38 27 42 
52 33 18 15 40 29 20 13 
17 2 53 30 19 14 41 28 
--
27 8 25 50 29 10 33 36 
24 49 28 9 46 35 30 11 
7 26 51 48 55 32 37 34 
52 23 56 45 38 47 12 31 
3 6 39 54 41 44 15 18 
22 53 4 1 20 17 42 13 
5 2 21 40 43 14 19 16 
--
19 22 37 6 35 30 45 8 
38 5 20 23 52 7 34 29 
21 18 51 36 31 44 9 46 
4 39 24 43 50 53 28 33 
17 42 15 54 1 32 47 10 
14 3 40 25 12 49 56 27 
41 16 13 2 55 26 11 48 
--
8 5 24 19 22 3 40 37 
25 18 7 4 41 38 21 2 
6 9 48 23 20 1 36 39 
49 26 17 32 53 42 15 44 
10 29 52 47 16 45 56 35 
27 50 31 12 33 54 43 14 
30 11 28 51 46 13 34 55 
--
18 25 54 1 16 13 38 35 
55 2 17 26 53 36 15 12 
24 19 56 49 14 39 34 37 
3 50 23 42 27 52 11 40 
20 43 28 51 48 41 8 33 
29 4 45 22 31 6 47 10 
44 21 30 5 46 9 32 7 
--
42 25 10 23 36 47 8 5 
11 22 43 54 9 6 35 46 
26 41 24 37 48 45 4 7 
21 12 53 44 55 32 49 34 
40 27 38 31 52 1 16 3 
13 20 29 56 15 18 33 50 
28 39 14 19 30 51 2 17 
--
25 28 31 12 55 40 3 14 
30 11 26 39 2 13 54 41 
27 24 29 32 47 56 15 4 
10 33 46 1 38 49 42 53 
23 36 21 48 45 52 5 16 
20 9 34 37 18 7 50 43 
35 22 19 8 51 44 17 6 
--
32 15 30 27 52 13 48 25 
29 2 33 14 49 26 53 12 
16 31 28 41 56 51 24 47 
3 34 1 50 23 46 11 54 
20 17 42 37 40 55 8 45 
35 4 19 22 43 6 39 10 
18 21 36 5 38 9 44 7 
--
2 13 46 35 22 11 24 41 
45 34 1 12 47 42 21 10 
14 3 44 51 36 23 40 25 
33 56 31 48 43 50 9 20 
4 15 52 55 30 37 26 39 
53 32 17 6 49 28 19 8 
16 5 54 29 18 7 38 27 
--
41 10 45 38 19 8 21 24 
46 37 40 9 44 23 18 7 
11 42 47 54 39 20 25 22 
36 55 32 43 48 53 6 17 
31 12 49 56 33 28 3 26 
50 35 14 29 52 1 16 5 
13 30 51 34 15 4 27 2 
--
7 34 51 20 5 32 29 18 
52 21 6 33 50 19 4 31 
35 8 49 54 37 30 17 28 
22 53 36 43 48 55 38 3 
9 42 47 56 39 14 27 16 
46 23 40 11 44 25 2 13 
41 10 45 24 1 12 15 26 
--
21 10 23 54 19 8 35 40 
24 55 20 9 48 41 18 7 
11 22 49 46 53 36 39 34 
50 25 56 37 42 47 6 17 
1 12 43 52 45 38 33 30 
26 51 14 3 28 31 16 5 
13 2 27 44 15 4 29 32 
--
5 8 3 22 25 10 35 28 
2 21 6 9 50 27 24 11 
7 4 51 26 23 34 29 36 
20 1 40 49 44 37 12 33 
41 52 45 56 39 32 15 30 
46 19 54 43 48 17 38 13 
53 42 47 18 55 14 31 16 
--
16 35 14 43 18 33 50 55 
13 44 17 34 51 56 19 32 
36 15 52 47 42 31 54 49 
45 12 37 30 53 48 1 20 
26 29 46 41 38 23 4 7 
11 40 27 24 9 6 21 2 
28 25 10 39 22 3 8 5 
--
38 21 18 7 36 47 16 5 
19 8 37 44 17 6 29 46 
22 39 20 35 48 45 4 15 
9 34 53 40 43 30 49 28 
54 23 42 31 52 1 14 3 
33 10 25 56 41 12 27 50 
24 55 32 11 26 51 2 13 
--
10 13 8 41 46 15 38 35 
7 42 11 14 39 36 53 16 
12 9 40 45 54 47 34 37 
25 6 43 48 33 56 17 52 
28 31 26 55 44 49 20 1 
5 24 29 32 3 22 51 18 
30 27 4 23 50 19 2 21 
--
52 31 26 15 44 11 24 13 
27 16 51 30 25 14 41 10 
32 53 28 45 50 43 12 23 
17 46 33 56 29 40 9 42 
4 1 54 49 34 37 22 39 
47 18 3 6 55 20 35 8 
2 5 48 19 36 7 38 21 
--
5 16 41 52 7 18 21 54 
40 29 6 17 50 53 8 19 
15 4 51 42 47 20 55 22 
30 39 28 49 56 37 46 9 
3 14 31 38 43 48 23 36 
32 27 12 1 34 25 10 45 
13 2 33 26 11 44 35 24 
--
7 18 49 38 5 16 31 28 
48 39 6 17 32 29 4 15 
19 8 47 50 37 34 27 30 
40 51 36 33 46 1 14 3 
9 20 55 52 35 24 45 26 
54 41 22 11 56 43 2 13 
21 10 53 42 23 12 25 44 
--
16 1 52 29 18 13 48 27 
53 32 17 14 49 28 19 12 
2 15 56 51 30 37 26 47 
33 54 31 38 43 50 11 20 
6 3 42 55 36 23 46 25 
41 34 5 8 39 44 21 10 
4 7 40 35 22 9 24 45 
--
42 25 10 23 36 47 8 5 
11 22 43 48 9 6 35 46 
26 41 24 37 52 45 4 7 
21 12 51 44 49 32 53 34 
40 27 38 31 54 1 16 3 
13 20 29 50 15 18 33 56 
28 39 14 19 30 55 2 17 
--
42 25 10 23 36 47 8 5 
11 22 43 54 9 6 35 46 
26 41 24 37 48 45 4 7 
21 12 53 44 55 32 49 34 
40 27 38 31 52 1 16 3 
13 20 29 56 15 18 33 50 
28 39 14 19 30 51 2 17 
--
42 25 12 23 46 37 10 21 
13 2 43 38 11 22 51 36 
26 41 24 47 56 45 20 9 
3 14 1 44 39 52 35 50 
30 27 40 53 48 55 8 19 
15 4 29 32 17 6 49 34 
28 31 16 5 54 33 18 7 
--
45 24 13 22 55 42 1 4 
12 21 46 43 14 3 50 41 
25 44 23 54 51 56 5 2 
20 11 52 47 36 15 40 49 
29 26 31 18 53 48 35 6 
10 19 28 37 8 33 16 39 
27 30 9 32 17 38 7 34 
--
18 41 16 35 20 1 30 27 
15 34 19 56 31 28 21 2 
42 17 40 33 36 47 26 29 
39 14 53 46 55 32 3 22 
52 43 50 37 48 25 6 9 
13 38 45 54 11 8 23 4 
44 51 12 49 24 5 10 7 
--
39 36 21 2 23 6 33 4 
20 1 38 47 34 3 24 7 
37 40 35 22 51 48 5 32 
56 19 50 41 46 31 8 25 
13 16 55 52 49 28 43 30 
18 53 14 11 42 45 26 9 
15 12 17 54 27 10 29 44 
--
43 48 11 56 41 28 13 2 
10 53 42 47 12 1 30 27 
49 44 55 52 29 40 3 14 
54 9 50 39 46 15 26 31 
35 38 45 18 51 32 23 4 
8 19 36 33 6 21 16 25 
37 34 7 20 17 24 5 22 
--
35 2 33 16 41 4 51 18 
32 15 36 3 52 17 40 5 
1 34 31 42 39 44 19 50 
14 37 28 53 30 49 6 45 
27 56 25 38 43 46 9 20 
24 13 54 29 22 11 48 7 
55 26 23 12 47 8 21 10 
--
33 36 21 24 49 14 19 16 
22 25 34 37 20 17 48 13 
35 32 23 50 41 52 15 18 
26 1 40 53 38 47 12 45 
31 54 29 42 51 44 9 6 
2 27 56 39 4 7 46 11 
55 30 3 28 43 10 5 8 
--
24 27 22 31 42 7 2 5 
21 32 25 28 1 4 43 8 
26 23 30 41 44 51 6 3 
33 20 45 56 29 40 9 50 
46 55 34 37 52 49 12 15 
19 36 53 48 17 14 39 10 
54 47 18 35 38 11 16 13 
--
6 51 8 47 4 41 18 43 
9 46 5 50 19 44 3 40 
52 7 48 45 54 39 42 17 
33 10 53 20 49 16 55 2 
24 21 34 31 56 29 38 15 
11 32 23 26 13 36 1 28 
22 25 12 35 30 27 14 37 
--
41 8 53 38 17 6 19 36 
54 27 40 7 52 37 16 5 
9 42 49 56 39 18 35 20 
26 55 28 43 48 51 4 15 
29 10 47 50 1 32 21 34 
46 25 12 31 44 23 14 3 
11 30 45 24 13 2 33 22 
--
10 13 8 45 54 15 34 37 
7 44 11 14 39 36 55 16 
12 9 40 53 46 33 38 35 
25 6 43 32 41 56 17 50 
28 31 26 47 52 49 20 1 
5 24 29 42 3 22 51 18 
30 27 4 23 48 19 2 21 
--
42 25 12 23 46 37 10 21 
13 2 43 38 11 22 55 36 
26 41 24 47 56 45 20 9 
3 14 1 44 39 54 35 50 
30 27 40 53 48 51 8 19 
15 4 29 32 17 6 49 34 
28 31 16 5 52 33 18 7 
--
10 7 48 17 20 5 42 39 
49 16 9 6 43 40 19 4 
8 11 52 47 18 21 38 41 
27 50 15 44 53 46 3 22 
12 31 28 51 24 35 56 37 
29 26 33 14 45 54 23 2 
32 13 30 25 34 1 36 55 
--
17 2 55 30 19 14 39 28 
56 33 18 15 50 29 20 13 
3 16 1 54 31 38 27 40 
34 53 32 49 44 51 12 21 
7 4 45 52 37 24 41 26 
46 35 6 9 48 43 22 11 
5 8 47 36 23 10 25 42 
--
21 2 19 54 23 4 27 30 
18 55 22 3 32 29 24 5 
1 20 49 44 53 26 31 28 
50 17 56 33 48 43 6 25 
37 34 47 52 45 40 9 12 
16 51 36 39 14 11 42 7 
35 38 15 46 41 8 13 10 
--
29 32 13 16 45 34 11 8 
14 17 30 33 12 9 44 35 
31 28 15 46 41 52 7 10 
18 1 40 53 24 43 36 51 
27 54 25 42 47 50 23 6 
2 19 56 39 4 21 48 37 
55 26 3 20 49 38 5 22 
--
14 17 12 37 22 19 50 39 
11 24 15 18 51 38 1 20 
16 13 44 23 36 21 40 49 
25 10 31 52 43 56 35 2 
30 7 28 45 32 41 48 55 
9 26 5 42 53 46 3 34 
6 29 8 27 4 33 54 47 
--
28 39 8 19 30 55 6 17 
9 20 29 56 7 18 33 54 
40 27 38 31 50 53 16 5 
21 10 49 44 1 32 51 34 
26 41 24 37 52 45 4 15 
11 22 43 48 13 2 35 46 
42 25 12 23 36 47 14 3 
--
22 5 32 37 20 3 48 51 
31 34 21 4 47 50 19 2 
6 23 38 33 36 1 52 49 
39 30 35 24 53 46 15 18 
10 7 42 27 16 25 56 45 
29 40 9 12 43 54 17 14 
8 11 28 41 26 13 44 55 
--
37 30 41 6 43 10 45 8 
40 5 38 35 48 7 52 11 
29 36 31 42 53 44 9 46 
4 39 34 49 32 47 12 51 
25 28 23 54 1 50 15 18 
22 3 26 33 20 17 56 13 
27 24 21 2 55 14 19 16 
--
30 7 38 17 44 5 40 19 
37 16 29 6 39 18 27 4 
8 31 52 43 28 45 20 41 
49 36 15 32 53 42 3 26 
12 9 48 51 46 23 56 21 
35 50 11 14 33 54 25 2 
10 13 34 47 24 1 22 55 
--
10 13 8 27 46 15 30 33 
7 26 11 14 29 32 47 16 
12 9 28 45 48 43 34 31 
25 6 23 42 35 50 17 54 
22 3 36 49 44 53 40 51 
5 24 1 20 41 38 55 18 
2 21 4 37 56 19 52 39 
--
32 39 10 43 30 37 8 5 
11 42 31 38 9 6 27 36 
40 33 52 29 44 35 4 7 
49 12 41 34 53 28 45 26 
18 15 48 51 46 23 56 3 
13 50 17 20 1 54 25 22 
16 19 14 47 24 21 2 55 
--
40 13 38 43 22 11 54 33 
37 44 41 12 53 34 21 10 
14 39 36 47 42 23 32 55 
45 48 25 52 35 56 9 20 
26 15 46 1 24 29 6 31 
49 2 17 28 51 4 19 8 
16 27 50 3 18 7 30 5 
--
44 11 50 41 2 13 16 27 
51 40 43 12 49 26 3 14 
10 45 52 1 42 15 28 17 
39 56 37 46 33 48 25 4 
36 9 34 53 22 31 18 29 
55 38 7 32 47 20 5 24 
8 35 54 21 6 23 30 19 
--
27 22 25 6 31 50 39 8 
24 5 28 51 38 7 32 49 
21 26 23 30 53 56 9 40 
4 29 52 55 44 37 48 33 
17 20 15 36 1 54 41 10 
14 3 18 45 12 43 34 47 
19 16 13 2 35 46 11 42 
--
52 3 22 25 44 15 20 17 
23 26 51 2 21 18 43 14 
4 53 24 45 50 35 16 19 
27 46 29 54 1 42 13 36 
8 5 56 49 30 39 34 41 
47 28 7 10 55 32 37 12 
6 9 48 31 38 11 40 33 
--
10 55 26 51 8 45 24 21 
27 52 9 44 25 22 7 46 
56 11 54 41 50 33 20 23 
53 28 49 32 43 40 47 6 
12 1 42 39 48 17 34 19 
29 38 3 14 31 36 5 16 
2 13 30 37 4 15 18 35 
--
43 32 21 2 23 6 29 4 
20 1 42 49 30 3 24 7 
33 44 31 22 39 50 5 28 
56 19 52 41 48 27 8 25 
45 34 55 38 51 40 11 14 
18 53 36 47 16 13 26 9 
35 46 17 54 37 10 15 12 
--
5 16 37 40 3 14 25 42 
36 39 4 15 48 41 2 13 
17 6 47 38 1 26 43 24 
46 35 18 49 44 53 12 27 
7 32 45 54 29 56 23 52 
34 19 30 9 50 21 28 11 
31 8 33 20 55 10 51 22 
--
21 2 19 40 23 4 33 30 
18 39 22 3 36 31 24 5 
1 20 43 38 41 34 29 32 
44 17 56 35 52 37 6 25 
55 50 53 42 47 28 9 12 
16 45 48 51 14 11 26 7 
49 54 15 46 27 8 13 10 
--
21 2 19 48 23 4 33 30 
18 49 22 3 36 31 24 5 
1 20 45 38 47 34 29 32 
50 17 56 35 44 37 6 25 
55 42 53 46 39 28 9 12 
16 51 40 43 14 11 26 7 
41 54 15 52 27 8 13 10 
--
22 55 14 49 20 35 2 33 
13 30 21 56 15 32 19 36 
54 23 50 31 48 1 34 3 
29 12 53 44 51 16 37 18 
24 43 26 47 40 45 4 7 
11 28 41 52 9 6 17 38 
42 25 10 27 46 39 8 5 
--
47 32 21 2 23 6 29 4 
20 1 46 43 30 3 24 7 
33 48 31 22 39 44 5 28 
52 19 56 45 42 27 8 25 
49 34 51 38 55 40 11 14 
18 53 36 41 16 13 26 9 
35 50 17 54 37 10 15 12 
--
23 52 31 10 25 40 1 12 
32 9 24 55 30 11 26 39 
51 22 53 34 41 56 13 2 
8 33 50 45 54 29 38 27 
21 48 19 42 35 44 3 14 
18 7 46 49 16 5 28 37 
47 20 17 6 43 36 15 4 
--
28 31 10 21 50 35 8 19 
11 22 29 34 9 20 49 36 
30 27 32 51 48 55 18 7 
23 12 1 44 33 52 37 54 
26 41 24 47 56 45 6 17 
13 2 43 40 15 4 53 38 
42 25 14 3 46 39 16 5 
--
10 7 12 27 32 5 48 51 
13 26 9 6 47 50 31 4 
8 11 28 33 30 41 52 49 
25 14 23 42 53 46 3 40 
20 17 34 29 36 39 56 45 
15 24 19 22 43 54 37 2 
18 21 16 35 38 1 44 55 
--
21 2 19 54 23 4 27 30 
18 55 22 3 32 29 24 5 
1 20 49 44 53 26 31 28 
50 17 56 33 48 43 6 25 
37 34 47 52 45 40 9 12 
16 51 36 39 14 11 42 7 
35 38 15 46 41 8 13 10 
--
16 5 34 45 14 3 30 27 
35 52 15 4 33 28 13 2 
6 17 44 49 46 31 26 29 
51 36 53 32 43 48 1 12 
18 7 50 47 56 23 40 25 
37 54 9 20 39 42 11 22 
8 19 38 55 10 21 24 41 
--
25 30 23 40 27 8 3 6 
22 41 26 29 2 5 50 9 
31 24 39 48 51 28 7 4 
42 21 46 1 38 49 10 55 
35 32 43 52 47 56 13 16 
20 45 34 37 18 15 54 11 
33 36 19 44 53 12 17 14 
--
45 12 49 42 21 10 23 26 
50 37 44 11 48 25 20 9 
13 46 41 36 43 22 27 24 
38 51 34 47 40 55 8 19 
33 14 39 56 35 30 5 28 
52 1 16 31 54 3 18 7 
15 32 53 2 17 6 29 4 
--
16 5 42 27 14 3 38 35 
43 26 15 4 39 36 13 2 
6 17 48 41 28 1 34 37 
49 44 25 30 53 40 23 12 
18 7 52 47 24 29 56 33 
45 50 9 20 31 54 11 22 
8 19 46 51 10 21 32 55 
--
26 15 12 1 24 35 10 55 
13 2 25 36 11 56 23 34 
16 27 14 51 42 39 54 9 
3 44 37 40 53 50 33 22 
28 17 52 43 38 41 8 49 
45 4 19 30 47 6 21 32 
18 29 46 5 20 31 48 7 
--
25 28 35 12 37 46 3 14 
34 11 26 47 2 13 38 45 
27 24 29 36 55 44 15 4 
10 33 50 1 48 39 54 43 
23 30 21 40 51 56 5 16 
20 9 32 49 18 7 42 53 
31 22 19 8 41 52 17 6 
--
16 1 52 29 18 13 38 27 
53 32 17 14 49 28 19 12 
2 15 56 51 30 37 26 39 
33 54 31 48 43 50 11 20 
6 3 44 55 36 23 40 25 
45 34 5 8 47 42 21 10 
4 7 46 35 22 9 24 41 
--
41 24 11 22 35 50 9 20 
12 1 42 49 10 21 34 51 
25 40 23 36 55 52 19 8 
2 13 56 43 48 31 54 33 
39 26 37 30 53 44 7 18 
14 3 28 47 16 5 32 45 
27 38 15 4 29 46 17 6 
--
7 18 33 54 5 16 31 28 
34 49 6 17 32 29 4 15 
19 8 53 48 55 40 27 30 
52 35 50 39 44 1 14 3 
9 20 45 56 47 24 41 26 
36 51 22 11 38 43 2 13 
21 10 37 46 23 12 25 42 
--
13 16 11 38 31 18 47 40 
10 25 14 17 50 39 32 19 
15 12 51 30 37 46 41 48 
26 9 24 45 56 49 20 33 
3 6 29 52 23 36 55 42 
8 27 4 1 44 53 34 21 
5 2 7 28 35 22 43 54 
--
31 34 13 2 15 36 21 4 
12 1 32 35 22 3 16 37 
33 30 23 14 53 38 5 20 
24 11 56 39 48 19 54 17 
29 40 27 44 55 52 47 6 
10 25 42 49 8 45 18 51 
41 28 9 26 43 50 7 46 
--
18 55 16 35 20 1 30 27 
15 34 19 56 31 28 21 2 
54 17 48 33 36 43 26 29 
39 14 53 44 49 32 3 22 
52 47 40 37 42 25 6 9 
13 38 45 50 11 8 23 4 
46 51 12 41 24 5 10 7 
--
29 10 27 46 1 12 15 44 
26 53 30 11 32 45 2 13 
9 28 47 56 41 14 43 16 
54 25 52 31 48 33 40 3 
51 8 55 34 37 42 17 20 
24 35 6 49 22 19 4 39 
7 50 23 36 5 38 21 18 
--
46 33 18 35 54 11 16 13 
19 36 47 44 17 14 51 10 
32 45 34 55 50 53 12 15 
37 20 41 48 43 56 9 52 
40 31 38 23 26 49 6 3 
21 24 29 42 1 4 27 8 
30 39 22 25 28 7 2 5 
--
55 24 1 12 35 48 21 10 
2 13 54 49 22 11 34 47 
25 56 23 36 53 50 9 20 
14 3 42 51 38 31 46 33 
41 26 37 30 43 52 19 8 
4 15 28 39 6 17 32 45 
27 40 5 16 29 44 7 18 
--
42 25 10 23 36 47 8 5 
11 22 43 48 9 6 35 46 
26 41 24 37 52 45 4 7 
21 12 51 44 49 32 53 34 
40 27 38 31 54 1 16 3 
13 20 29 50 15 18 33 56 
28 39 14 19 30 55 2 17 
--
53 8 43 30 55 10 35 28 
44 19 54 9 42 29 32 11 
7 52 41 56 31 34 27 36 
18 45 20 51 40 1 12 33 
21 6 49 46 15 24 37 26 
48 17 4 23 50 39 2 13 
5 22 47 16 3 14 25 38 
--
42 5 26 49 52 3 24 35 
27 50 43 4 25 36 53 2 
6 41 38 51 48 1 34 23 
39 28 17 44 37 54 15 56 
10 7 40 47 16 45 22 33 
29 18 9 12 31 20 55 14 
8 11 30 19 46 13 32 21 
--
55 2 21 24 49 14 19 16 
22 25 54 1 20 17 48 13 
3 56 23 42 53 50 15 18 
26 43 28 51 34 41 12 47 
7 4 35 44 29 52 33 40 
36 27 6 9 38 31 46 11 
5 8 37 30 45 10 39 32 
--
53 12 45 34 21 10 23 26 
46 35 54 11 44 25 20 9 
13 52 33 42 55 22 27 24 
36 47 40 51 32 43 8 19 
39 14 37 56 41 30 5 28 
48 1 16 31 50 3 18 7 
15 38 49 2 17 6 29 4 
--
37 24 13 22 19 46 1 4 
12 21 38 55 14 3 18 47 
25 36 23 20 45 56 5 2 
32 11 44 39 54 15 48 17 
35 26 33 30 49 40 53 6 
10 31 28 43 8 51 16 41 
27 34 9 50 29 42 7 52 
--
33 54 29 12 31 52 21 10 
28 13 32 53 22 11 2 51 
55 34 43 30 1 50 9 20 
14 27 56 39 44 23 48 3 
35 42 37 24 49 6 19 8 
26 15 40 45 38 17 4 47 
41 36 25 16 5 46 7 18 
--
21 2 19 50 23 4 27 30 
18 51 22 3 32 29 24 5 
1 20 49 44 55 26 31 28 
52 17 56 33 48 43 6 25 
37 34 47 54 45 40 9 12 
16 53 36 39 14 11 42 7 
35 38 15 46 41 8 13 10 
--
38 23 10 21 40 35 8 47 
11 20 39 36 9 46 31 34 
24 37 22 41 54 33 48 7 
19 12 53 56 49 30 45 32 
52 25 18 15 42 55 6 3 
13 16 27 50 1 4 29 44 
26 51 14 17 28 43 2 5 
--
12 15 10 37 52 17 46 35 
9 26 13 16 47 36 51 18 
14 11 40 53 38 49 34 45 
25 8 27 48 41 56 19 50 
28 5 54 39 22 31 44 33 
7 24 3 30 55 42 1 20 
4 29 6 23 2 21 32 43 
--
9 36 45 22 7 34 31 20 
44 23 8 35 48 21 6 33 
37 10 49 46 41 32 19 30 
24 43 38 55 50 47 40 5 
11 56 51 42 39 16 29 18 
52 25 2 13 54 27 4 15 
1 12 53 26 3 14 17 28 
--
38 21 18 7 36 47 16 5 
19 8 37 48 17 6 29 46 
22 39 20 35 52 45 4 15 
9 34 51 44 49 30 53 28 
40 23 42 31 54 1 14 3 
33 10 25 50 43 12 27 56 
24 41 32 11 26 55 2 13 
--
25 48 13 16 27 46 11 8 
14 17 26 47 12 9 30 45 
49 24 15 28 43 52 7 10 
18 1 50 53 38 29 44 31 
23 54 21 34 51 42 37 6 
2 19 56 39 4 35 32 41 
55 22 3 20 33 40 5 36 
--
13 16 11 46 35 18 37 42 
10 55 14 17 40 43 34 19 
15 12 45 54 47 36 41 38 
50 9 56 29 44 39 20 33 
3 6 51 48 53 30 23 26 
8 49 4 1 28 25 32 21 
5 2 7 52 31 22 27 24 
--
37 32 41 6 43 10 51 8 
40 5 38 35 52 7 44 11 
33 36 31 42 45 56 9 50 
4 39 34 53 30 49 12 55 
25 28 23 46 1 54 15 18 
22 3 26 29 20 17 48 13 
27 24 21 2 47 14 19 16 
--
36 13 54 47 34 11 30 45 
55 16 35 12 53 46 33 10 
14 37 56 51 48 31 44 29 
17 50 15 38 43 52 9 32 
4 1 42 49 20 23 28 25 
41 18 3 6 39 26 21 8 
2 5 40 19 22 7 24 27 
--
25 30 23 40 27 8 3 6 
22 41 26 29 2 5 52 9 
31 24 39 44 49 28 7 4 
42 21 48 1 38 51 10 53 
35 32 43 50 45 56 13 16 
20 47 34 37 18 15 54 11 
33 36 19 46 55 12 17 14 
--
17 32 13 54 43 26 11 28 
14 53 16 31 12 29 44 25 
33 18 55 46 51 42 27 10 
56 15 52 37 30 45 24 41 
19 34 1 50 47 38 9 6 
2 49 36 21 4 7 40 23 
35 20 3 48 39 22 5 8 
--
36 29 4 15 54 27 2 13 
5 16 37 28 3 14 53 26 
30 35 40 55 38 49 12 1 
17 6 31 48 41 56 25 52 
32 43 34 39 50 47 22 11 
7 18 45 42 9 20 51 24 
44 33 8 19 46 23 10 21 
--
27 30 39 6 37 10 51 8 
40 5 28 31 52 7 36 11 
29 26 45 38 35 56 9 50 
4 41 34 53 32 49 12 55 
25 44 23 46 1 54 15 18 
22 3 42 33 20 17 48 13 
43 24 21 2 47 14 19 16 
--
27 8 25 52 43 10 35 38 
24 53 28 9 40 37 42 11 
7 26 49 44 51 34 39 36 
54 23 56 29 48 41 12 33 
3 6 47 50 45 30 15 18 
22 55 4 1 20 17 32 13 
5 2 21 46 31 14 19 16 
--
45 10 27 42 1 12 15 38 
26 53 44 11 28 37 2 13 
9 46 41 56 43 14 39 16 
54 25 52 47 40 29 36 3 
51 8 55 30 33 48 17 20 
24 31 6 49 22 19 4 35 
7 50 23 32 5 34 21 18 
--
21 40 23 16 19 12 37 14 
24 1 20 51 38 15 18 11 
41 22 39 48 17 50 13 36 
2 25 56 45 52 35 10 31 
55 42 47 28 49 32 7 34 
26 3 44 53 46 5 30 9 
43 54 27 4 29 8 33 6 
--
30 35 12 51 28 5 10 7 
13 42 29 34 11 8 27 4 
36 31 52 43 50 33 6 9 
41 14 37 32 53 48 3 26 
20 17 44 49 38 23 56 47 
15 40 19 22 45 54 25 2 
18 21 16 39 24 1 46 55 
--
6 17 44 29 4 15 54 27 
45 32 5 16 55 28 3 14 
18 7 48 43 30 37 26 53 
33 46 31 38 49 56 13 2 
8 19 42 47 36 23 52 25 
41 34 21 10 39 50 1 12 
20 9 40 35 22 11 24 51 
--
43 8 51 48 45 6 25 34 
52 17 44 7 50 35 46 5 
9 42 49 56 47 26 33 24 
18 53 16 41 36 55 4 27 
13 10 37 54 1 30 23 32 
38 19 12 15 40 21 28 3 
11 14 39 20 29 2 31 22 
--
13 16 11 36 53 18 47 34 
10 27 14 17 46 35 52 19 
15 12 37 54 43 56 33 48 
28 9 26 45 32 49 20 51 
25 38 31 42 55 44 1 4 
8 29 40 23 6 3 50 21 
39 24 7 30 41 22 5 2 
--
42 25 10 23 36 47 8 5 
11 22 43 48 9 6 35 46 
26 41 24 37 52 45 4 7 
21 12 51 44 49 32 53 34 
40 27 38 31 54 1 16 3 
13 20 29 50 15 18 33 56 
28 39 14 19 30 55 2 17 
--
41 10 45 38 19 8 21 24 
46 37 40 9 44 23 18 7 
11 42 47 52 39 20 25 22 
36 53 32 43 48 51 6 17 
31 12 49 56 33 28 3 26 
54 35 14 29 50 1 16 5 
13 30 55 34 15 4 27 2 
--
2 5 22 35 38 7 24 27 
21 36 3 6 23 26 39 8 
4 1 34 37 42 55 28 25 
33 20 43 56 29 40 9 54 
44 47 30 41 50 53 12 15 
19 32 49 46 17 14 51 10 
48 45 18 31 52 11 16 13 
--
16 19 34 3 42 21 32 5 
35 2 17 20 33 4 51 22 
18 15 36 43 52 41 6 31 
1 44 53 40 27 50 23 48 
14 37 12 45 54 47 30 7 
11 56 39 26 9 28 49 24 
38 13 10 55 46 25 8 29 
--
42 25 12 23 50 37 10 21 
13 2 43 38 11 22 49 36 
26 41 24 55 48 51 20 9 
3 14 1 44 39 54 35 52 
30 27 40 47 56 45 8 19 
15 4 29 32 17 6 53 34 
28 31 16 5 46 33 18 7 
--
32 9 36 47 18 7 20 23 
37 48 33 8 35 22 17 6 
10 31 54 43 46 19 24 21 
49 38 45 34 53 42 5 16 
30 11 52 55 44 27 2 25 
39 50 13 28 41 56 15 4 
12 29 40 51 14 3 26 1 
--
31 52 19 28 25 4 21 2 
18 27 30 53 20 1 24 5 
51 32 39 26 29 46 3 22 
38 17 54 45 56 23 6 43 
33 50 35 40 47 44 9 12 
16 37 48 55 14 11 42 7 
49 34 15 36 41 8 13 10 
--
41 48 33 4 21 8 23 6 
34 3 40 47 44 5 20 9 
49 42 45 32 39 22 7 24 
2 35 56 43 46 25 10 19 
53 50 31 36 17 38 13 26 
30 1 52 55 28 15 18 11 
51 54 29 16 37 12 27 14 
--
32 21 18 7 30 41 16 5 
19 8 31 46 17 6 29 40 
22 33 20 49 42 45 4 15 
9 50 43 56 47 54 39 28 
34 23 48 53 44 1 14 3 
51 10 25 36 55 12 27 38 
24 35 52 11 26 37 2 13 
--
34 9 36 31 56 11 54 29 
37 20 33 10 47 30 1 12 
8 35 46 51 32 55 28 53 
19 38 21 48 45 52 13 2 
22 7 50 41 16 25 44 27 
39 18 5 24 49 42 3 14 
6 23 40 17 4 15 26 43 
--
26 15 12 1 24 35 10 55 
13 2 25 36 11 56 23 34 
16 27 14 51 42 39 54 9 
3 44 37 40 53 50 33 22 
28 17 52 43 38 41 8 49 
45 4 19 30 47 6 21 32 
18 29 46 5 20 31 48 7 
--
8 47 30 33 6 35 22 19 
29 32 7 48 23 20 5 36 
46 9 56 31 34 41 18 21 
53 28 49 42 55 24 37 4 
10 45 54 1 50 15 40 17 
27 52 43 12 25 38 3 14 
44 11 26 51 2 13 16 39 
--
6 17 34 45 4 15 30 27 
35 52 5 16 33 28 3 14 
18 7 44 49 46 31 26 29 
51 36 53 32 43 48 13 2 
8 19 50 47 56 23 40 25 
37 54 21 10 39 42 1 12 
20 9 38 55 22 11 24 41 
--
37 30 41 6 43 10 45 8 
40 5 38 35 48 7 52 11 
29 36 31 42 53 44 9 46 
4 39 34 49 32 47 12 51 
25 28 23 54 1 50 15 18 
22 3 26 33 20 17 56 13 
27 24 21 2 55 14 19 16 
--
7 34 47 20 5 38 43 18 
48 21 6 33 52 19 4 39 
35 8 51 46 37 42 17 44 
22 49 36 53 32 45 40 3 
9 54 25 50 41 14 29 16 
26 23 56 11 28 31 2 13 
55 10 27 24 1 12 15 30 
--
51 42 13 16 39 28 11 8 
14 17 52 41 12 9 34 27 
43 50 15 38 29 40 7 10 
18 1 44 53 48 35 26 33 
45 54 49 30 37 32 23 6 
2 19 56 47 4 21 36 25 
55 46 3 20 31 24 5 22 
--
5 8 37 30 43 10 39 32 
36 27 6 9 38 31 42 11 
7 4 35 44 29 52 33 40 
26 45 28 51 34 41 12 49 
3 56 23 46 53 50 15 18 
22 25 54 1 20 17 48 13 
55 2 21 24 47 14 19 16 
--
13 24 11 52 15 26 29 48 
10 51 14 25 46 49 16 27 
23 12 53 50 39 28 47 30 
54 9 40 45 56 31 38 17 
41 22 55 32 35 44 1 4 
8 33 20 43 6 3 18 37 
21 42 7 34 19 36 5 2 
--
18 45 4 47 16 51 2 55 
5 42 17 52 3 56 15 50 
44 19 46 39 48 31 54 1 
41 6 43 30 53 28 49 14 
20 9 40 35 38 25 32 27 
7 36 11 22 29 34 13 24 
10 21 8 37 12 23 26 33 
--
40 51 10 21 24 37 8 19 
11 22 39 50 9 20 25 36 
52 41 56 23 38 49 18 7 
1 12 53 48 55 26 35 30 
44 47 42 27 34 31 6 17 
13 2 45 54 15 4 29 32 
46 43 14 3 28 33 16 5 
--
43 32 39 6 37 10 53 8 
40 5 42 31 50 7 36 11 
33 44 49 38 35 54 9 52 
4 41 34 45 30 51 12 55 
25 28 23 48 1 46 15 18 
22 3 26 29 20 17 56 13 
27 24 21 2 47 14 19 16 
--
55 26 23 12 35 8 21 10 
24 13 54 39 22 11 34 7 
27 56 25 48 51 36 9 20 
14 49 38 53 40 47 6 33 
1 28 41 50 37 52 19 46 
42 15 30 3 44 17 32 5 
29 2 43 16 31 4 45 18 
--
5 34 7 36 3 46 27 42 
8 37 4 45 28 41 2 47 
33 6 35 40 1 48 43 26 
38 9 56 29 44 15 50 17 
55 32 39 20 49 18 25 14 
10 21 30 53 12 23 16 51 
31 54 11 22 19 52 13 24 
--
33 40 5 26 19 22 7 24 
4 27 34 41 6 25 18 21 
39 32 43 28 51 20 23 8 
44 3 52 35 42 15 50 17 
31 38 29 56 47 54 9 12 
2 45 36 53 14 11 16 49 
37 30 1 46 55 48 13 10 
--
7 18 5 32 9 20 23 48 
4 31 8 19 50 47 10 21 
17 6 33 44 35 22 49 24 
30 3 36 51 46 55 42 11 
37 16 45 34 43 52 25 54 
2 29 14 39 56 27 12 41 
15 38 1 28 13 40 53 26 
--
42 37 10 29 54 25 8 27 
11 30 43 40 9 28 53 24 
38 41 36 55 46 51 26 7 
31 12 39 44 35 56 23 52 
18 15 34 47 50 45 6 3 
13 32 17 20 1 4 49 22 
16 19 14 33 48 21 2 5 
--
