--
6 31 4 57 8 29 54 69 60 27 52 49 
3 10 7 30 55 70 59 28 53 50 61 26 
32 5 56 9 58 123 68 129 104 63 48 51 
11 2 33 124 71 130 105 122 67 114 25 62 
34 79 72 1 106 121 128 115 132 103 64 47 
73 12 109 94 125 98 131 102 113 66 117 24 
78 35 80 97 110 107 120 127 116 101 46 65 
13 74 95 108 93 126 99 112 89 118 23 86 
36 77 38 81 96 111 90 119 100 87 20 45 
39 14 75 92 41 16 83 88 43 18 85 22 
76 37 40 15 82 91 42 17 84 21 44 19 
--
18 21 16 45 98 23 92 95 78 25 80 85 
15 44 19 22 93 100 97 24 91 84 77 26 
20 17 46 99 104 117 94 101 96 79 86 81 
43 14 105 118 131 112 103 116 83 90 27 76 
106 47 124 111 126 119 130 89 102 87 82 61 
13 42 127 132 123 110 113 72 115 62 75 28 
48 107 40 125 120 129 122 1 88 73 60 63 
41 12 49 128 109 68 55 114 71 64 29 74 
50 9 108 39 54 121 70 67 2 57 32 59 
11 38 7 52 69 36 5 56 65 34 3 30 
8 51 10 37 6 53 66 35 4 31 58 33 
--
29 2 27 74 31 4 83 72 61 6 63 66 
26 33 30 3 82 73 80 5 86 65 60 7 
1 28 75 32 79 88 95 84 71 62 67 64 
34 25 38 89 94 81 130 87 96 85 8 59 
37 76 35 78 131 112 93 100 129 70 97 68 
24 39 90 111 92 119 132 127 104 99 58 9 
49 36 77 118 113 126 105 120 101 128 69 98 
40 23 50 91 110 117 122 125 106 103 10 57 
45 48 43 116 123 114 107 102 121 54 13 16 
22 41 46 51 20 109 124 53 18 15 56 11 
47 44 21 42 115 52 19 108 55 12 17 14 
--
45 14 43 40 47 12 83 130 73 10 95 116 
42 39 46 13 82 129 74 11 106 117 72 9 
15 44 41 48 75 84 125 118 131 96 115 94 
38 49 76 81 128 109 132 107 124 105 8 71 
77 16 87 110 85 122 119 126 97 114 93 104 
50 37 80 121 88 127 108 123 102 99 70 7 
17 78 53 86 111 120 101 98 113 68 103 92 
36 51 24 79 54 89 112 67 100 91 6 69 
21 18 35 52 27 30 1 90 57 60 65 62 
34 25 20 23 32 55 28 3 66 63 58 5 
19 22 33 26 29 2 31 56 59 4 61 64 
--
