--
11 14 51 102 53 16 111 100 81 18 83 86 
50 35 12 15 112 101 108 17 120 85 80 19 
13 10 103 52 107 54 113 110 99 82 87 84 
34 49 36 55 104 109 98 119 94 117 20 79 
9 38 41 106 69 114 95 116 97 90 65 88 
40 33 48 37 56 105 70 91 118 93 78 21 
29 8 39 42 71 68 115 96 73 66 89 64 
32 43 30 47 60 57 72 67 92 77 22 1 
7 28 45 58 5 26 61 74 3 24 63 76 
44 31 6 27 46 59 4 25 62 75 2 23 
--
21 18 53 50 23 2 55 60 25 4 29 32 
52 49 22 19 54 59 24 3 56 31 26 5 
17 20 51 78 1 64 117 58 61 28 33 30 
76 67 48 65 116 107 104 63 102 57 6 27 
47 16 77 92 79 118 113 120 105 62 99 34 
68 75 66 95 108 115 106 103 112 101 86 7 
15 46 93 80 91 96 119 114 87 98 35 100 
72 69 74 43 94 109 88 97 38 111 8 85 
45 14 71 90 81 12 41 110 83 10 39 36 
70 73 44 13 42 89 82 11 40 37 84 9 
--
40 37 10 115 94 35 8 91 30 33 6 73 
11 118 39 36 9 108 93 34 7 74 29 32 
38 41 116 107 114 95 90 99 92 31 72 5 
117 12 119 84 105 100 109 96 77 88 75 28 
42 83 106 113 110 85 104 89 98 55 4 71 
13 120 65 80 101 112 97 78 87 76 27 56 
62 43 82 111 64 79 86 103 54 57 70 3 
17 14 63 66 81 102 53 58 69 24 49 26 
44 61 16 19 46 59 68 21 48 51 2 23 
15 18 45 60 67 20 47 52 1 22 25 50 
--
75 108 17 86 73 64 15 66 71 62 13 10 
18 87 74 107 16 91 72 63 14 11 68 61 
109 76 119 90 85 78 65 94 67 70 9 12 
88 19 110 77 106 95 92 79 30 81 60 69 
45 120 89 118 101 84 97 82 93 58 29 8 
20 111 44 105 96 103 100 33 80 31 56 59 
43 46 117 102 115 50 83 98 57 34 7 28 
112 21 114 49 104 99 52 39 32 55 4 35 
47 42 23 116 51 40 25 54 37 2 27 6 
22 113 48 41 24 53 38 1 26 5 36 3 
--
