--
19 10 7 26 21 36 
6 27 20 33 8 25 
11 18 9 24 35 22 
28 5 34 15 32 1 
17 12 3 30 23 14 
4 29 16 13 2 31 
--
31 4 13 16 29 2 
14 23 30 3 12 17 
5 32 15 34 1 28 
22 35 24 9 18 11 
25 6 33 20 27 8 
36 21 26 7 10 19 
--
34 25 22 7 14 31 
21 8 35 32 23 6 
26 33 24 15 30 13 
1 20 9 36 5 16 
10 27 18 3 12 29 
19 2 11 28 17 4 
--
24 5 32 9 22 7 
31 16 23 6 29 10 
4 25 30 33 8 21 
15 34 17 26 11 28 
18 3 36 13 20 1 
35 14 19 2 27 12 
--
12 1 28 21 10 7 
27 20 11 8 29 22 
2 13 26 33 6 9 
19 36 17 30 23 32 
14 3 34 25 16 5 
35 18 15 4 31 24 
--
2 11 22 29 4 13 
23 30 3 12 21 28 
10 1 34 27 14 5 
31 24 9 18 35 20 
8 17 26 33 6 15 
25 32 7 16 19 36 
--
31 6 13 16 29 4 
14 23 30 5 12 17 
7 32 15 34 3 28 
22 35 24 9 18 11 
25 8 33 20 27 2 
36 21 26 1 10 19 
--
31 6 13 16 29 4 
14 23 30 5 12 17 
7 32 15 36 3 28 
22 35 24 9 18 11 
25 8 33 20 27 2 
34 21 26 1 10 19 
--
25 36 7 16 19 32 
6 17 26 33 8 15 
35 24 9 18 31 20 
10 5 34 27 14 1 
23 28 3 12 21 30 
4 11 22 29 2 13 
--
32 19 16 7 30 25 
15 6 31 26 17 8 
20 33 18 9 24 29 
5 14 27 36 1 10 
34 21 12 3 28 23 
13 4 35 22 11 2 
--
36 15 20 3 32 13 
19 4 33 14 21 2 
16 35 18 1 12 31 
5 26 29 34 9 22 
28 17 24 7 30 11 
25 6 27 10 23 8 
--
19 10 7 26 21 34 
6 27 20 33 8 25 
11 18 9 24 35 22 
28 5 36 15 32 1 
17 12 3 30 23 14 
4 29 16 13 2 31 
--
4 11 22 29 6 13 
23 30 5 12 21 28 
10 3 34 27 14 7 
31 24 9 18 35 20 
2 17 26 33 8 15 
25 32 1 16 19 36 
--
13 30 5 20 15 32 
4 21 14 31 6 19 
29 12 27 18 33 16 
22 3 34 9 26 7 
11 28 1 24 17 36 
2 23 10 35 8 25 
--
36 25 22 7 14 31 
21 8 35 32 23 6 
26 33 24 15 30 13 
1 20 9 34 5 16 
10 27 18 3 12 29 
19 2 11 28 17 4 
--
31 4 13 16 29 2 
14 23 30 3 12 17 
5 32 15 36 1 28 
22 35 24 9 18 11 
25 6 33 20 27 8 
34 21 26 7 10 19 
--
8 17 20 29 6 11 
19 28 7 10 21 30 
16 9 18 31 12 5 
27 32 1 22 35 24 
2 15 34 25 4 13 
33 26 3 14 23 36 
--
4 17 28 11 2 19 
29 12 3 18 27 10 
16 5 34 9 20 1 
13 30 15 24 33 26 
6 23 32 35 8 21 
31 14 7 22 25 36 
--
12 1 20 35 10 7 
21 36 11 8 19 34 
2 13 28 33 6 9 
29 22 31 16 25 18 
14 3 24 27 32 5 
23 30 15 4 17 26 
--
36 25 22 7 14 33 
21 8 31 34 23 6 
26 35 24 15 32 13 
1 20 9 30 5 16 
10 27 18 3 12 29 
19 2 11 28 17 4 
--
13 34 7 20 15 32 
6 21 14 33 8 19 
35 12 27 18 31 16 
22 5 36 9 26 1 
11 28 3 24 17 30 
4 23 10 29 2 25 
--
13 28 5 20 15 36 
4 21 14 35 6 19 
29 12 27 18 33 16 
22 3 34 9 26 7 
11 30 1 24 17 32 
2 23 10 31 8 25 
--
36 25 22 5 14 31 
21 6 35 32 23 4 
26 33 24 15 30 13 
7 20 9 34 3 16 
10 27 18 1 12 29 
19 8 11 28 17 2 
--
4 17 28 11 6 19 
29 12 5 18 27 10 
16 3 34 9 20 7 
13 30 15 24 33 26 
2 23 32 35 8 21 
31 14 1 22 25 36 
--
25 10 35 8 23 16 
36 1 24 17 28 7 
11 26 9 34 15 22 
2 33 18 27 6 29 
19 12 31 4 21 14 
32 3 20 13 30 5 
--
36 23 14 3 26 33 
13 4 25 34 15 2 
24 35 22 1 32 27 
5 12 31 18 9 16 
30 21 10 7 28 19 
11 6 29 20 17 8 
--
4 17 28 11 6 19 
29 12 5 18 27 10 
16 3 36 9 20 7 
13 30 15 24 33 26 
2 23 32 35 8 21 
31 14 1 22 25 34 
--
13 4 29 22 11 2 
30 21 12 3 28 23 
5 14 27 36 1 10 
20 31 18 9 24 35 
15 6 33 26 17 8 
32 19 16 7 34 25 
--
34 19 16 7 32 25 
15 6 33 26 17 8 
20 35 18 9 24 31 
5 14 27 36 1 10 
28 21 12 3 30 23 
13 4 29 22 11 2 
--
8 17 28 19 6 11 
29 26 7 10 35 20 
16 9 18 27 12 5 
25 30 1 36 21 34 
2 15 32 23 4 13 
31 24 3 14 33 22 
--
2 23 10 29 8 25 
11 28 1 24 17 30 
22 3 36 9 26 7 
35 12 27 18 31 16 
4 21 14 33 6 19 
13 34 5 20 15 32 
--
19 10 1 26 21 36 
2 27 20 33 8 25 
11 18 9 24 35 22 
28 3 34 15 32 7 
17 12 5 30 23 14 
4 29 16 13 6 31 
--
25 8 31 10 23 2 
32 17 24 1 30 11 
7 26 9 34 3 22 
16 33 18 27 12 29 
19 6 35 14 21 4 
36 15 20 5 28 13 
--
13 36 5 20 15 32 
4 21 14 33 6 19 
35 12 27 18 31 16 
22 3 34 9 26 7 
11 28 1 24 17 30 
2 23 10 29 8 25 
--
13 30 5 20 15 32 
4 21 14 31 6 19 
29 12 27 18 33 16 
22 3 34 9 26 7 
11 28 1 24 17 36 
2 23 10 35 8 25 
--
2 11 22 35 4 13 
23 28 3 12 21 34 
10 1 36 27 14 5 
29 24 9 18 33 20 
8 17 26 31 6 15 
25 30 7 16 19 32 
--
19 10 1 26 21 34 
2 27 20 33 8 25 
11 18 9 24 35 22 
28 3 36 15 32 7 
17 12 5 30 23 14 
4 29 16 13 6 31 
--
31 4 13 16 29 2 
14 23 30 3 12 17 
5 32 15 36 1 28 
22 35 24 9 18 11 
25 6 33 20 27 8 
34 21 26 7 10 19 
--
2 23 10 31 8 25 
11 30 1 24 17 32 
22 3 34 9 26 7 
29 12 27 18 33 16 
4 21 14 35 6 19 
13 28 5 20 15 36 
--
7 22 9 32 5 24 
10 29 6 23 16 31 
21 8 33 30 25 4 
28 11 26 17 36 15 
1 20 13 34 3 18 
12 27 2 19 14 35 
--
31 2 13 16 29 4 
14 23 30 3 12 17 
1 32 15 34 5 28 
22 35 24 9 18 11 
25 8 33 20 27 6 
36 21 26 7 10 19 
--
25 32 7 16 19 36 
8 17 26 33 6 15 
31 24 9 18 35 20 
10 1 34 27 14 5 
23 30 3 12 21 28 
2 11 22 29 4 13 
--
31 6 13 16 29 4 
14 23 30 5 12 17 
7 32 15 34 3 28 
22 35 24 9 18 11 
25 8 33 20 27 2 
36 21 26 1 10 19 
--
4 11 22 29 2 13 
23 30 3 12 21 28 
10 5 36 27 14 1 
31 24 9 18 35 20 
6 17 26 33 8 15 
25 32 7 16 19 34 
--
4 17 28 11 6 19 
29 12 5 18 27 10 
16 3 34 9 20 7 
13 30 15 24 33 26 
2 23 32 35 8 21 
31 14 1 22 25 36 
--
19 10 7 26 21 36 
6 27 20 33 8 25 
11 18 9 24 35 22 
28 5 34 15 32 1 
17 12 3 30 23 14 
4 29 16 13 2 31 
--
7 10 21 28 1 12 
22 29 8 11 20 27 
9 6 33 26 13 2 
32 23 30 17 36 19 
5 16 25 34 3 14 
24 31 4 15 18 35 
--
4 23 10 35 2 25 
11 28 3 24 17 34 
22 5 36 9 26 1 
29 12 27 18 33 16 
6 21 14 31 8 19 
13 30 7 20 15 32 
--
12 1 20 29 10 7 
21 34 11 8 19 30 
2 13 28 31 6 9 
35 22 33 16 25 18 
14 3 24 27 32 5 
23 36 15 4 17 26 
--
35 18 15 4 31 24 
14 3 34 25 16 5 
19 36 17 30 23 32 
2 13 26 33 6 9 
27 20 11 8 29 22 
12 1 28 21 10 7 
--
25 34 1 16 19 32 
2 17 26 33 8 15 
35 24 9 18 31 20 
10 3 36 27 14 7 
23 28 5 12 21 30 
4 11 22 29 6 13 
--
25 8 31 10 23 2 
32 17 24 1 30 11 
7 26 9 36 3 22 
16 33 18 27 12 29 
19 6 35 14 21 4 
34 15 20 5 28 13 
--
32 19 16 7 30 25 
15 6 31 26 17 8 
20 33 18 9 24 29 
5 14 27 36 1 10 
34 21 12 3 28 23 
13 4 35 22 11 2 
--
19 10 1 26 21 34 
2 27 20 33 8 25 
11 18 9 24 35 22 
28 3 36 15 32 7 
17 12 5 30 23 14 
4 29 16 13 6 31 
--
35 14 19 6 27 12 
18 5 34 13 20 7 
15 36 17 26 11 28 
4 25 30 33 8 21 
31 16 23 2 29 10 
24 3 32 9 22 1 
--
25 8 31 10 23 2 
32 17 24 1 30 11 
7 26 9 36 3 22 
16 33 18 27 12 29 
19 6 35 14 21 4 
34 15 20 5 28 13 
--
4 23 10 35 6 25 
11 28 5 24 17 36 
22 3 34 9 26 7 
29 12 27 18 33 16 
2 21 14 31 8 19 
13 30 1 20 15 32 
--
13 28 5 20 15 34 
4 21 14 35 6 19 
29 12 27 18 33 16 
22 3 36 9 26 7 
11 30 1 24 17 32 
2 23 10 31 8 25 
--
12 1 20 35 10 7 
21 28 11 8 19 36 
2 13 34 25 6 9 
29 22 27 16 33 18 
14 3 24 31 26 5 
23 30 15 4 17 32 
--
32 15 20 1 36 13 
19 8 33 14 21 2 
16 31 18 27 12 35 
7 26 9 34 3 22 
30 17 24 5 28 11 
25 6 29 10 23 4 
--
13 34 7 20 15 32 
6 21 14 33 8 19 
35 12 27 18 31 16 
22 5 36 9 26 1 
11 28 3 24 17 30 
4 23 10 29 2 25 
--
25 34 7 16 19 32 
8 17 26 33 6 15 
35 24 9 18 31 20 
10 1 36 27 14 5 
23 28 3 12 21 30 
2 11 22 29 4 13 
--
25 2 35 10 23 4 
36 17 24 3 28 11 
1 26 9 34 5 22 
16 33 18 27 12 29 
19 8 31 14 21 6 
32 15 20 7 30 13 
--
24 31 4 15 18 35 
3 16 25 36 5 14 
32 23 30 17 34 19 
9 2 33 26 13 6 
22 29 8 11 20 27 
1 10 21 28 7 12 
--
12 21 6 25 14 23 
7 30 13 22 5 26 
20 11 36 27 24 15 
31 8 29 16 35 4 
10 19 2 33 28 17 
1 32 9 18 3 34 
--
35 14 5 22 25 32 
4 23 36 33 6 21 
13 34 15 24 31 26 
16 3 30 9 20 7 
29 12 1 18 27 10 
2 17 28 11 8 19 
--
22 29 14 3 24 35 
13 4 23 36 15 2 
28 21 30 1 34 25 
5 12 27 18 9 16 
20 31 10 7 26 33 
11 6 19 32 17 8 
--
36 15 20 1 28 13 
19 8 35 14 21 2 
16 33 18 27 12 29 
7 26 9 34 3 22 
32 17 24 5 30 11 
25 6 31 10 23 4 
--
19 10 1 26 21 36 
2 27 20 33 8 25 
11 18 9 24 35 22 
28 3 34 15 32 7 
17 12 5 30 23 14 
4 29 16 13 6 31 
--
13 28 7 20 15 34 
6 21 14 35 8 19 
29 12 27 18 33 16 
22 5 36 9 26 1 
11 30 3 24 17 32 
4 23 10 31 2 25 
--
31 4 13 16 29 2 
14 23 30 3 12 17 
5 32 15 36 1 28 
22 35 24 9 18 11 
25 6 33 20 27 8 
34 21 26 7 10 19 
--
25 10 31 8 23 16 
32 1 24 17 30 7 
11 26 9 34 15 22 
2 33 18 27 6 29 
19 12 35 4 21 14 
36 3 20 13 28 5 
--
13 4 29 22 11 2 
30 21 12 3 28 23 
5 14 27 36 1 10 
20 31 18 9 24 35 
15 6 33 26 17 8 
32 19 16 7 34 25 
--
2 17 28 11 8 19 
29 12 1 18 27 10 
16 3 36 9 20 7 
13 30 15 24 33 26 
4 23 32 35 6 21 
31 14 5 22 25 34 
--
25 30 7 16 19 32 
6 17 26 31 8 15 
29 24 9 18 33 20 
10 5 36 27 14 1 
23 28 3 12 21 34 
4 11 22 35 2 13 
--
4 11 22 29 2 13 
23 28 3 12 21 30 
10 5 34 27 14 1 
35 24 9 18 31 20 
6 17 26 33 8 15 
25 36 7 16 19 32 
--
34 19 16 7 32 25 
15 6 33 26 17 8 
20 35 18 9 24 31 
5 14 27 36 1 10 
28 21 12 3 30 23 
13 4 29 22 11 2 
--
19 10 7 26 21 34 
8 27 20 33 6 25 
11 18 9 24 35 22 
28 1 36 15 32 5 
17 12 3 30 23 14 
2 29 16 13 4 31 
--
33 2 27 16 19 8 
26 15 32 9 28 17 
3 34 1 18 7 20 
14 25 22 31 10 29 
23 4 35 12 21 6 
36 13 24 5 30 11 
--
2 11 22 35 4 13 
23 28 3 12 21 34 
10 1 36 27 14 5 
29 24 9 18 33 20 
8 17 26 31 6 15 
25 30 7 16 19 32 
--
8 17 20 29 6 11 
19 28 7 10 21 30 
16 9 18 31 12 5 
27 32 1 22 35 24 
2 15 34 25 4 13 
33 26 3 14 23 36 
--
2 17 28 11 8 19 
29 12 1 18 27 10 
16 3 36 9 20 7 
13 30 15 24 33 26 
4 23 32 35 6 21 
31 14 5 22 25 34 
--
19 10 1 26 21 34 
2 27 20 33 8 25 
11 18 9 24 35 22 
28 3 36 15 32 7 
17 12 5 30 23 14 
4 29 16 13 6 31 
--
35 14 19 2 27 12 
18 3 34 13 20 1 
15 36 17 26 11 28 
4 25 30 33 8 21 
31 16 23 6 29 10 
24 5 32 9 22 7 
--
36 25 22 7 14 31 
21 8 35 32 23 6 
26 33 24 15 30 13 
1 20 9 34 5 16 
10 27 18 3 12 29 
19 2 11 28 17 4 
--
31 6 13 16 29 4 
14 23 30 5 12 17 
7 32 15 36 3 28 
22 35 24 9 18 11 
25 8 33 20 27 2 
34 21 26 1 10 19 
--
23 14 29 2 21 12 
28 3 22 13 34 1 
15 24 35 30 11 20 
4 27 16 33 8 31 
17 36 25 6 19 10 
26 5 18 9 32 7 
--
31 6 13 16 29 4 
14 23 30 5 12 17 
7 32 15 34 3 28 
22 35 24 9 18 11 
25 8 33 20 27 2 
36 21 26 1 10 19 
--
19 10 7 26 21 34 
8 27 20 33 6 25 
11 18 9 24 35 22 
28 1 36 15 32 5 
17 12 3 30 23 14 
2 29 16 13 4 31 
--
19 10 7 26 21 36 
6 27 20 35 8 25 
11 18 9 24 31 22 
28 5 30 15 34 1 
17 12 3 32 23 14 
4 29 16 13 2 33 
--
32 15 20 1 30 13 
19 8 31 14 21 2 
16 33 18 27 12 29 
7 26 9 36 3 22 
34 17 24 5 28 11 
25 6 35 10 23 4 
--
4 17 28 11 6 19 
29 12 5 18 27 10 
16 3 36 9 20 7 
13 30 15 24 33 26 
2 23 32 35 8 21 
31 14 1 22 25 34 
--
32 19 16 7 36 25 
15 6 33 26 17 8 
20 31 18 9 24 35 
5 14 27 34 1 10 
30 21 12 3 28 23 
13 4 29 22 11 2 
--
36 25 22 1 14 31 
21 8 35 32 23 2 
26 33 24 15 30 13 
7 20 9 34 3 16 
10 27 18 5 12 29 
19 6 11 28 17 4 
--
2 17 28 11 8 19 
29 12 1 18 27 10 
16 3 34 9 20 7 
13 30 15 24 33 26 
4 23 32 35 6 21 
31 14 5 22 25 36 
--
2 17 28 11 8 19 
29 12 1 18 27 10 
16 3 36 9 20 7 
13 30 15 24 33 26 
4 23 32 35 6 21 
31 14 5 22 25 34 
--
31 2 13 16 29 4 
14 23 30 3 12 17 
1 32 15 36 5 28 
22 35 24 9 18 11 
25 8 33 20 27 6 
34 21 26 7 10 19 
--
32 3 18 9 30 1 
17 26 31 2 19 10 
4 33 16 25 8 29 
15 24 27 36 11 20 
34 5 22 13 28 7 
23 14 35 6 21 12 
--
31 4 13 16 29 2 
14 23 30 3 12 17 
5 32 15 34 1 28 
22 35 24 9 18 11 
25 6 33 20 27 8 
36 21 26 7 10 19 
--
2 23 10 31 8 25 
11 30 1 24 17 32 
22 3 36 9 26 7 
29 12 27 18 33 16 
4 21 14 35 6 19 
13 28 5 20 15 34 
--
19 10 7 26 21 34 
6 27 20 33 8 25 
11 18 9 24 35 22 
28 5 36 15 32 1 
17 12 3 30 23 14 
4 29 16 13 2 31 
--
12 7 20 31 10 1 
21 34 11 8 19 32 
6 13 30 33 2 9 
25 22 35 16 29 18 
14 5 24 27 36 3 
23 26 15 4 17 28 
--
4 17 28 11 6 19 
29 12 5 18 27 10 
16 3 34 9 20 7 
13 30 15 24 33 26 
2 23 32 35 8 21 
31 14 1 22 25 36 
--
2 23 10 35 8 25 
11 28 1 24 17 36 
22 3 34 9 26 7 
29 12 27 18 33 16 
4 21 14 31 6 19 
13 30 5 20 15 32 
--
36 25 22 1 14 31 
21 8 35 32 23 2 
26 33 24 15 30 13 
7 20 9 34 3 16 
10 27 18 5 12 29 
19 6 11 28 17 4 
--
34 19 16 7 32 25 
15 6 33 26 17 8 
20 35 18 9 24 31 
5 14 27 36 1 10 
28 21 12 3 30 23 
13 4 29 22 11 2 
--
23 14 35 2 21 12 
36 3 22 13 34 1 
15 24 33 28 11 20 
4 27 16 31 8 29 
17 32 25 6 19 10 
26 5 18 9 30 7 
--
32 15 20 1 30 13 
19 8 31 14 21 2 
16 33 18 27 12 29 
7 26 9 36 3 22 
34 17 24 5 28 11 
25 6 35 10 23 4 
--
7 22 9 32 5 24 
10 29 6 23 16 31 
21 8 33 30 25 4 
28 11 26 17 36 15 
1 20 13 34 3 18 
12 27 2 19 14 35 
--
2 17 28 11 8 19 
29 12 1 18 27 10 
16 3 36 9 20 7 
13 30 15 24 33 26 
4 23 32 35 6 21 
31 14 5 22 25 34 
--
32 15 20 1 30 13 
19 8 31 14 21 2 
16 33 18 27 12 29 
7 26 9 36 3 22 
34 17 24 5 28 11 
25 6 35 10 23 4 
--
31 6 13 16 29 4 
14 23 30 5 12 17 
7 32 15 36 3 28 
22 35 24 9 18 11 
25 8 33 20 27 2 
34 21 26 1 10 19 
--
35 14 19 2 27 12 
18 3 34 13 20 1 
15 36 17 26 11 28 
4 25 30 33 8 21 
31 16 23 6 29 10 
24 5 32 9 22 7 
--
32 19 16 7 30 25 
15 6 31 26 17 8 
20 33 18 9 24 29 
5 14 27 36 1 10 
34 21 12 3 28 23 
13 4 35 22 11 2 
--
19 10 1 26 21 36 
2 27 20 33 8 25 
11 18 9 24 35 22 
28 3 34 15 32 7 
17 12 5 30 23 14 
4 29 16 13 6 31 
--
2 11 22 29 4 13 
23 30 3 12 21 28 
10 1 34 27 14 5 
31 24 9 18 35 20 
8 17 26 33 6 15 
25 32 7 16 19 36 
--
7 10 35 20 1 12 
36 19 8 11 34 21 
9 6 33 28 13 2 
18 25 16 31 22 29 
5 32 27 24 3 14 
26 17 4 15 30 23 
--
2 11 22 35 4 13 
23 28 3 12 21 34 
10 1 36 27 14 5 
29 24 9 18 33 20 
8 17 26 31 6 15 
25 30 7 16 19 32 
--
25 8 31 10 23 2 
32 17 24 1 30 11 
7 26 9 36 3 22 
16 33 18 27 12 29 
19 6 35 14 21 4 
34 15 20 5 28 13 
--
31 4 13 16 29 2 
14 23 30 3 12 17 
5 32 15 34 1 28 
22 35 24 9 18 11 
25 6 33 20 27 8 
36 21 26 7 10 19 
--
12 1 20 29 10 7 
21 36 11 8 19 30 
2 13 28 31 6 9 
35 22 33 16 25 18 
14 3 24 27 32 5 
23 34 15 4 17 26 
--
36 23 14 3 26 33 
13 4 25 34 15 2 
24 35 22 1 32 27 
5 12 31 18 9 16 
30 21 10 7 28 19 
11 6 29 20 17 8 
--
25 8 29 10 23 2 
30 17 24 1 28 11 
7 26 9 36 3 22 
16 31 18 27 12 35 
19 6 33 14 21 4 
32 15 20 5 34 13 
--
4 23 10 29 2 25 
11 28 3 24 17 30 
22 5 34 9 26 1 
35 12 27 18 31 16 
6 21 14 33 8 19 
13 36 7 20 15 32 
--
13 28 5 20 15 34 
4 21 14 35 6 19 
29 12 27 18 33 16 
22 3 36 9 26 7 
11 30 1 24 17 32 
2 23 10 31 8 25 
--
4 17 28 11 6 19 
29 12 5 18 27 10 
16 3 34 9 20 7 
13 30 15 24 33 26 
2 23 32 35 8 21 
31 14 1 22 25 36 
--
22 35 14 3 24 29 
13 4 23 28 15 2 
36 21 34 1 30 25 
5 12 27 18 9 16 
20 33 10 7 26 31 
11 6 19 32 17 8 
--
32 19 16 7 30 25 
15 6 31 26 17 8 
20 33 18 9 24 29 
5 14 27 36 1 10 
34 21 12 3 28 23 
13 4 35 22 11 2 
--
13 28 1 20 15 36 
2 21 14 35 8 19 
29 12 27 18 33 16 
22 3 34 9 26 7 
11 30 5 24 17 32 
4 23 10 31 6 25 
--
4 17 28 11 2 19 
29 12 3 18 27 10 
16 5 36 9 20 1 
13 30 15 24 33 26 
6 23 32 35 8 21 
31 14 7 22 25 34 
--
31 4 13 16 29 2 
14 23 30 3 12 17 
5 32 15 36 1 28 
22 35 24 9 18 11 
25 6 33 20 27 8 
34 21 26 7 10 19 
--
13 2 35 22 11 4 
36 21 12 3 28 23 
1 14 27 34 5 10 
20 33 18 9 24 29 
15 8 31 26 17 6 
32 19 16 7 30 25 
--
34 25 22 7 14 31 
21 8 35 32 23 6 
26 33 24 15 30 13 
1 20 9 36 5 16 
10 27 18 3 12 29 
19 2 11 28 17 4 
--
13 2 29 22 11 4 
28 21 12 3 30 23 
1 14 27 36 5 10 
20 35 18 9 24 31 
15 8 33 26 17 6 
34 19 16 7 32 25 
--
34 25 22 1 14 31 
21 8 35 32 23 2 
26 33 24 15 30 13 
7 20 9 36 3 16 
10 27 18 5 12 29 
19 6 11 28 17 4 
--
5 36 13 20 7 32 
14 21 6 33 12 19 
35 4 27 18 31 8 
22 15 34 9 26 11 
3 28 17 24 1 30 
16 23 2 29 10 25 
--
11 30 5 24 13 36 
6 21 12 35 4 23 
29 10 31 22 25 14 
20 7 18 1 34 3 
17 28 9 32 15 26 
8 19 16 27 2 33 
--
25 8 35 10 23 2 
34 17 24 1 28 11 
7 26 9 36 3 22 
16 33 18 27 12 29 
19 6 31 14 21 4 
32 15 20 5 30 13 
--
2 11 22 35 4 13 
23 28 3 12 21 34 
10 1 36 27 14 5 
29 24 9 18 33 20 
8 17 26 31 6 15 
25 30 7 16 19 32 
--
7 22 9 32 5 24 
10 29 6 23 16 31 
21 8 33 30 25 4 
28 11 26 17 36 15 
1 20 13 34 3 18 
12 27 2 19 14 35 
--
13 4 29 22 11 2 
28 21 12 3 30 23 
5 14 27 36 1 10 
20 35 18 9 24 31 
15 6 33 26 17 8 
34 19 16 7 32 25 
--
12 21 6 25 14 23 
7 30 13 22 5 26 
20 11 36 27 24 15 
31 8 29 16 35 4 
10 19 2 33 28 17 
1 32 9 18 3 34 
--
2 17 28 11 8 19 
29 12 1 18 27 10 
16 3 34 9 20 7 
13 30 15 24 33 26 
4 23 32 35 6 21 
31 14 5 22 25 36 
--
12 1 28 21 10 7 
27 20 11 8 29 22 
2 13 26 33 6 9 
19 34 17 30 23 32 
14 3 36 25 16 5 
35 18 15 4 31 24 
--
13 4 35 22 11 2 
36 21 12 3 28 23 
5 14 27 34 1 10 
20 33 18 9 24 29 
15 6 31 26 17 8 
32 19 16 7 30 25 
--
13 4 29 22 11 2 
30 21 12 3 28 23 
5 14 27 34 1 10 
20 31 18 9 24 35 
15 6 33 26 17 8 
32 19 16 7 36 25 
--
4 23 10 29 6 25 
11 28 5 24 17 30 
22 3 34 9 26 7 
35 12 27 18 31 16 
2 21 14 33 8 19 
13 36 1 20 15 32 
--
34 25 22 5 14 31 
21 6 35 32 23 4 
26 33 24 15 30 13 
7 20 9 36 3 16 
10 27 18 1 12 29 
19 8 11 28 17 2 
--
31 2 13 16 29 4 
14 23 30 3 12 17 
1 32 15 34 5 28 
22 35 24 9 18 11 
25 8 33 20 27 6 
36 21 26 7 10 19 
--
2 11 22 29 4 13 
23 30 3 12 21 28 
10 1 34 27 14 5 
31 24 9 18 35 20 
8 17 26 33 6 15 
25 32 7 16 19 36 
--
28 17 4 15 26 23 
5 36 27 24 3 14 
18 29 16 35 22 25 
9 6 33 30 13 2 
32 19 8 11 34 21 
7 10 31 20 1 12 
--
25 34 7 16 19 32 
6 17 26 33 8 15 
35 24 9 18 31 20 
10 5 36 27 14 1 
23 28 3 12 21 30 
4 11 22 29 2 13 
--
35 14 19 2 27 12 
18 3 34 13 20 1 
15 36 17 26 11 28 
4 25 30 33 8 21 
31 16 23 6 29 10 
24 5 32 9 22 7 
--
31 4 13 16 29 2 
14 23 30 3 12 17 
5 32 15 34 1 28 
22 35 24 9 18 11 
25 6 33 20 27 8 
36 21 26 7 10 19 
--
12 21 6 25 14 23 
7 30 13 22 5 26 
20 11 34 27 24 15 
31 8 29 16 35 4 
10 19 2 33 28 17 
1 32 9 18 3 36 
--
31 2 25 16 29 8 
24 15 30 9 26 17 
3 32 1 18 7 28 
14 23 36 27 10 19 
33 4 21 12 35 6 
22 13 34 5 20 11 
--
31 4 13 16 29 2 
14 23 30 3 12 17 
5 32 15 34 1 28 
22 35 24 9 18 11 
25 6 33 20 27 8 
36 21 26 7 10 19 
--
13 4 29 22 11 2 
30 21 12 3 28 23 
5 14 27 36 1 10 
20 31 18 9 24 35 
15 6 33 26 17 8 
32 19 16 7 34 25 
--
34 19 16 1 32 25 
15 8 33 26 17 2 
20 35 18 9 24 31 
7 14 27 36 3 10 
28 21 12 5 30 23 
13 6 29 22 11 4 
--
35 18 15 4 31 24 
14 3 34 25 16 5 
19 36 17 30 23 32 
2 13 26 33 6 9 
27 20 11 8 29 22 
12 1 28 21 10 7 
--
31 4 13 16 29 2 
14 23 30 3 12 17 
5 32 15 36 1 28 
22 35 24 9 18 11 
25 6 33 20 27 8 
34 21 26 7 10 19 
--
13 28 5 20 15 36 
4 21 14 35 6 19 
29 12 27 18 33 16 
22 3 34 9 26 7 
11 30 1 24 17 32 
2 23 10 31 8 25 
--
13 30 5 20 15 32 
4 21 14 31 6 19 
29 12 27 18 33 16 
22 3 34 9 26 7 
11 28 1 24 17 36 
2 23 10 35 8 25 
--
12 1 28 21 10 7 
27 20 11 8 29 22 
2 13 26 33 6 9 
19 34 17 30 23 32 
14 3 36 25 16 5 
35 18 15 4 31 24 
--
4 11 22 29 6 13 
23 30 5 12 21 28 
10 3 36 27 14 7 
31 24 9 18 35 20 
2 17 26 33 8 15 
25 32 1 16 19 34 
--
36 19 2 11 32 25 
3 12 33 26 1 10 
20 35 18 9 24 31 
13 4 27 34 17 8 
28 21 6 15 30 23 
5 14 29 22 7 16 
--
31 2 13 16 29 4 
14 23 30 3 12 17 
1 32 15 34 5 28 
22 35 24 9 18 11 
25 8 33 20 27 6 
36 21 26 7 10 19 
--
19 10 1 26 21 36 
2 27 20 33 8 25 
11 18 9 24 35 22 
28 3 34 15 32 7 
17 12 5 30 23 14 
4 29 16 13 6 31 
--
25 2 35 10 23 4 
36 17 24 3 28 11 
1 26 9 34 5 22 
16 33 18 27 12 29 
19 8 31 14 21 6 
32 15 20 7 30 13 
--
36 25 22 1 14 33 
21 8 31 34 23 2 
26 35 24 15 32 13 
7 20 9 30 3 16 
10 27 18 5 12 29 
19 6 11 28 17 4 
--
32 15 20 7 30 13 
19 8 31 14 21 6 
16 33 18 27 12 29 
1 26 9 36 5 22 
34 17 24 3 28 11 
25 2 35 10 23 4 
--
26 17 4 15 30 23 
5 32 27 24 3 14 
18 25 16 31 22 29 
9 6 33 28 13 2 
36 19 8 11 34 21 
7 10 35 20 1 12 
--
2 11 22 29 4 13 
23 30 3 12 21 28 
10 1 36 27 14 5 
31 24 9 18 35 20 
8 17 26 33 6 15 
25 32 7 16 19 34 
--
34 19 16 7 32 25 
15 6 33 26 17 8 
20 35 18 9 24 31 
5 14 27 36 1 10 
28 21 12 3 30 23 
13 4 29 22 11 2 
--
31 4 13 16 29 2 
14 23 30 3 12 17 
5 32 15 34 1 28 
22 35 24 9 18 11 
25 6 33 20 27 8 
36 21 26 7 10 19 
--
2 17 28 11 8 19 
29 12 1 18 27 10 
16 3 34 9 20 7 
13 30 15 24 33 26 
4 23 32 35 6 21 
31 14 5 22 25 36 
--
13 6 35 22 11 4 
36 21 12 5 28 23 
7 14 27 34 3 10 
20 33 18 9 24 29 
15 8 31 26 17 2 
32 19 16 1 30 25 
--
36 25 22 1 14 31 
21 8 35 32 23 2 
26 33 24 15 30 13 
7 20 9 34 3 16 
10 27 18 5 12 29 
19 6 11 28 17 4 
--
29 2 25 16 31 8 
24 15 30 9 26 17 
3 28 1 18 7 32 
14 23 34 27 10 19 
35 4 21 12 33 6 
22 13 36 5 20 11 
--
2 11 22 35 4 13 
23 28 3 12 21 34 
10 1 36 27 14 5 
29 24 9 18 33 20 
8 17 26 31 6 15 
25 30 7 16 19 32 
--
35 6 13 16 29 4 
14 23 36 5 12 17 
7 34 15 30 3 28 
22 31 24 9 18 11 
25 8 33 20 27 2 
32 21 26 1 10 19 
--
36 19 2 11 32 25 
3 12 33 26 1 10 
20 35 18 9 24 31 
13 4 27 34 17 8 
28 21 6 15 30 23 
5 14 29 22 7 16 
--
16 7 22 29 14 5 
23 28 15 6 21 30 
8 17 34 27 4 13 
35 24 9 18 31 20 
10 1 26 33 12 3 
25 36 11 2 19 32 
--
4 23 10 31 2 25 
11 30 3 24 17 32 
22 5 34 9 26 1 
29 12 27 18 33 16 
6 21 14 35 8 19 
13 28 7 20 15 36 
--
36 25 22 7 14 31 
21 8 35 32 23 6 
26 33 24 15 30 13 
1 20 9 34 5 16 
10 27 18 3 12 29 
19 2 11 28 17 4 
--
32 19 2 11 36 25 
3 12 33 26 1 10 
20 31 18 9 24 35 
13 4 27 34 17 8 
30 21 6 15 28 23 
5 14 29 22 7 16 
--
5 32 27 16 3 36 
28 17 4 33 26 15 
31 6 29 14 35 2 
18 9 34 25 22 13 
7 30 11 20 1 24 
10 19 8 23 12 21 
--
36 25 22 7 14 33 
21 8 31 34 23 6 
26 35 24 15 32 13 
1 20 9 30 5 16 
10 27 18 3 12 29 
19 2 11 28 17 4 
--
25 10 35 8 23 16 
36 1 24 17 28 7 
11 26 9 34 15 22 
2 33 18 27 6 29 
19 12 31 4 21 14 
32 3 20 13 30 5 
--
31 4 13 16 29 2 
14 23 30 3 12 17 
5 32 15 34 1 28 
22 35 24 9 18 11 
25 6 33 20 27 8 
36 21 26 7 10 19 
--
12 21 6 25 14 23 
7 30 13 22 5 26 
20 11 34 27 24 15 
31 8 29 16 35 4 
10 19 2 33 28 17 
1 32 9 18 3 36 
--
19 10 1 26 21 34 
2 27 20 33 8 25 
11 18 9 24 35 22 
28 3 36 15 32 7 
17 12 5 30 23 14 
4 29 16 13 6 31 
--
31 6 13 16 29 4 
14 23 30 5 12 17 
7 32 15 36 3 28 
22 35 24 9 18 11 
25 8 33 20 27 2 
34 21 26 1 10 19 
--
36 19 16 7 32 25 
15 6 33 26 17 8 
20 35 18 9 24 31 
5 14 27 34 1 10 
28 21 12 3 30 23 
13 4 29 22 11 2 
--
25 36 7 16 19 32 
8 17 26 33 6 15 
35 24 9 18 31 20 
10 1 34 27 14 5 
23 28 3 12 21 30 
2 11 22 29 4 13 
--
25 8 35 10 23 2 
36 17 24 1 28 11 
7 26 9 34 3 22 
16 33 18 27 12 29 
19 6 31 14 21 4 
32 15 20 5 30 13 
--
2 11 22 29 4 13 
23 30 3 12 21 28 
10 1 36 27 14 5 
31 24 9 18 35 20 
8 17 26 33 6 15 
25 32 7 16 19 34 
--
23 14 29 2 21 12 
30 3 22 13 34 1 
15 24 31 28 11 20 
4 27 16 33 8 35 
17 32 25 6 19 10 
26 5 18 9 36 7 
--
36 25 22 1 14 33 
21 8 31 34 23 2 
26 35 24 15 32 13 
7 20 9 30 3 16 
10 27 18 5 12 29 
19 6 11 28 17 4 
--
32 15 20 7 34 13 
19 8 33 14 21 6 
16 31 18 27 12 35 
1 26 9 36 5 22 
30 17 24 3 28 11 
25 2 29 10 23 4 
--
13 28 5 20 15 36 
4 21 14 35 6 19 
29 12 27 18 33 16 
22 3 34 9 26 7 
11 30 1 24 17 32 
2 23 10 31 8 25 
--
23 26 15 4 17 34 
14 5 24 35 28 3 
25 22 27 16 33 18 
6 13 36 29 2 9 
21 30 11 8 19 32 
12 7 20 31 10 1 
--
13 2 31 22 11 8 
32 21 12 9 30 23 
3 14 1 36 7 10 
20 33 18 29 24 27 
15 4 35 26 17 6 
34 19 16 5 28 25 
--
25 10 35 8 23 16 
36 1 24 17 28 7 
11 26 9 34 15 22 
2 33 18 27 6 29 
19 12 31 4 21 14 
32 3 20 13 30 5 
--
4 17 28 11 2 19 
29 12 3 18 27 10 
16 5 34 9 20 1 
13 30 15 24 33 26 
6 23 32 35 8 21 
31 14 7 22 25 36 
--
36 25 22 1 14 31 
21 8 35 32 23 2 
26 33 24 15 30 13 
7 20 9 34 3 16 
10 27 18 5 12 29 
19 6 11 28 17 4 
--
25 10 31 8 23 16 
32 1 24 17 30 7 
11 26 9 34 15 22 
2 33 18 27 6 29 
19 12 35 4 21 14 
36 3 20 13 28 5 
--
25 2 35 10 23 4 
36 17 24 3 28 11 
1 26 9 34 5 22 
16 33 18 27 12 29 
19 8 31 14 21 6 
32 15 20 7 30 13 
--
4 11 22 29 6 13 
23 30 5 12 21 28 
10 3 36 27 14 7 
31 24 9 18 35 20 
2 17 26 33 8 15 
25 32 1 16 19 34 
--
4 23 10 35 2 25 
11 28 3 24 17 34 
22 5 36 9 26 1 
29 12 27 18 33 16 
6 21 14 31 8 19 
13 30 7 20 15 32 
--
4 23 10 35 2 25 
11 28 3 24 17 36 
22 5 34 9 26 1 
29 12 27 18 33 16 
6 21 14 31 8 19 
13 30 7 20 15 32 
--
32 19 16 7 36 25 
15 6 33 26 17 8 
20 31 18 9 24 35 
5 14 27 34 1 10 
30 21 12 3 28 23 
13 4 29 22 11 2 
--
4 23 10 35 6 25 
11 28 5 24 17 36 
22 3 34 9 26 7 
29 12 27 18 33 16 
2 21 14 31 8 19 
13 30 1 20 15 32 
--
36 25 22 1 14 31 
21 8 35 32 23 2 
26 33 24 15 30 13 
7 20 9 34 3 16 
10 27 18 5 12 29 
19 6 11 28 17 4 
--
26 17 4 15 30 23 
5 32 27 24 3 14 
18 25 16 31 22 29 
9 6 33 28 13 2 
34 19 8 11 36 21 
7 10 35 20 1 12 
--
2 29 16 13 4 35 
17 12 3 34 23 14 
28 1 30 15 36 5 
11 18 9 24 33 22 
8 27 20 31 6 25 
19 10 7 26 21 32 
--
13 28 5 20 15 36 
4 21 14 35 6 19 
29 12 27 18 33 16 
22 3 34 9 26 7 
11 30 1 24 17 32 
2 23 10 31 8 25 
--
19 10 1 26 21 36 
2 27 20 33 8 25 
11 18 9 24 35 22 
28 3 34 15 32 7 
17 12 5 30 23 14 
4 29 16 13 6 31 
--
31 2 13 16 29 4 
14 23 30 3 12 17 
1 32 15 34 5 28 
22 35 24 9 18 11 
25 8 33 20 27 6 
36 21 26 7 10 19 
--
23 28 15 4 17 26 
14 3 24 27 34 5 
29 22 35 16 25 18 
2 13 30 33 6 9 
21 36 11 8 19 32 
12 1 20 31 10 7 
--
28 17 4 15 26 23 
5 36 27 24 3 14 
18 29 16 35 22 25 
9 6 33 30 13 2 
32 19 8 11 34 21 
7 10 31 20 1 12 
--
31 6 13 16 29 4 
14 23 30 5 12 17 
7 32 15 36 3 28 
22 35 24 9 18 11 
25 8 33 20 27 2 
34 21 26 1 10 19 
--
36 21 26 7 10 19 
25 6 31 20 27 8 
22 35 24 9 18 11 
5 32 15 30 1 28 
14 23 34 3 12 17 
33 4 13 16 29 2 
--
13 28 5 20 15 34 
4 21 14 35 6 19 
29 12 27 18 33 16 
22 3 36 9 26 7 
11 30 1 24 17 32 
2 23 10 31 8 25 
--
36 25 22 7 14 31 
21 8 35 32 23 6 
26 33 24 15 30 13 
1 20 9 34 5 16 
10 27 18 3 12 29 
19 2 11 28 17 4 
--
25 30 1 16 19 32 
2 17 26 31 8 15 
29 24 9 18 33 20 
10 3 34 27 14 7 
23 28 5 12 21 36 
4 11 22 35 6 13 
--
5 14 29 22 3 16 
30 21 4 15 28 23 
13 6 27 34 17 2 
20 31 18 9 24 35 
7 12 33 26 1 10 
32 19 8 11 36 25 
--
13 36 5 20 15 32 
4 21 14 33 6 19 
35 12 27 18 31 16 
22 3 34 9 26 7 
11 28 1 24 17 30 
2 23 10 29 8 25 
--
2 11 22 29 4 13 
23 30 3 12 21 28 
10 1 34 27 14 5 
31 24 9 18 35 20 
8 17 26 33 6 15 
25 32 7 16 19 36 
--
32 19 16 7 34 25 
15 6 33 26 17 8 
20 31 18 9 24 35 
5 14 27 36 1 10 
30 21 12 3 28 23 
13 4 29 22 11 2 
--
19 2 11 28 17 4 
10 27 18 3 12 29 
1 20 9 34 5 16 
26 33 24 15 30 13 
21 8 35 32 23 6 
36 25 22 7 14 31 
--
2 11 22 29 4 13 
23 28 3 12 21 30 
10 1 34 27 14 5 
35 24 9 18 31 20 
8 17 26 33 6 15 
25 36 7 16 19 32 
--
19 10 7 26 21 36 
6 27 20 33 8 25 
11 18 9 24 35 22 
28 5 34 15 32 1 
17 12 3 30 23 14 
4 29 16 13 2 31 
--
25 8 31 10 23 2 
32 17 24 1 30 11 
7 26 9 36 3 22 
16 33 18 27 12 29 
19 6 35 14 21 4 
34 15 20 5 28 13 
--
2 17 28 11 8 19 
29 12 1 18 27 10 
16 3 34 9 20 7 
13 30 15 24 33 26 
4 23 32 35 6 21 
31 14 5 22 25 36 
--
23 26 15 4 17 34 
14 5 24 35 28 3 
25 22 27 16 33 18 
6 13 36 29 2 9 
21 30 11 8 19 32 
12 7 20 31 10 1 
--
4 17 28 11 6 19 
29 12 5 18 27 10 
16 3 34 9 20 7 
13 30 15 24 33 26 
2 23 32 35 8 21 
31 14 1 22 25 36 
--
36 19 16 7 32 25 
15 6 33 26 17 8 
20 35 18 9 24 31 
5 14 27 34 1 10 
28 21 12 3 30 23 
13 4 29 22 11 2 
--
2 11 22 35 4 13 
23 28 3 12 21 36 
10 1 34 27 14 5 
29 24 9 18 33 20 
8 17 26 31 6 15 
25 30 7 16 19 32 
--
32 21 26 7 10 19 
25 6 31 20 27 8 
22 33 24 9 18 11 
5 36 15 30 1 28 
14 23 34 3 12 17 
35 4 13 16 29 2 
--
25 36 1 16 19 32 
2 17 26 33 8 15 
35 24 9 18 31 20 
10 3 34 27 14 7 
23 28 5 12 21 30 
4 11 22 29 6 13 
--
13 28 5 20 15 34 
4 21 14 35 6 19 
29 12 27 18 33 16 
22 3 36 9 26 7 
11 30 1 24 17 32 
2 23 10 31 8 25 
--
13 28 5 20 15 34 
4 21 14 35 6 19 
29 12 27 18 33 16 
22 3 36 9 26 7 
11 30 1 24 17 32 
2 23 10 31 8 25 
--
8 17 20 29 6 11 
19 28 7 10 21 30 
16 9 18 31 12 5 
27 32 1 22 35 24 
2 15 34 25 4 13 
33 26 3 14 23 36 
--
13 2 29 22 11 4 
30 21 12 3 28 23 
1 14 27 34 5 10 
20 31 18 9 24 35 
15 8 33 26 17 6 
32 19 16 7 36 25 
--
32 19 16 7 30 25 
15 6 31 26 17 8 
20 33 18 9 24 29 
5 14 27 36 1 10 
34 21 12 3 28 23 
13 4 35 22 11 2 
--
11 30 5 24 13 36 
6 21 12 35 4 23 
29 10 31 22 25 14 
20 7 18 1 34 3 
17 28 9 32 15 26 
8 19 16 27 2 33 
--
4 11 22 29 6 13 
23 30 5 12 21 28 
10 3 36 27 14 7 
31 24 9 18 35 20 
2 17 26 33 8 15 
25 32 1 16 19 34 
--
24 31 4 15 18 35 
5 16 25 36 3 14 
32 23 30 17 34 19 
9 6 33 26 13 2 
22 29 8 11 20 27 
7 10 21 28 1 12 
--
2 17 28 11 8 19 
29 12 1 18 27 10 
16 3 34 9 20 7 
13 30 15 24 33 26 
4 23 32 35 6 21 
31 14 5 22 25 36 
--
4 17 28 11 2 19 
29 12 3 18 27 10 
16 5 36 9 20 1 
13 30 15 24 33 26 
6 23 32 35 8 21 
31 14 7 22 25 34 
--
34 25 22 5 14 31 
21 6 35 32 23 4 
26 33 24 15 30 13 
7 20 9 36 3 16 
10 27 18 1 12 29 
19 8 11 28 17 2 
--
25 32 5 16 19 36 
6 17 26 35 4 15 
33 24 31 18 27 20 
10 7 34 1 14 3 
23 30 9 12 21 28 
8 11 22 29 2 13 
--
2 17 28 11 8 19 
29 12 1 18 27 10 
16 3 34 9 20 7 
13 30 15 24 33 26 
4 23 32 35 6 21 
31 14 5 22 25 36 
--
34 15 20 3 32 13 
19 4 33 14 21 2 
16 35 18 1 12 31 
5 26 29 36 9 22 
28 17 24 7 30 11 
25 6 27 10 23 8 
--
25 8 31 10 23 2 
32 17 24 1 30 11 
7 26 9 36 3 22 
16 33 18 27 12 29 
19 6 35 14 21 4 
34 15 20 5 28 13 
--
31 6 13 16 29 4 
14 23 30 5 12 17 
7 32 15 34 3 28 
22 35 24 9 18 11 
25 8 33 20 27 2 
36 21 26 1 10 19 
--
10 29 8 21 12 35 
7 22 11 36 1 20 
30 9 28 19 34 13 
23 6 17 14 27 2 
16 31 4 25 18 33 
5 24 15 32 3 26 
--
34 25 22 5 14 31 
21 6 35 32 23 4 
26 33 24 15 30 13 
7 20 9 36 3 16 
10 27 18 1 12 29 
19 8 11 28 17 2 
--
8 33 10 19 6 27 
11 20 7 26 35 18 
32 9 34 17 28 5 
21 12 1 36 25 16 
2 31 14 23 4 29 
13 22 3 30 15 24 
--
19 10 1 26 21 36 
2 27 20 33 8 25 
11 18 9 24 35 22 
28 3 34 15 32 7 
17 12 5 30 23 14 
4 29 16 13 6 31 
--
25 30 7 16 19 32 
6 17 26 31 8 15 
29 24 9 18 33 20 
10 5 34 27 14 1 
23 28 3 12 21 36 
4 11 22 35 2 13 
--
19 10 7 26 21 34 
8 27 20 33 6 25 
11 18 9 24 35 22 
28 1 36 15 32 5 
17 12 3 30 23 14 
2 29 16 13 4 31 
--
25 8 35 10 23 2 
34 17 24 1 28 11 
7 26 9 36 3 22 
16 33 18 27 12 29 
19 6 31 14 21 4 
32 15 20 5 30 13 
--
12 1 28 21 10 7 
27 20 11 8 29 22 
2 13 26 33 6 9 
19 34 17 30 23 32 
14 3 36 25 16 5 
35 18 15 4 31 24 
--
13 4 29 22 11 2 
30 21 12 3 28 23 
5 14 27 34 1 10 
20 31 18 9 24 35 
15 6 33 26 17 8 
32 19 16 7 36 25 
--
31 2 25 16 29 8 
24 15 30 9 26 17 
3 32 1 18 7 28 
14 23 36 27 10 19 
33 4 21 12 35 6 
22 13 34 5 20 11 
--
31 6 13 16 29 4 
14 23 30 5 12 17 
7 32 15 36 3 28 
22 35 24 9 18 11 
25 8 33 20 27 2 
34 21 26 1 10 19 
--
25 32 1 16 19 34 
2 17 26 33 8 15 
31 24 9 18 35 20 
10 3 36 27 14 7 
23 30 5 12 21 28 
4 11 22 29 6 13 
--
31 4 13 16 29 2 
14 23 30 3 12 17 
5 32 15 36 1 28 
22 35 24 9 18 11 
25 6 33 20 27 8 
34 21 26 7 10 19 
--
13 2 29 22 11 4 
30 21 12 3 28 23 
1 14 27 36 5 10 
20 31 18 9 24 35 
15 8 33 26 17 6 
32 19 16 7 34 25 
--
25 30 7 16 19 32 
8 17 26 31 6 15 
29 24 9 18 33 20 
10 1 36 27 14 5 
23 28 3 12 21 34 
2 11 22 35 4 13 
--
36 23 14 3 26 33 
13 4 25 34 15 2 
24 35 22 1 32 27 
5 12 31 18 9 16 
30 21 10 7 28 19 
11 6 29 20 17 8 
--
25 8 35 10 23 2 
36 17 24 1 28 11 
7 26 9 34 3 22 
16 33 18 27 12 29 
19 6 31 14 21 4 
32 15 20 5 30 13 
--
4 17 28 11 6 19 
29 12 5 18 27 10 
16 3 36 9 20 7 
13 30 15 24 33 26 
2 23 32 35 8 21 
31 14 1 22 25 34 
--
36 25 22 5 14 31 
21 6 35 32 23 4 
26 33 24 15 30 13 
7 20 9 34 3 16 
10 27 18 1 12 29 
19 8 11 28 17 2 
--
25 8 29 10 23 2 
30 17 24 1 28 11 
7 26 9 36 3 22 
16 31 18 27 12 35 
19 6 33 14 21 4 
32 15 20 5 34 13 
--
32 15 20 1 30 13 
19 8 31 14 21 2 
16 33 18 27 12 29 
7 26 9 36 3 22 
34 17 24 5 28 11 
25 6 35 10 23 4 
--
13 34 5 20 15 32 
4 21 14 33 6 19 
35 12 27 18 31 16 
22 3 36 9 26 7 
11 28 1 24 17 30 
2 23 10 29 8 25 
--
32 15 20 5 30 13 
19 6 31 14 21 4 
16 33 18 27 12 29 
7 26 9 36 3 22 
34 17 24 1 28 11 
25 8 35 10 23 2 
--
25 30 11 8 19 32 
10 1 26 31 12 7 
29 24 9 18 33 20 
2 17 34 27 6 13 
23 28 15 4 21 36 
16 3 22 35 14 5 
--
31 6 13 16 29 4 
14 23 30 5 12 17 
7 32 15 36 3 28 
22 35 24 9 18 11 
25 8 33 20 27 2 
34 21 26 1 10 19 
--
13 30 5 20 15 32 
4 21 14 31 6 19 
29 12 27 18 33 16 
22 3 34 9 26 7 
11 28 1 24 17 36 
2 23 10 35 8 25 
--
2 17 28 11 8 19 
29 12 1 18 27 10 
16 3 34 9 20 7 
13 30 15 24 33 26 
4 23 32 35 6 21 
31 14 5 22 25 36 
--
25 8 35 10 23 2 
34 17 24 1 28 11 
7 26 9 36 3 22 
16 33 18 27 12 29 
19 6 31 14 21 4 
32 15 20 5 30 13 
--
2 29 16 13 4 33 
17 12 3 34 23 14 
28 1 30 15 32 5 
11 18 9 24 35 22 
8 27 20 31 6 25 
19 10 7 26 21 36 
--
7 22 9 32 5 24 
10 29 6 23 16 31 
21 8 33 30 25 4 
28 11 26 17 36 15 
1 20 13 34 3 18 
12 27 2 19 14 35 
--
31 2 13 16 29 4 
14 23 30 3 12 17 
1 32 15 36 5 28 
22 35 24 9 18 11 
25 8 33 20 27 6 
34 21 26 7 10 19 
--
36 25 22 7 14 31 
21 8 35 32 23 6 
26 33 24 15 30 13 
1 20 9 34 5 16 
10 27 18 3 12 29 
19 2 11 28 17 4 
--
4 17 28 11 2 19 
29 12 3 18 27 10 
16 5 34 9 20 1 
13 30 15 24 33 26 
6 23 32 35 8 21 
31 14 7 22 25 36 
--
19 10 1 26 21 34 
2 27 20 33 8 25 
11 18 9 24 35 22 
28 3 36 15 32 7 
17 12 5 30 23 14 
4 29 16 13 6 31 
--
19 10 7 26 21 34 
8 27 20 33 6 25 
11 18 9 24 35 22 
28 1 36 15 32 5 
17 12 3 30 23 14 
2 29 16 13 4 31 
--
23 30 15 4 17 32 
14 3 24 31 26 5 
29 22 27 16 33 18 
2 13 34 25 6 9 
21 28 11 8 19 36 
12 1 20 35 10 7 
--
25 8 31 10 23 2 
32 17 24 1 30 11 
7 26 9 34 3 22 
16 33 18 27 12 29 
19 6 35 14 21 4 
36 15 20 5 28 13 
--
36 3 18 9 32 1 
17 28 33 2 19 10 
4 35 16 29 8 31 
15 24 27 34 11 20 
26 5 22 13 30 7 
23 14 25 6 21 12 
--
4 17 28 11 6 19 
29 12 5 18 27 10 
16 3 36 9 20 7 
13 30 15 24 33 26 
2 23 32 35 8 21 
31 14 1 22 25 34 
--
33 6 13 16 29 4 
14 23 34 5 12 17 
7 32 15 30 3 28 
22 35 24 9 18 11 
25 8 31 20 27 2 
36 21 26 1 10 19 
--
19 10 7 26 21 36 
6 27 20 33 8 25 
11 18 9 24 35 22 
28 5 34 15 32 1 
17 12 3 30 23 14 
4 29 16 13 2 31 
--
4 23 10 29 6 25 
11 28 5 24 17 30 
22 3 34 9 26 7 
35 12 27 18 31 16 
2 21 14 33 8 19 
13 36 1 20 15 32 
--
2 11 22 29 4 13 
23 30 3 12 21 28 
10 1 36 27 14 5 
31 24 9 18 35 20 
8 17 26 33 6 15 
25 32 7 16 19 34 
--
36 25 22 1 14 31 
21 8 35 32 23 2 
26 33 24 15 30 13 
7 20 9 34 3 16 
10 27 18 5 12 29 
19 6 11 28 17 4 
--
25 10 35 8 23 16 
36 1 24 17 28 7 
11 26 9 34 15 22 
2 33 18 27 6 29 
19 12 31 4 21 14 
32 3 20 13 30 5 
--
33 2 27 16 19 8 
26 15 32 9 28 17 
3 34 1 18 7 20 
14 25 22 31 10 29 
23 4 35 12 21 6 
36 13 24 5 30 11 
--
4 17 28 11 2 19 
29 12 3 18 27 10 
16 5 34 9 20 1 
13 30 15 24 33 26 
6 23 32 35 8 21 
31 14 7 22 25 36 
--
31 4 13 16 29 2 
14 23 30 3 12 17 
5 32 15 34 1 28 
22 35 24 9 18 11 
25 6 33 20 27 8 
36 21 26 7 10 19 
--
36 25 22 5 14 31 
21 6 35 32 23 4 
26 33 24 15 30 13 
7 20 9 34 3 16 
10 27 18 1 12 29 
19 8 11 28 17 2 
--
33 2 27 16 19 8 
26 15 32 9 28 17 
3 34 1 18 7 20 
14 25 22 31 10 29 
23 4 35 12 21 6 
36 13 24 5 30 11 
--
4 17 28 11 2 19 
29 12 3 18 27 10 
16 5 34 9 20 1 
13 30 15 24 33 26 
6 23 32 35 8 21 
31 14 7 22 25 36 
--
19 10 1 26 21 34 
2 27 20 33 8 25 
11 18 9 24 35 22 
28 3 36 15 32 7 
17 12 5 30 23 14 
4 29 16 13 6 31 
--
12 1 28 21 10 7 
27 20 11 8 29 22 
2 13 26 33 6 9 
19 34 17 30 23 32 
14 3 36 25 16 5 
35 18 15 4 31 24 
--
2 17 28 11 8 19 
29 12 1 18 27 10 
16 3 34 9 20 7 
13 30 15 24 33 26 
4 23 32 35 6 21 
31 14 5 22 25 36 
--
2 23 10 31 8 25 
11 30 1 24 17 32 
22 3 34 9 26 7 
29 12 27 18 33 16 
4 21 14 35 6 19 
13 28 5 20 15 36 
--
32 15 20 1 34 13 
19 8 33 14 21 2 
16 31 18 27 12 35 
7 26 9 36 3 22 
30 17 24 5 28 11 
25 6 29 10 23 4 
--
13 28 5 20 15 34 
4 21 14 35 6 19 
29 12 27 18 33 16 
22 3 36 9 26 7 
11 30 1 24 17 32 
2 23 10 31 8 25 
--
29 2 25 16 31 8 
24 15 30 9 26 17 
3 28 1 18 7 32 
14 23 34 27 10 19 
35 4 21 12 33 6 
22 13 36 5 20 11 
--
25 8 29 10 23 2 
30 17 24 1 28 11 
7 26 9 36 3 22 
16 31 18 27 12 35 
19 6 33 14 21 4 
32 15 20 5 34 13 
--
36 25 22 5 14 31 
21 6 35 32 23 4 
26 33 24 15 30 13 
7 20 9 34 3 16 
10 27 18 1 12 29 
19 8 11 28 17 2 
--
25 8 31 10 23 2 
32 17 24 1 30 11 
7 26 9 36 3 22 
16 33 18 27 12 29 
19 6 35 14 21 4 
34 15 20 5 28 13 
--
11 20 5 36 13 22 
6 33 12 21 4 35 
19 10 27 34 23 14 
32 7 18 1 28 3 
17 26 9 30 15 24 
8 31 16 25 2 29 
--
2 17 28 11 8 19 
29 12 1 18 27 10 
16 3 34 9 20 7 
13 30 15 24 33 26 
4 23 32 35 6 21 
31 14 5 22 25 36 
--
4 23 10 31 6 25 
11 30 5 24 17 32 
22 3 34 9 26 7 
29 12 27 18 33 16 
2 21 14 35 8 19 
13 28 1 20 15 36 
--
31 2 13 16 29 4 
14 23 30 3 12 17 
1 32 15 34 5 28 
22 35 24 9 18 11 
25 8 33 20 27 6 
36 21 26 7 10 19 
--
31 6 13 16 29 4 
14 23 30 5 12 17 
7 32 15 36 3 28 
22 35 24 9 18 11 
25 8 33 20 27 2 
34 21 26 1 10 19 
--
4 23 10 35 6 25 
11 28 5 24 17 34 
22 3 36 9 26 7 
29 12 27 18 33 16 
2 21 14 31 8 19 
13 30 1 20 15 32 
--
34 19 16 7 32 25 
15 6 33 26 17 8 
20 35 18 9 24 31 
5 14 27 36 1 10 
28 21 12 3 30 23 
13 4 29 22 11 2 
--
31 4 13 16 29 2 
14 23 30 3 12 17 
5 32 15 36 1 28 
22 35 24 9 18 11 
25 6 33 20 27 8 
34 21 26 7 10 19 
--
19 10 7 26 21 36 
8 27 20 33 6 25 
11 18 9 24 35 22 
28 1 34 15 32 5 
17 12 3 30 23 14 
2 29 16 13 4 31 
--
31 4 13 16 29 2 
14 23 30 3 12 17 
5 32 15 34 1 28 
22 35 24 9 18 11 
25 6 33 20 27 8 
36 21 26 7 10 19 
--
25 8 29 10 23 2 
30 17 24 1 28 11 
7 26 9 34 3 22 
16 31 18 27 12 35 
19 6 33 14 21 4 
32 15 20 5 36 13 
--
34 25 22 1 14 31 
21 8 35 32 23 2 
26 33 24 15 30 13 
7 20 9 36 3 16 
10 27 18 5 12 29 
19 6 11 28 17 4 
--
35 14 19 2 27 12 
18 3 34 13 20 1 
15 36 17 26 11 28 
4 25 30 33 8 21 
31 16 23 6 29 10 
24 5 32 9 22 7 
--
4 17 28 11 6 19 
29 12 5 18 27 10 
16 3 34 9 20 7 
13 30 15 24 33 26 
2 23 32 35 8 21 
31 14 1 22 25 36 
--
36 25 22 5 14 31 
21 6 35 32 23 4 
26 33 24 15 30 13 
7 20 9 34 3 16 
10 27 18 1 12 29 
19 8 11 28 17 2 
--
36 25 22 1 14 31 
21 8 35 32 23 2 
26 33 24 15 30 13 
7 20 9 34 3 16 
10 27 18 5 12 29 
19 6 11 28 17 4 
--
25 6 35 10 23 4 
36 17 24 5 28 11 
7 26 9 34 3 22 
16 33 18 27 12 29 
19 8 31 14 21 2 
32 15 20 1 30 13 
--
4 17 28 11 2 19 
29 12 3 18 27 10 
16 5 34 9 20 1 
13 30 15 24 33 26 
6 23 32 35 8 21 
31 14 7 22 25 36 
--
25 8 31 10 23 2 
32 17 24 1 30 11 
7 26 9 34 3 22 
16 33 18 27 12 29 
19 6 35 14 21 4 
36 15 20 5 28 13 
--
8 17 34 19 6 11 
33 26 7 10 35 20 
16 9 18 27 12 5 
25 32 1 36 21 28 
2 15 30 23 4 13 
31 24 3 14 29 22 
--
36 25 22 1 14 31 
21 8 35 32 23 2 
26 33 24 15 30 13 
7 20 9 34 3 16 
10 27 18 5 12 29 
19 6 11 28 17 4 
--
4 11 22 35 2 13 
23 28 3 12 21 36 
10 5 34 27 14 1 
29 24 9 18 33 20 
6 17 26 31 8 15 
25 30 7 16 19 32 
--
32 15 20 1 30 13 
19 8 31 14 21 2 
16 33 18 27 12 29 
7 26 9 36 3 22 
34 17 24 5 28 11 
25 6 35 10 23 4 
--
1 10 31 20 7 12 
32 19 8 11 30 21 
9 2 29 34 13 6 
18 33 16 27 22 25 
3 28 35 24 5 14 
36 17 4 15 26 23 
--
36 25 22 5 14 31 
21 6 35 32 23 4 
26 33 24 15 30 13 
7 20 9 34 3 16 
10 27 18 1 12 29 
19 8 11 28 17 2 
--
25 32 7 16 19 36 
8 17 26 33 6 15 
31 24 9 18 35 20 
10 1 34 27 14 5 
23 30 3 12 21 28 
2 11 22 29 4 13 
--
13 6 29 22 11 4 
30 21 12 5 28 23 
7 14 27 34 3 10 
20 31 18 9 24 35 
15 8 33 26 17 2 
32 19 16 1 36 25 
--
36 25 22 7 14 31 
21 8 35 32 23 6 
26 33 24 15 30 13 
1 20 9 34 5 16 
10 27 18 3 12 29 
19 2 11 28 17 4 
--
25 28 5 16 19 36 
6 17 26 35 4 15 
27 24 29 18 33 20 
10 7 34 1 14 3 
23 30 9 12 21 32 
8 11 22 31 2 13 
--
2 11 22 29 4 13 
23 30 3 12 21 28 
10 1 36 27 14 5 
31 24 9 18 35 20 
8 17 26 33 6 15 
25 32 7 16 19 34 
--
5 28 13 20 3 36 
14 21 4 35 12 19 
29 6 27 18 33 2 
22 15 34 9 26 11 
7 30 17 24 1 32 
16 23 8 31 10 25 
--
11 30 5 24 13 36 
6 21 12 35 4 23 
29 10 31 22 25 14 
20 7 18 1 34 3 
17 28 9 32 15 26 
8 19 16 27 2 33 
--
32 19 2 11 36 25 
3 12 33 26 1 10 
20 31 18 9 24 35 
13 4 27 34 17 8 
30 21 6 15 28 23 
5 14 29 22 7 16 
--
19 10 1 26 21 34 
2 27 20 33 8 25 
11 18 9 24 35 22 
28 3 36 15 32 7 
17 12 5 30 23 14 
4 29 16 13 6 31 
--
12 7 20 29 10 1 
21 34 11 8 19 30 
6 13 28 31 2 9 
35 22 33 16 25 18 
14 5 24 27 32 3 
23 36 15 4 17 26 
--
25 8 31 10 23 2 
32 17 24 1 30 11 
7 26 9 36 3 22 
16 33 18 27 12 29 
19 6 35 14 21 4 
34 15 20 5 28 13 
--
25 6 31 10 23 4 
32 17 24 5 30 11 
7 26 9 36 3 22 
16 33 18 27 12 29 
19 8 35 14 21 2 
34 15 20 1 28 13 
--
13 34 5 20 15 32 
4 21 14 33 6 19 
35 12 27 18 31 16 
22 3 36 9 26 7 
11 28 1 24 17 30 
2 23 10 29 8 25 
--
31 2 13 16 29 4 
14 23 30 3 12 17 
1 32 15 34 5 28 
22 35 24 9 18 11 
25 8 33 20 27 6 
36 21 26 7 10 19 
--
36 25 22 7 14 31 
21 8 35 32 23 6 
26 33 24 15 30 13 
1 20 9 34 5 16 
10 27 18 3 12 29 
19 2 11 28 17 4 
--
7 22 9 32 5 24 
10 29 6 23 16 31 
21 8 33 30 25 4 
28 11 26 17 36 15 
1 20 13 34 3 18 
12 27 2 19 14 35 
--
13 28 5 20 15 34 
4 21 14 35 6 19 
29 12 27 18 33 16 
22 3 36 9 26 7 
11 30 1 24 17 32 
2 23 10 31 8 25 
--
31 4 13 16 29 2 
14 23 30 3 12 17 
5 32 15 34 1 28 
22 35 24 9 18 11 
25 6 33 20 27 8 
36 21 26 7 10 19 
--
31 2 13 16 29 4 
14 23 30 3 12 17 
1 32 15 34 5 28 
22 35 24 9 18 11 
25 8 33 20 27 6 
36 21 26 7 10 19 
--
31 4 13 16 29 2 
14 23 30 3 12 17 
5 32 15 34 1 28 
22 35 24 9 18 11 
25 6 33 20 27 8 
36 21 26 7 10 19 
--
4 17 28 11 2 19 
29 12 3 18 27 10 
16 5 30 9 20 1 
13 32 15 24 35 26 
6 23 34 31 8 21 
33 14 7 22 25 36 
--
36 25 22 5 14 31 
21 6 35 32 23 4 
26 33 24 15 30 13 
7 20 9 34 3 16 
10 27 18 1 12 29 
19 8 11 28 17 2 
--
31 4 13 16 29 2 
14 23 30 3 12 17 
5 32 15 34 1 28 
22 35 24 9 18 11 
25 6 33 20 27 8 
36 21 26 7 10 19 
--
25 8 31 10 23 2 
32 17 24 1 30 11 
7 26 9 34 3 22 
16 33 18 27 12 29 
19 6 35 14 21 4 
36 15 20 5 28 13 
--
13 28 5 20 15 34 
4 21 14 35 6 19 
29 12 27 18 33 16 
22 3 36 9 26 7 
11 30 1 24 17 32 
2 23 10 31 8 25 
--
8 17 20 29 6 11 
19 28 7 10 21 30 
16 9 18 31 12 5 
27 32 1 22 35 24 
2 15 34 25 4 13 
33 26 3 14 23 36 
--
13 4 29 22 11 2 
28 21 12 3 30 23 
5 14 27 36 1 10 
20 35 18 9 24 31 
15 6 33 26 17 8 
34 19 16 7 32 25 
--
2 17 28 11 8 19 
29 12 1 18 27 10 
16 3 36 9 20 7 
13 30 15 24 33 26 
4 23 32 35 6 21 
31 14 5 22 25 34 
--
33 14 7 22 25 36 
6 23 32 35 8 21 
13 34 15 24 31 26 
16 5 30 9 20 1 
29 12 3 18 27 10 
4 17 28 11 2 19 
--
5 28 13 20 3 36 
14 21 4 35 12 19 
29 6 27 18 33 2 
22 15 34 9 26 11 
7 30 17 24 1 32 
16 23 8 31 10 25 
--
31 4 13 16 29 2 
14 23 30 3 12 17 
5 32 15 34 1 28 
22 35 24 9 18 11 
25 6 33 20 27 8 
36 21 26 7 10 19 
--
19 10 1 26 21 34 
2 27 20 33 8 25 
11 18 9 24 35 22 
28 3 36 15 32 7 
17 12 5 30 23 14 
4 29 16 13 6 31 
--
4 23 10 29 6 25 
11 28 5 24 17 30 
22 3 34 9 26 7 
35 12 27 18 31 16 
2 21 14 33 8 19 
13 36 1 20 15 32 
--
25 8 29 10 23 2 
30 17 24 1 28 11 
7 26 9 36 3 22 
16 31 18 27 12 35 
19 6 33 14 21 4 
32 15 20 5 34 13 
--
36 23 14 3 26 33 
13 4 25 34 15 2 
24 35 22 1 32 27 
5 12 31 18 9 16 
30 21 10 7 28 19 
11 6 29 20 17 8 
--
19 10 7 26 21 34 
8 27 20 33 6 25 
11 18 9 24 35 22 
28 1 36 15 32 5 
17 12 3 30 23 14 
2 29 16 13 4 31 
--
13 28 5 20 15 34 
4 21 14 35 6 19 
29 12 27 18 33 16 
22 3 36 9 26 7 
11 30 1 24 17 32 
2 23 10 31 8 25 
--
5 28 13 20 3 36 
14 21 4 35 12 19 
29 6 27 18 33 2 
22 15 34 9 26 11 
7 30 17 24 1 32 
16 23 8 31 10 25 
--
25 8 29 10 23 2 
30 17 24 1 28 11 
7 26 9 36 3 22 
16 31 18 27 12 35 
19 6 33 14 21 4 
32 15 20 5 34 13 
--
31 4 13 16 29 2 
14 23 30 3 12 17 
5 32 15 36 1 28 
22 35 24 9 18 11 
25 6 33 20 27 8 
34 21 26 7 10 19 
--
4 23 10 35 6 25 
11 28 5 24 17 34 
22 3 36 9 26 7 
29 12 27 18 33 16 
2 21 14 31 8 19 
13 30 1 20 15 32 
--
32 15 20 5 36 13 
19 6 33 14 21 4 
16 31 18 27 12 35 
7 26 9 34 3 22 
30 17 24 1 28 11 
25 8 29 10 23 2 
--
36 25 22 5 14 31 
21 6 35 32 23 4 
26 33 24 15 30 13 
7 20 9 34 3 16 
10 27 18 1 12 29 
19 8 11 28 17 2 
--
13 2 29 22 11 4 
30 21 12 3 28 23 
1 14 27 36 5 10 
20 31 18 9 24 35 
15 8 33 26 17 6 
32 19 16 7 34 25 
--
7 10 31 20 1 12 
32 19 8 11 30 21 
9 6 29 34 13 2 
18 33 16 27 22 25 
5 28 35 24 3 14 
36 17 4 15 26 23 
--
25 10 35 8 23 16 
36 1 24 17 28 7 
11 26 9 34 15 22 
2 33 18 27 6 29 
19 12 31 4 21 14 
32 3 20 13 30 5 
--
31 4 13 16 29 2 
14 23 30 3 12 17 
5 32 15 36 1 28 
22 35 24 9 18 11 
25 6 33 20 27 8 
34 21 26 7 10 19 
--
31 2 13 16 29 4 
14 23 30 3 12 17 
1 32 15 34 5 28 
22 35 24 9 18 11 
25 8 33 20 27 6 
36 21 26 7 10 19 
--
13 36 5 20 15 32 
4 21 14 33 6 19 
35 12 27 18 31 16 
22 3 34 9 26 7 
11 28 1 24 17 30 
2 23 10 29 8 25 
--
13 28 5 20 15 34 
4 21 14 35 6 19 
29 12 27 18 33 16 
22 3 36 9 26 7 
11 30 1 24 17 32 
2 23 10 31 8 25 
--
2 23 10 29 8 25 
11 28 1 24 17 30 
22 3 34 9 26 7 
35 12 27 18 31 16 
4 21 14 33 6 19 
13 36 5 20 15 32 
--
25 32 7 16 19 36 
6 17 26 33 8 15 
31 24 9 18 35 20 
10 5 34 27 14 1 
23 30 3 12 21 28 
4 11 22 29 2 13 
--
2 11 22 35 4 13 
23 28 3 12 21 36 
10 1 34 27 14 5 
29 24 9 18 33 20 
8 17 26 31 6 15 
25 30 7 16 19 32 
--
25 8 35 10 23 2 
36 17 24 1 28 11 
7 26 9 34 3 22 
16 33 18 27 12 29 
19 6 31 14 21 4 
32 15 20 5 30 13 
--
2 17 28 11 8 19 
29 12 1 18 27 10 
16 3 30 9 20 7 
13 32 15 24 35 26 
4 23 34 31 6 21 
33 14 5 22 25 36 
--
24 31 4 15 18 35 
5 16 25 36 3 14 
32 23 30 17 34 19 
9 6 33 26 13 2 
22 29 8 11 20 27 
7 10 21 28 1 12 
--
34 3 18 9 32 1 
17 28 33 2 19 10 
4 35 16 29 8 31 
15 24 27 36 11 20 
26 5 22 13 30 7 
23 14 25 6 21 12 
--
13 28 1 20 15 36 
2 21 14 35 8 19 
29 12 27 18 33 16 
22 3 34 9 26 7 
11 30 5 24 17 32 
4 23 10 31 6 25 
--
32 21 26 7 10 19 
25 6 31 20 27 8 
22 33 24 9 18 11 
5 36 15 30 1 28 
14 23 34 3 12 17 
35 4 13 16 29 2 
--
31 4 13 16 29 2 
14 23 30 3 12 17 
5 32 15 36 1 28 
22 35 24 9 18 11 
25 6 33 20 27 8 
34 21 26 7 10 19 
--
13 6 35 22 11 4 
36 21 12 5 28 23 
7 14 27 34 3 10 
20 33 18 9 24 29 
15 8 31 26 17 2 
32 19 16 1 30 25 
--
4 17 28 11 2 19 
29 12 3 18 27 10 
16 5 36 9 20 1 
13 30 15 24 33 26 
6 23 32 35 8 21 
31 14 7 22 25 34 
--
4 23 10 35 2 25 
11 28 3 24 17 34 
22 5 36 9 26 1 
29 12 27 18 33 16 
6 21 14 31 8 19 
13 30 7 20 15 32 
--
36 25 22 5 14 31 
21 6 35 32 23 4 
26 33 24 15 30 13 
7 20 9 34 3 16 
10 27 18 1 12 29 
19 8 11 28 17 2 
--
36 19 16 7 32 25 
15 6 33 26 17 8 
20 35 18 9 24 31 
5 14 27 34 1 10 
28 21 12 3 30 23 
13 4 29 22 11 2 
--
32 15 20 1 36 13 
19 8 33 14 21 2 
16 31 18 27 12 35 
7 26 9 34 3 22 
30 17 24 5 28 11 
25 6 29 10 23 4 
--
4 17 28 11 2 19 
29 12 3 18 27 10 
16 5 36 9 20 1 
13 30 15 24 33 26 
6 23 32 35 8 21 
31 14 7 22 25 34 
--
24 3 32 9 22 1 
31 16 23 2 29 10 
4 25 30 33 8 21 
15 34 17 26 11 28 
18 5 36 13 20 7 
35 14 19 6 27 12 
--
4 17 28 11 2 19 
29 12 3 18 27 10 
16 5 36 9 20 1 
13 30 15 24 33 26 
6 23 32 35 8 21 
31 14 7 22 25 34 
--
31 6 13 16 29 4 
14 23 30 5 12 17 
7 32 15 34 3 28 
22 35 24 9 18 11 
25 8 33 20 27 2 
36 21 26 1 10 19 
--
4 17 28 11 6 19 
29 12 5 18 27 10 
16 3 36 9 20 7 
13 30 15 24 33 26 
2 23 32 35 8 21 
31 14 1 22 25 34 
--
19 10 7 26 21 36 
8 27 20 35 6 25 
11 18 9 24 31 22 
28 1 30 15 34 5 
17 12 3 32 23 14 
2 29 16 13 4 33 
--
24 27 16 5 18 29 
15 4 25 28 35 6 
26 23 36 17 30 19 
3 14 1 34 7 10 
22 33 12 9 20 31 
13 2 21 32 11 8 
--
26 3 32 15 24 5 
31 18 25 4 33 16 
2 27 14 17 6 23 
13 30 19 34 9 36 
20 1 28 11 22 7 
29 12 21 8 35 10 
--
4 23 10 35 6 25 
11 28 5 24 17 34 
22 3 36 9 26 7 
29 12 27 18 33 16 
2 21 14 31 8 19 
13 30 1 20 15 32 
--
24 31 4 15 18 35 
5 16 25 36 3 14 
32 23 30 17 34 19 
9 6 33 26 13 2 
22 29 8 11 20 27 
7 10 21 28 1 12 
--
13 34 5 20 15 32 
4 21 14 33 6 19 
35 12 27 18 31 16 
22 3 36 9 26 7 
11 28 1 24 17 30 
2 23 10 29 8 25 
--
4 23 10 35 2 25 
11 28 3 24 17 34 
22 5 36 9 26 1 
29 12 27 18 33 16 
6 21 14 31 8 19 
13 30 7 20 15 32 
--
31 4 13 16 29 2 
14 23 30 3 12 17 
5 32 15 34 1 28 
22 35 24 9 18 11 
25 6 33 20 27 8 
36 21 26 7 10 19 
--
34 3 18 9 32 1 
17 26 33 2 19 10 
4 35 16 25 8 31 
15 24 27 36 11 20 
28 5 22 13 30 7 
23 14 29 6 21 12 
--
19 10 7 26 21 36 
8 27 20 33 6 25 
11 18 9 24 35 22 
28 1 34 15 32 5 
17 12 3 30 23 14 
2 29 16 13 4 31 
--
19 10 7 26 21 34 
8 27 20 33 6 25 
11 18 9 24 35 22 
28 1 36 15 32 5 
17 12 3 30 23 14 
2 29 16 13 4 31 
--
34 25 22 5 14 31 
21 6 35 32 23 4 
26 33 24 15 30 13 
7 20 9 36 3 16 
10 27 18 1 12 29 
19 8 11 28 17 2 
--
36 25 22 5 14 31 
21 6 35 32 23 4 
26 33 24 15 30 13 
7 20 9 34 3 16 
10 27 18 1 12 29 
19 8 11 28 17 2 
--
25 36 1 16 19 32 
2 17 26 33 8 15 
35 24 9 18 31 20 
10 3 34 27 14 7 
23 28 5 12 21 30 
4 11 22 29 6 13 
--
2 17 28 11 8 19 
29 12 1 18 27 10 
16 3 34 9 20 7 
13 30 15 24 33 26 
4 23 32 35 6 21 
31 14 5 22 25 36 
--
34 19 16 7 32 25 
15 6 33 26 17 8 
20 35 18 9 24 31 
5 14 27 36 1 10 
28 21 12 3 30 23 
13 4 29 22 11 2 
--
36 25 22 5 14 31 
21 6 35 32 23 4 
26 33 24 15 30 13 
7 20 9 34 3 16 
10 27 18 1 12 29 
19 8 11 28 17 2 
--
19 10 7 26 21 34 
8 27 20 33 6 25 
11 18 9 24 35 22 
28 1 36 15 32 5 
17 12 3 30 23 14 
2 29 16 13 4 31 
--
12 1 28 21 10 7 
27 20 11 8 29 22 
2 13 26 33 6 9 
19 34 17 30 23 32 
14 3 36 25 16 5 
35 18 15 4 31 24 
--
2 11 22 35 4 13 
23 28 3 12 21 34 
10 1 36 27 14 5 
29 24 9 18 33 20 
8 17 26 31 6 15 
25 30 7 16 19 32 
--
19 10 7 26 21 34 
6 27 20 33 8 25 
11 18 9 24 35 22 
28 5 36 15 32 1 
17 12 3 30 23 14 
4 29 16 13 2 31 
--
22 29 14 3 24 35 
13 4 23 36 15 2 
28 21 30 1 34 25 
5 12 27 18 9 16 
20 31 10 7 26 33 
11 6 19 32 17 8 
--
13 4 35 22 11 2 
34 21 12 3 28 23 
5 14 27 36 1 10 
20 33 18 9 24 29 
15 6 31 26 17 8 
32 19 16 7 30 25 
--
4 17 28 11 2 19 
29 12 3 18 27 10 
16 5 36 9 20 1 
13 30 15 24 33 26 
6 23 32 35 8 21 
31 14 7 22 25 34 
--
13 2 29 22 11 4 
30 21 12 3 28 23 
1 14 27 36 5 10 
20 31 18 9 24 35 
15 8 33 26 17 6 
32 19 16 7 34 25 
--
36 23 14 3 26 33 
13 4 25 34 15 2 
24 35 22 1 32 27 
5 12 31 18 9 16 
30 21 10 7 28 19 
11 6 29 20 17 8 
--
2 17 28 11 8 19 
29 12 1 18 27 10 
16 3 36 9 20 7 
13 30 15 24 33 26 
4 23 32 35 6 21 
31 14 5 22 25 34 
--
13 28 5 20 15 34 
4 21 14 35 6 19 
29 12 27 18 33 16 
22 3 36 9 26 7 
11 30 1 24 17 32 
2 23 10 31 8 25 
--
4 17 28 11 2 19 
29 12 3 18 27 10 
16 5 36 9 20 1 
13 30 15 24 33 26 
6 23 32 35 8 21 
31 14 7 22 25 34 
--
31 6 13 16 29 4 
14 23 30 5 12 17 
7 32 15 34 3 28 
22 35 24 9 18 11 
25 8 33 20 27 2 
36 21 26 1 10 19 
--
2 11 22 35 4 13 
23 28 3 12 21 34 
10 1 36 27 14 5 
29 24 9 18 33 20 
8 17 26 31 6 15 
25 30 7 16 19 32 
--
32 15 20 7 30 13 
19 8 31 14 21 6 
16 33 18 27 12 29 
1 26 9 36 5 22 
34 17 24 3 28 11 
25 2 35 10 23 4 
--
13 28 5 20 15 34 
4 21 14 35 6 19 
29 12 27 18 33 16 
22 3 36 9 26 7 
11 30 1 24 17 32 
2 23 10 31 8 25 
--
13 30 5 20 15 32 
4 21 14 31 6 19 
29 12 27 18 33 16 
22 3 34 9 26 7 
11 28 1 24 17 36 
2 23 10 35 8 25 
--
4 17 28 11 6 19 
29 12 5 18 27 10 
16 3 34 9 20 7 
13 30 15 24 33 26 
2 23 32 35 8 21 
31 14 1 22 25 36 
--
13 4 35 22 11 2 
36 21 12 3 28 23 
5 14 27 34 1 10 
20 33 18 9 24 29 
15 6 31 26 17 8 
32 19 16 7 30 25 
--
36 25 22 1 14 31 
21 8 35 32 23 2 
26 33 24 15 30 13 
7 20 9 34 3 16 
10 27 18 5 12 29 
19 6 11 28 17 4 
--
19 10 1 26 21 32 
2 27 20 33 8 25 
11 18 9 24 31 22 
28 3 30 15 34 7 
17 12 5 36 23 14 
4 29 16 13 6 35 
--
32 15 20 1 36 13 
19 8 33 14 21 2 
16 31 18 27 12 35 
7 26 9 34 3 22 
30 17 24 5 28 11 
25 6 29 10 23 4 
--
25 30 11 8 19 32 
10 1 26 31 12 7 
29 24 9 18 33 20 
2 17 34 27 6 13 
23 28 15 4 21 36 
16 3 22 35 14 5 
--
13 6 29 22 11 4 
30 21 12 5 28 23 
7 14 27 36 3 10 
20 31 18 9 24 35 
15 8 33 26 17 2 
32 19 16 1 34 25 
--
31 2 25 16 29 8 
24 15 30 9 26 17 
3 32 1 18 7 28 
14 23 36 27 10 19 
33 4 21 12 35 6 
22 13 34 5 20 11 
--
12 7 28 21 10 1 
27 20 11 8 29 22 
6 13 26 33 2 9 
19 36 17 30 23 32 
14 5 34 25 16 3 
35 18 15 4 31 24 
--
13 34 5 20 15 32 
4 21 14 33 6 19 
35 12 27 18 31 16 
22 3 36 9 26 7 
11 28 1 24 17 30 
2 23 10 29 8 25 
--
2 17 28 11 8 19 
29 12 1 18 27 10 
16 3 36 9 20 7 
13 30 15 24 33 26 
4 23 32 35 6 21 
31 14 5 22 25 34 
--
36 15 20 5 28 13 
19 6 35 14 21 4 
16 33 18 27 12 29 
7 26 9 34 3 22 
32 17 24 1 30 11 
25 8 31 10 23 2 
--
36 25 22 5 14 31 
21 6 35 32 23 4 
26 33 24 15 30 13 
7 20 9 34 3 16 
10 27 18 1 12 29 
19 8 11 28 17 2 
--
32 19 16 7 30 25 
15 6 31 26 17 8 
20 33 18 9 24 29 
5 14 27 34 1 10 
36 21 12 3 28 23 
13 4 35 22 11 2 
--
25 30 7 16 19 32 
6 17 26 31 8 15 
29 24 9 18 33 20 
10 5 34 27 14 1 
23 28 3 12 21 36 
4 11 22 35 2 13 
--
4 23 10 35 2 25 
11 28 3 24 17 36 
22 5 34 9 26 1 
29 12 27 18 33 16 
6 21 14 31 8 19 
13 30 7 20 15 32 
--
13 28 5 20 15 34 
4 21 14 35 6 19 
29 12 27 18 33 16 
22 3 36 9 26 7 
11 30 1 24 17 32 
2 23 10 31 8 25 
--
7 22 9 32 5 24 
10 29 6 23 16 31 
21 8 33 30 25 4 
28 11 26 17 36 15 
1 20 13 34 3 18 
12 27 2 19 14 35 
--
25 8 31 10 23 2 
32 17 24 1 30 11 
7 26 9 36 3 22 
16 33 18 27 12 29 
19 6 35 14 21 4 
34 15 20 5 28 13 
--
34 25 22 5 14 31 
21 6 35 32 23 4 
26 33 24 15 30 13 
7 20 9 36 3 16 
10 27 18 1 12 29 
19 8 11 28 17 2 
--
25 8 31 10 23 2 
32 17 24 1 30 11 
7 26 9 34 3 22 
16 33 18 27 12 29 
19 6 35 14 21 4 
36 15 20 5 28 13 
--
13 34 5 20 15 32 
4 21 14 33 6 19 
35 12 27 18 31 16 
22 3 36 9 26 7 
11 28 1 24 17 30 
2 23 10 29 8 25 
--
34 25 22 7 14 31 
21 8 35 32 23 6 
26 33 24 15 30 13 
1 20 9 36 5 16 
10 27 18 3 12 29 
19 2 11 28 17 4 
--
2 11 22 29 4 13 
23 30 3 12 21 28 
10 1 34 27 14 5 
31 24 9 18 35 20 
8 17 26 33 6 15 
25 32 7 16 19 36 
--
25 12 23 8 27 10 
22 1 26 11 20 7 
13 24 21 34 9 28 
2 33 30 17 6 19 
31 14 35 4 29 16 
36 3 32 15 18 5 
--
1 10 31 20 7 12 
32 19 8 11 30 21 
9 2 29 36 13 6 
18 33 16 27 22 25 
3 28 35 24 5 14 
34 17 4 15 26 23 
--
16 23 2 29 10 25 
3 28 17 24 1 30 
22 15 34 9 26 11 
35 4 27 18 31 8 
14 21 6 33 12 19 
5 36 13 20 7 32 
--
32 19 16 7 36 25 
15 6 33 26 17 8 
20 31 18 9 24 35 
5 14 27 34 1 10 
30 21 12 3 28 23 
13 4 29 22 11 2 
--
32 19 16 7 30 25 
15 6 31 26 17 8 
20 33 18 9 24 29 
5 14 27 34 1 10 
36 21 12 3 28 23 
13 4 35 22 11 2 
--
19 10 7 26 21 34 
6 27 20 33 8 25 
11 18 9 24 35 22 
28 5 36 15 32 1 
17 12 3 30 23 14 
4 29 16 13 2 31 
--
13 34 5 20 15 32 
4 21 14 33 6 19 
35 12 27 18 31 16 
22 3 36 9 26 7 
11 28 1 24 17 30 
2 23 10 29 8 25 
--
32 19 2 11 36 25 
3 12 33 26 1 10 
20 31 18 9 24 35 
13 4 27 34 17 8 
30 21 6 15 28 23 
5 14 29 22 7 16 
--
35 14 19 2 27 12 
18 3 34 13 20 1 
15 36 17 26 11 28 
4 25 30 33 8 21 
31 16 23 6 29 10 
24 5 32 9 22 7 
--
25 34 1 16 19 32 
2 17 26 33 8 15 
35 24 9 18 31 20 
10 3 36 27 14 7 
23 28 5 12 21 30 
4 11 22 29 6 13 
--
25 34 7 16 19 32 
8 17 26 33 6 15 
35 24 9 18 31 20 
10 1 36 27 14 5 
23 28 3 12 21 30 
2 11 22 29 4 13 
--
34 25 22 1 14 31 
21 8 35 32 23 2 
26 33 24 15 30 13 
7 20 9 36 3 16 
10 27 18 5 12 29 
19 6 11 28 17 4 
--
23 14 35 2 21 12 
36 3 22 13 34 1 
15 24 33 28 11 20 
4 27 16 31 8 29 
17 32 25 6 19 10 
26 5 18 9 30 7 
--
16 23 2 29 10 25 
3 28 17 24 1 30 
22 15 34 9 26 11 
35 4 27 18 31 8 
14 21 6 33 12 19 
5 36 13 20 7 32 
--
2 11 22 29 4 13 
23 30 3 12 21 28 
10 1 36 27 14 5 
31 24 9 18 35 20 
8 17 26 33 6 15 
25 32 7 16 19 34 
--
13 4 29 22 11 2 
30 21 12 3 28 23 
5 14 27 34 1 10 
20 31 18 9 24 35 
15 6 33 26 17 8 
32 19 16 7 36 25 
--
2 17 28 11 8 19 
29 12 1 18 27 10 
16 3 36 9 20 7 
13 30 15 24 33 26 
4 23 32 35 6 21 
31 14 5 22 25 34 
--
34 19 16 7 32 25 
15 6 33 26 17 8 
20 35 18 9 24 31 
5 14 27 36 1 10 
28 21 12 3 30 23 
13 4 29 22 11 2 
--
34 25 22 5 14 31 
21 6 35 32 23 4 
26 33 24 15 30 13 
7 20 9 36 3 16 
10 27 18 1 12 29 
19 8 11 28 17 2 
--
31 4 13 16 29 2 
14 23 30 3 12 17 
5 32 15 34 1 28 
22 35 24 9 18 11 
25 6 33 20 27 8 
36 21 26 7 10 19 
--
34 15 20 7 28 13 
19 8 35 14 21 6 
16 33 18 27 12 29 
1 26 9 36 5 22 
32 17 24 3 30 11 
25 2 31 10 23 4 
--
12 21 6 25 14 23 
7 30 13 22 5 26 
20 11 36 27 24 15 
31 8 29 16 35 4 
10 19 2 33 28 17 
1 32 9 18 3 34 
--
19 10 7 26 21 36 
8 27 20 33 6 25 
11 18 9 24 35 22 
28 1 34 15 32 5 
17 12 3 30 23 14 
2 29 16 13 4 31 
--
8 17 20 29 6 11 
19 28 7 10 21 30 
16 9 18 31 12 5 
27 32 1 22 35 24 
2 15 34 25 4 13 
33 26 3 14 23 36 
--
23 26 15 4 17 36 
14 3 24 35 28 5 
25 22 27 16 33 18 
2 13 34 29 6 9 
21 30 11 8 19 32 
12 1 20 31 10 7 
--
36 19 2 11 32 25 
3 12 33 26 1 10 
20 35 18 9 24 31 
13 4 27 34 17 8 
28 21 6 15 30 23 
5 14 29 22 7 16 
--
19 10 7 26 21 36 
6 27 20 33 8 25 
11 18 9 24 35 22 
28 5 34 15 32 1 
17 12 3 30 23 14 
4 29 16 13 2 31 
--
12 21 6 29 14 23 
7 28 13 22 5 30 
20 11 34 27 24 15 
35 8 25 16 31 4 
10 19 2 33 26 17 
1 36 9 18 3 32 
--
19 10 1 26 21 36 
2 27 20 33 8 25 
11 18 9 24 35 22 
28 3 34 15 32 7 
17 12 5 30 23 14 
4 29 16 13 6 31 
--
2 17 28 11 8 19 
29 12 1 18 27 10 
16 3 34 9 20 7 
13 30 15 24 33 26 
4 23 32 35 6 21 
31 14 5 22 25 36 
--
2 17 28 11 8 19 
29 12 1 18 27 10 
16 3 34 9 20 7 
13 30 15 24 33 26 
4 23 32 35 6 21 
31 14 5 22 25 36 
--
13 28 5 20 15 36 
4 21 14 35 6 19 
29 12 27 18 33 16 
22 3 34 9 26 7 
11 30 1 24 17 32 
2 23 10 31 8 25 
--
4 23 10 35 6 25 
11 28 5 24 17 34 
22 3 36 9 26 7 
29 12 27 18 33 16 
2 21 14 31 8 19 
13 30 1 20 15 32 
--
4 17 28 11 6 19 
29 12 5 18 27 10 
16 3 36 9 20 7 
13 30 15 24 33 26 
2 23 32 35 8 21 
31 14 1 22 25 34 
--
4 17 28 11 6 19 
29 12 5 18 27 10 
16 3 36 9 20 7 
13 30 15 24 33 26 
2 23 32 35 8 21 
31 14 1 22 25 34 
--
19 10 7 26 21 36 
8 27 20 33 6 25 
11 18 9 24 35 22 
28 1 34 15 32 5 
17 12 3 30 23 14 
2 29 16 13 4 31 
--
32 19 16 7 30 25 
15 6 31 26 17 8 
20 33 18 9 24 29 
5 14 27 36 1 10 
34 21 12 3 28 23 
13 4 35 22 11 2 
--
26 17 4 15 30 23 
5 32 27 24 3 14 
18 25 16 31 22 29 
9 6 33 28 13 2 
34 19 8 11 36 21 
7 10 35 20 1 12 
--
1 10 31 20 7 12 
32 19 8 11 34 21 
9 2 33 30 13 6 
18 29 16 35 22 25 
3 36 27 24 5 14 
28 17 4 15 26 23 
--
23 14 25 6 21 12 
26 5 22 13 34 7 
15 24 35 30 11 20 
4 27 16 33 8 31 
17 36 29 2 19 10 
28 3 18 9 32 1 
--
13 6 35 22 11 4 
34 21 12 5 28 23 
7 14 27 36 3 10 
20 33 18 9 24 29 
15 8 31 26 17 2 
32 19 16 1 30 25 
--
4 17 28 11 6 19 
29 12 5 18 27 10 
16 3 36 9 20 7 
13 30 15 24 33 26 
2 23 32 35 8 21 
31 14 1 22 25 34 
--
31 4 13 16 29 2 
14 23 30 3 12 17 
5 32 15 34 1 28 
22 35 24 9 18 11 
25 6 33 20 27 8 
36 21 26 7 10 19 
--
31 4 13 16 29 2 
14 23 30 3 12 17 
5 32 15 34 1 28 
22 35 24 9 18 11 
25 6 33 20 27 8 
36 21 26 7 10 19 
--
31 6 13 16 29 4 
14 23 30 5 12 17 
7 32 15 34 3 28 
22 35 24 9 18 11 
25 8 33 20 27 2 
36 21 26 1 10 19 
--
7 22 9 32 5 24 
10 29 6 23 16 31 
21 8 33 30 25 4 
28 11 26 17 36 15 
1 20 13 34 3 18 
12 27 2 19 14 35 
--
12 1 20 31 10 7 
21 36 11 8 19 32 
2 13 30 33 6 9 
25 22 35 16 29 18 
14 3 24 27 34 5 
23 26 15 4 17 28 
--
7 10 21 28 1 12 
22 29 8 11 20 27 
9 6 33 26 13 2 
32 23 30 17 36 19 
5 16 25 34 3 14 
24 31 4 15 18 35 
--
2 17 28 11 8 19 
29 12 1 18 27 10 
16 3 34 9 20 7 
13 30 15 24 33 26 
4 23 32 35 6 21 
31 14 5 22 25 36 
--
36 25 22 1 14 31 
21 8 35 32 23 2 
26 33 24 15 30 13 
7 20 9 34 3 16 
10 27 18 5 12 29 
19 6 11 28 17 4 
--
34 19 16 7 32 25 
15 6 33 26 17 8 
20 35 18 9 24 31 
5 14 27 36 1 10 
28 21 12 3 30 23 
13 4 29 22 11 2 
--
4 23 10 29 2 25 
11 28 3 24 17 30 
22 5 34 9 26 1 
35 12 27 18 31 16 
6 21 14 33 8 19 
13 36 7 20 15 32 
--
13 2 35 22 11 4 
36 21 12 3 28 23 
1 14 27 34 5 10 
20 33 18 9 24 29 
15 8 31 26 17 6 
32 19 16 7 30 25 
--
25 8 31 10 23 2 
32 17 24 1 30 11 
7 26 9 36 3 22 
16 33 18 27 12 29 
19 6 35 14 21 4 
34 15 20 5 28 13 
--
12 1 28 21 10 7 
27 20 11 8 29 22 
2 13 26 33 6 9 
19 34 17 30 23 32 
14 3 36 25 16 5 
35 18 15 4 31 24 
--
34 3 18 9 32 1 
17 28 33 2 19 10 
4 35 16 29 8 31 
15 24 27 36 11 20 
26 5 22 13 30 7 
23 14 25 6 21 12 
--
31 4 13 16 29 2 
14 23 30 3 12 17 
5 32 15 36 1 28 
22 35 24 9 18 11 
25 6 33 20 27 8 
34 21 26 7 10 19 
--
11 20 5 34 13 22 
6 35 12 21 4 33 
19 10 27 36 23 14 
28 7 18 1 32 3 
17 26 9 30 15 24 
8 29 16 25 2 31 
--
32 19 16 7 34 25 
15 6 33 26 17 8 
20 31 18 9 24 35 
5 14 27 36 1 10 
30 21 12 3 28 23 
13 4 29 22 11 2 
--
36 25 22 7 14 31 
21 8 35 32 23 6 
26 33 24 15 30 13 
1 20 9 34 5 16 
10 27 18 3 12 29 
19 2 11 28 17 4 
--
1 10 31 20 7 12 
32 19 8 11 30 21 
9 2 29 34 13 6 
18 33 16 27 22 25 
3 28 35 24 5 14 
36 17 4 15 26 23 
--
33 26 13 2 31 24 
12 1 32 25 18 3 
27 34 19 14 23 30 
8 11 28 17 4 15 
35 20 9 6 29 22 
10 7 36 21 16 5 
--
32 21 26 7 10 19 
25 6 31 20 27 8 
22 33 24 9 18 11 
5 36 15 30 1 28 
14 23 34 3 12 17 
35 4 13 16 29 2 
--
16 7 22 29 14 5 
23 30 15 6 21 28 
8 17 34 27 4 13 
31 24 9 18 35 20 
10 1 26 33 12 3 
25 32 11 2 19 36 
--
35 14 19 2 27 12 
18 3 34 13 20 1 
15 36 17 26 11 28 
4 25 30 33 8 21 
31 16 23 6 29 10 
24 5 32 9 22 7 
--
19 8 11 28 17 2 
10 27 18 1 12 29 
7 20 9 30 3 16 
26 31 24 15 34 13 
21 6 33 36 23 4 
32 25 22 5 14 35 
--
2 17 28 11 8 19 
29 12 1 18 27 10 
16 3 34 9 20 7 
13 30 15 24 33 26 
4 23 32 35 6 21 
31 14 5 22 25 36 
--
4 17 28 11 6 19 
29 12 5 18 27 10 
16 3 36 9 20 7 
13 30 15 24 33 26 
2 23 32 35 8 21 
31 14 1 22 25 34 
--
19 10 1 26 21 34 
2 27 20 33 8 25 
11 18 9 24 35 22 
28 3 36 15 32 7 
17 12 5 30 23 14 
4 29 16 13 6 31 
--
12 1 20 35 10 7 
21 34 11 8 19 36 
2 13 28 33 6 9 
29 22 31 16 25 18 
14 3 24 27 32 5 
23 30 15 4 17 26 
--
25 36 7 16 19 32 
8 17 26 33 6 15 
35 24 9 18 31 20 
10 1 34 27 14 5 
23 28 3 12 21 30 
2 11 22 29 4 13 
--
36 25 22 1 14 31 
21 8 35 32 23 2 
26 33 24 15 30 13 
7 20 9 34 3 16 
10 27 18 5 12 29 
19 6 11 28 17 4 
--
31 6 13 16 29 4 
14 23 30 5 12 17 
7 32 15 34 3 28 
22 35 24 9 18 11 
25 8 33 20 27 2 
36 21 26 1 10 19 
--
4 17 28 11 6 19 
29 12 5 18 27 10 
16 3 36 9 20 7 
13 30 15 24 33 26 
2 23 32 35 8 21 
31 14 1 22 25 34 
--
12 1 20 29 10 7 
21 34 11 8 19 30 
2 13 28 31 6 9 
35 22 33 16 25 18 
14 3 24 27 32 5 
23 36 15 4 17 26 
--
4 11 22 29 2 13 
23 28 3 12 21 30 
10 5 34 27 14 1 
35 24 9 18 31 20 
6 17 26 33 8 15 
25 36 7 16 19 32 
--
25 34 1 16 19 32 
2 17 26 33 8 15 
35 24 9 18 31 20 
10 3 36 27 14 7 
23 28 5 12 21 30 
4 11 22 29 6 13 
--
16 7 22 29 14 5 
23 28 15 6 21 30 
8 17 34 27 4 13 
35 24 9 18 31 20 
10 1 26 33 12 3 
25 36 11 2 19 32 
--
8 17 28 19 6 11 
29 26 7 10 35 20 
16 9 18 27 12 5 
25 30 1 36 21 34 
2 15 32 23 4 13 
31 24 3 14 33 22 
--
13 6 29 22 11 4 
30 21 12 5 28 23 
7 14 27 36 3 10 
20 31 18 9 24 35 
15 8 33 26 17 2 
32 19 16 1 34 25 
--
4 23 10 35 6 25 
11 28 5 24 17 34 
22 3 36 9 26 7 
29 12 27 18 33 16 
2 21 14 31 8 19 
13 30 1 20 15 32 
--
32 19 16 7 30 25 
15 6 31 26 17 8 
20 33 18 9 24 29 
5 14 27 36 1 10 
34 21 12 3 28 23 
13 4 35 22 11 2 
--
36 25 22 7 14 33 
21 8 31 34 23 6 
26 35 24 15 32 13 
1 20 9 30 5 16 
10 27 18 3 12 29 
19 2 11 28 17 4 
--
23 26 15 4 17 36 
14 3 24 35 28 5 
25 22 27 16 33 18 
2 13 34 29 6 9 
21 30 11 8 19 32 
12 1 20 31 10 7 
--
25 8 31 10 23 2 
32 17 24 1 30 11 
7 26 9 34 3 22 
16 33 18 27 12 29 
19 6 35 14 21 4 
36 15 20 5 28 13 
--
19 10 7 26 21 34 
8 27 20 33 6 25 
11 18 9 24 35 22 
28 1 36 15 32 5 
17 12 3 30 23 14 
2 29 16 13 4 31 
--
4 17 28 11 2 19 
29 12 3 18 27 10 
16 5 30 9 20 1 
13 36 15 24 33 26 
6 23 34 31 8 21 
35 14 7 22 25 32 
--
31 2 13 16 29 4 
14 23 30 3 12 17 
1 32 15 34 5 28 
22 35 24 9 18 11 
25 8 33 20 27 6 
36 21 26 7 10 19 
--
12 1 28 21 10 7 
27 20 11 8 29 22 
2 13 26 33 6 9 
19 34 17 30 23 32 
14 3 36 25 16 5 
35 18 15 4 31 24 
--
13 2 29 22 11 4 
30 21 12 3 28 23 
1 14 27 36 5 10 
20 31 18 9 24 35 
15 8 33 26 17 6 
32 19 16 7 34 25 
--
2 11 22 29 4 13 
23 30 3 12 21 28 
10 1 36 27 14 5 
31 24 9 18 35 20 
8 17 26 33 6 15 
25 32 7 16 19 34 
--
2 17 28 11 8 19 
29 12 1 18 27 10 
16 3 36 9 20 7 
13 30 15 24 33 26 
4 23 32 35 6 21 
31 14 5 22 25 34 
--
5 28 13 20 3 36 
14 21 4 35 12 19 
29 6 27 18 33 2 
22 15 34 9 26 11 
7 30 17 24 1 32 
16 23 8 31 10 25 
--
25 10 31 8 23 16 
32 1 24 17 30 7 
11 26 9 34 15 22 
2 33 18 27 6 29 
19 12 35 4 21 14 
36 3 20 13 28 5 
--
36 25 22 7 14 31 
21 8 35 32 23 6 
26 33 24 15 30 13 
1 20 9 34 5 16 
10 27 18 3 12 29 
19 2 11 28 17 4 
--
35 14 1 22 25 32 
2 23 36 33 8 21 
13 34 15 24 31 26 
16 3 30 9 20 7 
29 12 5 18 27 10 
4 17 28 11 6 19 
--
36 19 16 7 32 25 
15 6 33 26 17 8 
20 35 18 9 24 31 
5 14 27 34 1 10 
28 21 12 3 30 23 
13 4 29 22 11 2 
--
19 10 1 26 21 34 
2 27 20 33 8 25 
11 18 9 24 35 22 
28 3 36 15 32 7 
17 12 5 30 23 14 
4 29 16 13 6 31 
--
31 6 13 16 29 4 
14 23 30 5 12 17 
7 32 15 36 3 28 
22 35 24 9 18 11 
25 8 33 20 27 2 
34 21 26 1 10 19 
--
2 17 28 11 8 19 
29 12 1 18 27 10 
16 3 36 9 20 7 
13 30 15 24 33 26 
4 23 32 35 6 21 
31 14 5 22 25 34 
--
13 22 3 26 15 24 
2 33 14 23 4 27 
21 12 1 36 25 16 
32 9 34 17 28 5 
11 20 7 30 35 18 
8 31 10 19 6 29 
--
36 25 22 5 14 31 
21 6 35 32 23 4 
26 33 24 15 30 13 
7 20 9 34 3 16 
10 27 18 1 12 29 
19 8 11 28 17 2 
--
13 34 5 20 15 32 
4 21 14 33 6 19 
35 12 27 18 31 16 
22 3 36 9 26 7 
11 28 1 24 17 30 
2 23 10 29 8 25 
--
4 11 22 35 6 13 
23 28 5 12 21 34 
10 3 36 27 14 7 
29 24 9 18 33 20 
2 17 26 31 8 15 
25 30 1 16 19 32 
--
34 19 16 7 32 25 
15 8 33 26 17 6 
20 35 18 9 24 31 
1 14 27 36 5 10 
28 21 12 3 30 23 
13 2 29 22 11 4 
--
19 10 1 26 21 36 
2 27 20 33 8 25 
11 18 9 24 35 22 
28 3 34 15 32 7 
17 12 5 30 23 14 
4 29 16 13 6 31 
--
31 4 13 16 29 2 
14 23 30 3 12 17 
5 32 15 34 1 28 
22 35 24 9 18 11 
25 6 33 20 27 8 
36 21 26 7 10 19 
--
34 25 22 7 14 31 
21 8 35 32 23 6 
26 33 24 15 30 13 
1 20 9 36 5 16 
10 27 18 3 12 29 
19 2 11 28 17 4 
--
13 2 35 22 11 4 
36 21 12 3 28 23 
1 14 27 34 5 10 
20 33 18 9 24 29 
15 8 31 26 17 6 
32 19 16 7 30 25 
--
13 6 35 22 11 4 
36 21 12 5 28 23 
7 14 27 34 3 10 
20 33 18 9 24 29 
15 8 31 26 17 2 
32 19 16 1 30 25 
--
25 30 7 16 19 32 
6 17 26 31 8 15 
29 24 9 18 33 20 
10 5 36 27 14 1 
23 28 3 12 21 34 
4 11 22 35 2 13 
--
34 25 22 1 14 31 
21 8 35 32 23 2 
26 33 24 15 30 13 
7 20 9 36 3 16 
10 27 18 5 12 29 
19 6 11 28 17 4 
--
19 10 1 26 21 34 
2 27 20 33 8 25 
11 18 9 24 35 22 
28 3 36 15 32 7 
17 12 5 30 23 14 
4 29 16 13 6 31 
--
1 22 9 32 3 24 
10 29 2 23 16 31 
21 8 33 30 25 4 
28 11 26 17 36 15 
7 20 13 34 5 18 
12 27 6 19 14 35 
--
1 22 9 32 3 24 
10 29 2 23 16 31 
21 8 33 30 25 4 
28 11 26 17 36 15 
7 20 13 34 5 18 
12 27 6 19 14 35 
--
31 6 13 16 29 4 
14 23 30 5 12 17 
7 32 15 36 3 28 
22 35 24 9 18 11 
25 8 33 20 27 2 
34 21 26 1 10 19 
--
19 10 7 26 21 36 
6 27 20 33 8 25 
11 18 9 24 35 22 
28 5 34 15 32 1 
17 12 3 30 23 14 
4 29 16 13 2 31 
--
31 4 13 16 29 2 
14 23 30 3 12 17 
5 32 15 34 1 28 
22 35 24 9 18 11 
25 6 33 20 27 8 
36 21 26 7 10 19 
--
32 15 20 1 30 13 
19 8 31 14 21 2 
16 33 18 27 12 29 
7 26 9 36 3 22 
34 17 24 5 28 11 
25 6 35 10 23 4 
--
25 8 31 10 23 2 
32 17 24 1 30 11 
7 26 9 34 3 22 
16 33 18 27 12 29 
19 6 35 14 21 4 
36 15 20 5 28 13 
--
34 25 22 5 14 31 
21 6 35 32 23 4 
26 33 24 15 30 13 
7 20 9 36 3 16 
10 27 18 1 12 29 
19 8 11 28 17 2 
--
4 17 28 11 2 19 
29 12 3 18 27 10 
16 5 34 9 20 1 
13 30 15 24 33 26 
6 23 32 35 8 21 
31 14 7 22 25 36 
--
4 17 28 11 2 19 
29 12 3 18 27 10 
16 5 36 9 20 1 
13 30 15 24 33 26 
6 23 32 35 8 21 
31 14 7 22 25 34 
--
2 23 10 29 8 25 
11 28 1 24 17 30 
22 3 36 9 26 7 
35 12 27 18 31 16 
4 21 14 33 6 19 
13 34 5 20 15 32 
--
36 25 22 7 14 33 
21 8 31 34 23 6 
26 35 24 15 32 13 
1 20 9 30 5 16 
10 27 18 3 12 29 
19 2 11 28 17 4 
--
25 34 7 16 19 32 
8 17 26 33 6 15 
35 24 9 18 31 20 
10 1 36 27 14 5 
23 28 3 12 21 30 
2 11 22 29 4 13 
--
32 15 20 5 30 13 
19 6 31 14 21 4 
16 33 18 27 12 29 
7 26 9 34 3 22 
36 17 24 1 28 11 
25 8 35 10 23 2 
--
36 25 22 5 14 31 
21 6 35 32 23 4 
26 33 24 15 30 13 
7 20 9 34 3 16 
10 27 18 1 12 29 
19 8 11 28 17 2 
--
2 11 22 29 4 13 
23 30 3 12 21 28 
10 1 34 27 14 5 
31 24 9 18 35 20 
8 17 26 33 6 15 
25 32 7 16 19 36 
--
19 10 7 26 21 36 
8 27 20 33 6 25 
11 18 9 24 35 22 
28 1 34 15 32 5 
17 12 3 30 23 14 
2 29 16 13 4 31 
--
4 23 10 35 6 25 
11 28 5 24 17 36 
22 3 34 9 26 7 
29 12 27 18 33 16 
2 21 14 31 8 19 
13 30 1 20 15 32 
--
4 17 28 11 2 19 
29 12 3 18 27 10 
16 5 30 9 20 1 
13 32 15 24 35 26 
6 23 34 31 8 21 
33 14 7 22 25 36 
--
4 17 28 11 2 19 
29 12 3 18 27 10 
16 5 36 9 20 1 
13 30 15 24 33 26 
6 23 32 35 8 21 
31 14 7 22 25 34 
--
2 17 28 11 8 19 
29 12 1 18 27 10 
16 3 34 9 20 7 
13 30 15 24 33 26 
4 23 32 35 6 21 
31 14 5 22 25 36 
--
2 11 22 29 4 13 
23 30 3 12 21 28 
10 1 36 27 14 5 
31 24 9 18 35 20 
8 17 26 33 6 15 
25 32 7 16 19 34 
--
35 14 19 2 27 12 
18 3 34 13 20 1 
15 36 17 26 11 28 
4 25 30 33 8 21 
31 16 23 6 29 10 
24 5 32 9 22 7 
--
31 2 13 16 29 4 
14 23 30 3 12 17 
1 32 15 34 5 28 
22 35 24 9 18 11 
25 8 33 20 27 6 
36 21 26 7 10 19 
--
25 8 31 10 23 2 
32 17 24 1 30 11 
7 26 9 34 3 22 
16 33 18 27 12 29 
19 6 35 14 21 4 
36 15 20 5 28 13 
--
13 28 5 20 15 34 
4 21 14 35 6 19 
29 12 27 18 33 16 
22 3 36 9 26 7 
11 30 1 24 17 32 
2 23 10 31 8 25 
--
26 17 4 15 34 23 
5 32 27 24 3 14 
18 25 16 33 22 35 
9 6 31 28 13 2 
30 19 8 11 36 21 
7 10 29 20 1 12 
--
19 10 1 26 21 34 
2 27 20 33 8 25 
11 18 9 24 35 22 
28 3 36 15 32 7 
17 12 5 30 23 14 
4 29 16 13 6 31 
--
25 36 1 16 19 32 
2 17 26 33 8 15 
35 24 9 18 31 20 
10 3 34 27 14 7 
23 28 5 12 21 30 
4 11 22 29 6 13 
--
4 17 28 11 6 19 
29 12 5 18 27 10 
16 3 34 9 20 7 
13 30 15 24 33 26 
2 23 32 35 8 21 
31 14 1 22 25 36 
--
2 11 22 29 4 13 
23 28 3 12 21 30 
10 1 34 27 14 5 
35 24 9 18 31 20 
8 17 26 33 6 15 
25 36 7 16 19 32 
--
36 31 2 13 22 25 
3 14 33 24 1 12 
32 35 30 21 26 23 
15 4 17 34 11 8 
18 29 6 9 20 27 
5 16 19 28 7 10 
--
4 17 28 11 6 19 
29 12 5 18 27 10 
16 3 34 9 20 7 
13 30 15 24 33 26 
2 23 32 35 8 21 
31 14 1 22 25 36 
--
36 25 22 5 14 31 
21 6 35 32 23 4 
26 33 24 15 30 13 
7 20 9 34 3 16 
10 27 18 1 12 29 
19 8 11 28 17 2 
--
25 2 29 10 23 4 
30 17 24 3 28 11 
1 26 9 36 5 22 
16 31 18 27 12 35 
19 8 33 14 21 6 
32 15 20 7 34 13 
--
2 11 22 29 4 13 
23 30 3 12 21 28 
10 1 36 27 14 5 
31 24 9 18 35 20 
8 17 26 33 6 15 
25 32 7 16 19 34 
--
4 23 10 29 6 25 
11 28 5 24 17 30 
22 3 36 9 26 7 
35 12 27 18 31 16 
2 21 14 33 8 19 
13 34 1 20 15 32 
--
19 10 7 26 21 36 
6 27 20 33 8 25 
11 18 9 24 35 22 
28 5 34 15 32 1 
17 12 3 30 23 14 
4 29 16 13 2 31 
--
19 10 7 26 21 34 
8 27 20 33 6 25 
11 18 9 24 35 22 
28 1 36 15 32 5 
17 12 3 30 23 14 
2 29 16 13 4 31 
--
19 8 11 28 17 2 
10 27 18 1 12 29 
7 20 9 30 3 16 
26 31 24 15 34 13 
21 6 33 36 23 4 
32 25 22 5 14 35 
--
5 16 23 36 7 10 
24 33 6 9 22 35 
15 4 17 34 11 8 
32 25 14 19 28 21 
3 18 27 30 1 12 
26 31 2 13 20 29 
--
31 6 13 16 29 4 
14 23 30 5 12 17 
7 32 15 36 3 28 
22 35 24 9 18 11 
25 8 33 20 27 2 
34 21 26 1 10 19 
--
4 23 10 35 2 25 
11 28 3 24 17 34 
22 5 36 9 26 1 
29 12 27 18 33 16 
6 21 14 31 8 19 
13 30 7 20 15 32 
--
33 14 5 22 25 36 
4 23 32 35 6 21 
13 34 15 24 31 26 
16 3 30 9 20 7 
29 12 1 18 27 10 
2 17 28 11 8 19 
--
19 10 7 26 21 36 
6 27 20 35 8 25 
11 18 9 24 31 22 
28 5 30 15 34 1 
17 12 3 32 23 14 
4 29 16 13 2 33 
--
13 30 5 20 15 32 
4 21 14 31 6 19 
29 12 27 18 33 16 
22 3 34 9 26 7 
11 28 1 24 17 36 
2 23 10 35 8 25 
--
1 10 31 20 7 12 
32 19 8 11 30 21 
9 2 29 34 13 6 
18 33 16 27 22 25 
3 28 35 24 5 14 
36 17 4 15 26 23 
--
16 7 22 29 14 5 
23 30 15 6 21 28 
8 17 34 27 4 13 
31 24 9 18 35 20 
10 1 26 33 12 3 
25 32 11 2 19 36 
--
19 10 7 26 21 36 
6 27 20 33 8 25 
11 18 9 24 35 22 
28 5 34 15 32 1 
17 12 3 30 23 14 
4 29 16 13 2 31 
--
36 25 22 1 14 31 
21 8 35 32 23 2 
26 33 24 15 30 13 
7 20 9 34 3 16 
10 27 18 5 12 29 
19 6 11 28 17 4 
--
4 17 28 11 6 19 
29 12 5 18 27 10 
16 3 36 9 20 7 
13 30 15 24 33 26 
2 23 32 35 8 21 
31 14 1 22 25 34 
--
7 22 9 32 5 24 
10 29 6 23 16 31 
21 8 33 30 25 4 
28 11 26 17 36 15 
1 20 13 34 3 18 
12 27 2 19 14 35 
--
2 11 22 29 4 13 
23 30 3 12 21 28 
10 1 34 27 14 5 
31 24 9 18 35 20 
8 17 26 33 6 15 
25 32 7 16 19 36 
--
16 7 22 29 14 5 
23 30 15 6 21 28 
8 17 34 27 4 13 
31 24 9 18 35 20 
10 1 26 33 12 3 
25 32 11 2 19 36 
--
12 21 6 29 14 23 
7 30 13 22 5 28 
20 11 36 27 24 15 
31 8 25 16 35 4 
10 19 2 33 26 17 
1 32 9 18 3 34 
--
25 32 7 16 19 36 
6 17 26 33 8 15 
31 24 9 18 35 20 
10 5 34 27 14 1 
23 30 3 12 21 28 
4 11 22 29 2 13 
--
24 5 32 9 22 7 
31 16 23 6 29 10 
4 25 30 33 8 21 
15 34 17 26 11 28 
18 3 36 13 20 1 
35 14 19 2 27 12 
--
19 10 1 26 21 32 
2 27 20 33 8 25 
11 18 9 24 31 22 
28 3 30 15 34 7 
17 12 5 36 23 14 
4 29 16 13 6 35 
--
4 23 10 29 2 25 
11 28 3 24 17 30 
22 5 36 9 26 1 
35 12 27 18 31 16 
6 21 14 33 8 19 
13 34 7 20 15 32 
--
25 8 35 10 23 2 
36 17 24 1 28 11 
7 26 9 34 3 22 
16 33 18 27 12 29 
19 6 31 14 21 4 
32 15 20 5 30 13 
--
2 17 28 11 8 19 
29 12 1 18 27 10 
16 3 34 9 20 7 
13 30 15 24 33 26 
4 23 32 35 6 21 
31 14 5 22 25 36 
--
13 30 5 20 15 32 
4 21 14 31 6 19 
29 12 27 18 33 16 
22 3 36 9 26 7 
11 28 1 24 17 34 
2 23 10 35 8 25 
--
13 28 1 20 15 36 
2 21 14 35 8 19 
29 12 27 18 33 16 
22 3 34 9 26 7 
11 30 5 24 17 32 
4 23 10 31 6 25 
--
19 10 7 26 21 36 
6 27 20 33 8 25 
11 18 9 24 35 22 
28 5 34 15 32 1 
17 12 3 30 23 14 
4 29 16 13 2 31 
--
13 28 7 20 15 34 
6 21 14 35 8 19 
29 12 27 18 33 16 
22 5 36 9 26 1 
11 30 3 24 17 32 
4 23 10 31 2 25 
--
32 15 20 5 30 13 
19 6 31 14 21 4 
16 33 18 27 12 29 
7 26 9 36 3 22 
34 17 24 1 28 11 
25 8 35 10 23 2 
--
25 34 1 16 19 32 
2 17 26 33 8 15 
35 24 9 18 31 20 
10 3 36 27 14 7 
23 28 5 12 21 30 
4 11 22 29 6 13 
--
2 17 28 11 8 19 
29 12 1 18 27 10 
16 3 34 9 20 7 
13 30 15 24 33 26 
4 23 32 35 6 21 
31 14 5 22 25 36 
--
25 12 23 8 27 10 
22 1 26 11 20 7 
13 24 21 34 9 28 
2 33 30 17 6 19 
31 14 35 4 29 16 
36 3 32 15 18 5 
--
32 25 22 7 14 35 
21 8 31 34 23 6 
26 33 24 15 36 13 
1 20 9 30 5 16 
10 27 18 3 12 29 
19 2 11 28 17 4 
--
13 28 5 20 15 34 
4 21 14 35 6 19 
29 12 27 18 33 16 
22 3 36 9 26 7 
11 30 1 24 17 32 
2 23 10 31 8 25 
--
19 10 7 26 21 34 
6 27 20 33 8 25 
11 18 9 24 35 22 
28 5 36 15 32 1 
17 12 3 30 23 14 
4 29 16 13 2 31 
--
13 4 35 22 11 2 
36 21 12 3 28 23 
5 14 27 34 1 10 
20 33 18 9 24 29 
15 6 31 26 17 8 
32 19 16 7 30 25 
--
31 2 13 16 29 4 
14 23 30 3 12 17 
1 32 15 34 5 28 
22 35 24 9 18 11 
25 8 33 20 27 6 
36 21 26 7 10 19 
--
2 17 28 11 8 19 
29 12 1 18 27 10 
16 3 30 9 20 7 
13 34 15 24 31 26 
4 23 32 35 6 21 
33 14 5 22 25 36 
--
34 25 22 1 14 31 
21 8 35 32 23 2 
26 33 24 15 30 13 
7 20 9 36 3 16 
10 27 18 5 12 29 
19 6 11 28 17 4 
--
22 33 14 3 24 31 
13 4 23 32 15 2 
34 21 36 1 30 25 
5 12 27 18 9 16 
20 35 10 7 26 29 
11 6 19 28 17 8 
--
23 26 15 4 17 28 
14 5 24 27 34 3 
25 22 35 16 29 18 
6 13 30 33 2 9 
21 36 11 8 19 32 
12 7 20 31 10 1 
--
19 10 7 26 21 36 
6 27 20 33 8 25 
11 18 9 24 35 22 
28 5 34 15 32 1 
17 12 3 30 23 14 
4 29 16 13 2 31 
--
25 34 1 16 19 32 
2 17 26 33 8 15 
35 24 9 18 31 20 
10 3 36 27 14 7 
23 28 5 12 21 30 
4 11 22 29 6 13 
--
34 25 22 7 14 31 
21 8 35 32 23 6 
26 33 24 15 30 13 
1 20 9 36 5 16 
10 27 18 3 12 29 
19 2 11 28 17 4 
--
4 17 28 11 6 19 
29 12 5 18 27 10 
16 3 34 9 20 7 
13 30 15 24 33 26 
2 23 32 35 8 21 
31 14 1 22 25 36 
--
31 6 13 16 29 4 
14 23 30 5 12 17 
7 32 15 34 3 28 
22 35 24 9 18 11 
25 8 33 20 27 2 
36 21 26 1 10 19 
--
19 10 7 26 21 36 
8 27 20 33 6 25 
11 18 9 24 35 22 
28 1 34 15 32 5 
17 12 3 30 23 14 
2 29 16 13 4 31 
--
36 15 20 1 28 13 
19 8 35 14 21 2 
16 33 18 27 12 29 
7 26 9 34 3 22 
32 17 24 5 30 11 
25 6 31 10 23 4 
--
25 6 29 10 23 4 
30 17 24 5 28 11 
7 26 9 36 3 22 
16 31 18 27 12 35 
19 8 33 14 21 2 
32 15 20 1 34 13 
--
34 19 16 7 32 25 
15 6 33 26 17 8 
20 35 18 9 24 31 
5 14 27 36 1 10 
28 21 12 3 30 23 
13 4 29 22 11 2 
--
32 19 16 7 36 25 
15 6 33 26 17 8 
20 31 18 9 24 35 
5 14 27 34 1 10 
30 21 12 3 28 23 
13 4 29 22 11 2 
--
36 25 22 7 14 33 
21 8 31 34 23 6 
26 35 24 15 32 13 
1 20 9 30 5 16 
10 27 18 3 12 29 
19 2 11 28 17 4 
--
36 25 22 7 14 31 
21 8 35 32 23 6 
26 33 24 15 30 13 
1 20 9 34 5 16 
10 27 18 3 12 29 
19 2 11 28 17 4 
--
4 17 28 11 6 19 
29 12 5 18 27 10 
16 3 34 9 20 7 
13 30 15 24 33 26 
2 23 32 35 8 21 
31 14 1 22 25 36 
--
2 11 22 29 4 13 
23 30 3 12 21 28 
10 1 34 27 14 5 
31 24 9 18 35 20 
8 17 26 33 6 15 
25 32 7 16 19 36 
--
4 17 28 11 2 19 
29 12 3 18 27 10 
16 5 34 9 20 1 
13 30 15 24 33 26 
6 23 32 35 8 21 
31 14 7 22 25 36 
--
36 25 22 5 14 31 
21 6 35 32 23 4 
26 33 24 15 30 13 
7 20 9 34 3 16 
10 27 18 1 12 29 
19 8 11 28 17 2 
--
2 17 28 11 8 19 
29 12 1 18 27 10 
16 3 34 9 20 7 
13 30 15 24 33 26 
4 23 32 35 6 21 
31 14 5 22 25 36 
--
25 28 5 16 19 34 
6 17 26 35 4 15 
27 24 29 18 33 20 
10 7 36 1 14 3 
23 30 9 12 21 32 
8 11 22 31 2 13 
--
11 20 5 28 13 22 
6 31 12 21 4 29 
19 10 27 30 23 14 
32 7 18 1 36 3 
17 26 9 34 15 24 
8 33 16 25 2 35 
--
7 22 9 32 5 24 
10 29 6 23 16 31 
21 8 33 30 25 4 
28 11 26 17 36 15 
1 20 13 34 3 18 
12 27 2 19 14 35 
--
35 2 13 16 29 4 
14 23 34 3 12 17 
1 36 15 30 5 28 
22 33 24 9 18 11 
25 8 31 20 27 6 
32 21 26 7 10 19 
--
11 30 5 24 13 36 
6 21 12 35 4 23 
29 10 31 22 25 14 
20 7 18 1 34 3 
17 28 9 32 15 26 
8 19 16 27 2 33 
--
4 17 28 11 6 19 
29 12 5 18 27 10 
16 3 34 9 20 7 
13 30 15 24 33 26 
2 23 32 35 8 21 
31 14 1 22 25 36 
--
4 17 28 11 6 19 
29 12 5 18 27 10 
16 3 34 9 20 7 
13 30 15 24 33 26 
2 23 32 35 8 21 
31 14 1 22 25 36 
--
4 29 16 13 2 35 
17 12 3 34 23 14 
28 5 30 15 36 1 
11 18 9 24 33 22 
6 27 20 31 8 25 
19 10 7 26 21 32 
--
7 22 9 32 5 24 
10 29 6 23 16 31 
21 8 33 30 25 4 
28 11 26 17 36 15 
1 20 13 34 3 18 
12 27 2 19 14 35 
--
34 25 22 1 14 31 
21 8 35 32 23 2 
26 33 24 15 30 13 
7 20 9 36 3 16 
10 27 18 5 12 29 
19 6 11 28 17 4 
--
36 25 22 7 14 31 
21 8 35 32 23 6 
26 33 24 15 30 13 
1 20 9 34 5 16 
10 27 18 3 12 29 
19 2 11 28 17 4 
--
31 6 13 16 29 4 
14 23 30 5 12 17 
7 32 15 36 3 28 
22 35 24 9 18 11 
25 8 33 20 27 2 
34 21 26 1 10 19 
--
4 23 10 35 6 25 
11 28 5 24 17 34 
22 3 36 9 26 7 
29 12 27 18 33 16 
2 21 14 31 8 19 
13 30 1 20 15 32 
--
12 1 20 29 10 7 
21 34 11 8 19 30 
2 13 28 31 6 9 
35 22 33 16 25 18 
14 3 24 27 32 5 
23 36 15 4 17 26 
--
2 11 22 29 4 13 
23 30 3 12 21 28 
10 1 36 27 14 5 
31 24 9 18 35 20 
8 17 26 33 6 15 
25 32 7 16 19 34 
--
31 2 13 16 29 4 
14 23 30 3 12 17 
1 32 15 36 5 28 
22 35 24 9 18 11 
25 8 33 20 27 6 
34 21 26 7 10 19 
--
31 2 25 16 29 8 
24 15 30 9 26 17 
3 32 1 18 7 28 
14 23 36 27 10 19 
33 4 21 12 35 6 
22 13 34 5 20 11 
--
2 23 10 35 8 25 
11 28 1 24 17 34 
22 3 36 9 26 7 
29 12 27 18 33 16 
4 21 14 31 6 19 
13 30 5 20 15 32 
--
32 19 16 7 30 25 
15 6 31 26 17 8 
20 33 18 9 24 29 
5 14 27 34 1 10 
36 21 12 3 28 23 
13 4 35 22 11 2 
--
4 17 28 11 6 19 
29 12 5 18 27 10 
16 3 36 9 20 7 
13 30 15 24 33 26 
2 23 32 35 8 21 
31 14 1 22 25 34 
--
26 17 4 15 34 23 
5 32 27 24 3 14 
18 25 16 33 22 35 
9 6 31 28 13 2 
30 19 8 11 36 21 
7 10 29 20 1 12 
--
7 30 9 18 5 26 
10 19 6 25 32 17 
29 8 31 16 27 4 
20 11 28 33 24 15 
1 36 13 22 3 34 
12 21 2 35 14 23 
--
19 10 7 26 21 36 
8 27 20 33 6 25 
11 18 9 24 35 22 
28 1 34 15 32 5 
17 12 3 30 23 14 
2 29 16 13 4 31 
--
13 6 35 22 11 4 
36 21 12 5 28 23 
7 14 27 34 3 10 
20 33 18 9 24 29 
15 8 31 26 17 2 
32 19 16 1 30 25 
--
19 10 1 26 21 34 
2 27 20 33 8 25 
11 18 9 24 35 22 
28 3 36 15 32 7 
17 12 5 30 23 14 
4 29 16 13 6 31 
--
36 25 22 7 14 31 
21 8 35 32 23 6 
26 33 24 15 30 13 
1 20 9 34 5 16 
10 27 18 3 12 29 
19 2 11 28 17 4 
--
34 19 16 7 32 25 
15 6 33 26 17 8 
20 35 18 9 24 31 
5 14 27 36 1 10 
28 21 12 3 30 23 
13 4 29 22 11 2 
--
34 25 22 5 14 31 
21 6 35 32 23 4 
26 33 24 15 30 13 
7 20 9 36 3 16 
10 27 18 1 12 29 
19 8 11 28 17 2 
--
19 10 1 26 21 36 
2 27 20 33 8 25 
11 18 9 24 35 22 
28 3 34 15 32 7 
17 12 5 30 23 14 
4 29 16 13 6 31 
--
28 5 18 9 32 7 
17 34 29 6 19 10 
4 27 16 33 8 31 
15 24 35 30 11 20 
26 3 22 13 36 1 
23 14 25 2 21 12 
--
36 25 22 1 14 31 
21 8 35 32 23 2 
26 33 24 15 30 13 
7 20 9 34 3 16 
10 27 18 5 12 29 
19 6 11 28 17 4 
--
32 19 2 11 30 25 
3 12 31 26 1 10 
20 33 18 9 24 29 
13 4 27 34 17 8 
36 21 6 15 28 23 
5 14 35 22 7 16 
--
23 14 25 2 21 12 
26 3 22 13 34 1 
15 24 35 30 11 20 
4 27 16 33 8 31 
17 36 29 6 19 10 
28 5 18 9 32 7 
--
32 7 20 13 36 5 
19 12 33 6 21 14 
8 31 18 27 4 35 
11 26 9 34 15 22 
30 1 24 17 28 3 
25 10 29 2 23 16 
--
13 34 5 20 15 32 
4 21 14 33 6 19 
35 12 27 18 31 16 
22 3 36 9 26 7 
11 28 1 24 17 30 
2 23 10 29 8 25 
--
25 34 1 16 19 32 
2 17 26 33 8 15 
35 24 9 18 31 20 
10 3 36 27 14 7 
23 28 5 12 21 30 
4 11 22 29 6 13 
--
34 25 22 5 14 31 
21 6 35 32 23 4 
26 33 24 15 30 13 
7 20 9 36 3 16 
10 27 18 1 12 29 
19 8 11 28 17 2 
--
16 7 22 29 14 5 
23 30 15 6 21 28 
8 17 34 27 4 13 
31 24 9 18 35 20 
10 1 26 33 12 3 
25 32 11 2 19 36 
--
31 6 13 16 29 4 
14 23 30 5 12 17 
7 32 15 34 3 28 
22 35 24 9 18 11 
25 8 33 20 27 2 
36 21 26 1 10 19 
--
4 23 10 35 2 25 
11 28 3 24 17 36 
22 5 34 9 26 1 
29 12 27 18 33 16 
6 21 14 31 8 19 
13 30 7 20 15 32 
--
11 20 5 36 13 22 
6 33 12 21 4 35 
19 10 27 34 23 14 
32 7 18 1 28 3 
17 26 9 30 15 24 
8 31 16 25 2 29 
--
19 10 7 26 21 34 
6 27 20 33 8 25 
11 18 9 24 35 22 
28 5 36 15 32 1 
17 12 3 30 23 14 
4 29 16 13 2 31 
--
34 25 22 7 14 31 
21 8 35 32 23 6 
26 33 24 15 30 13 
1 20 9 36 5 16 
10 27 18 3 12 29 
19 2 11 28 17 4 
--
32 7 20 13 36 5 
19 12 33 6 21 14 
8 31 18 27 4 35 
11 26 9 34 15 22 
30 1 24 17 28 3 
25 10 29 2 23 16 
--
31 4 13 16 29 2 
14 23 30 3 12 17 
5 32 15 34 1 28 
22 35 24 9 18 11 
25 6 33 20 27 8 
36 21 26 7 10 19 
--
4 17 28 11 6 19 
29 12 5 18 27 10 
16 3 34 9 20 7 
13 30 15 24 33 26 
2 23 32 35 8 21 
31 14 1 22 25 36 
--
22 35 14 3 24 29 
13 4 23 28 15 2 
36 21 34 1 30 25 
5 12 27 18 9 16 
20 33 10 7 26 31 
11 6 19 32 17 8 
--
4 17 28 11 2 19 
29 12 3 18 27 10 
16 5 36 9 20 1 
13 30 15 24 33 26 
6 23 32 35 8 21 
31 14 7 22 25 34 
--
29 20 13 2 31 26 
12 1 30 27 18 3 
21 28 19 14 25 32 
8 11 34 17 4 15 
35 22 9 6 33 24 
10 7 36 23 16 5 
--
31 4 13 16 29 2 
14 23 30 3 12 17 
5 32 15 34 1 28 
22 35 24 9 18 11 
25 6 33 20 27 8 
36 21 26 7 10 19 
--
32 19 2 11 36 25 
3 12 33 26 1 10 
20 31 18 9 24 35 
13 4 27 34 17 8 
30 21 6 15 28 23 
5 14 29 22 7 16 
--
12 21 2 25 14 23 
1 30 13 22 3 26 
20 11 34 27 24 15 
31 8 29 16 35 4 
10 19 6 33 28 17 
7 32 9 18 5 36 
--
16 7 22 29 14 5 
23 30 15 6 21 28 
8 17 34 27 4 13 
31 24 9 18 35 20 
10 1 26 33 12 3 
25 32 11 2 19 36 
--
26 17 4 15 28 23 
5 36 27 24 3 14 
18 25 16 35 22 29 
9 6 33 30 13 2 
32 19 8 11 34 21 
7 10 31 20 1 12 
--
25 34 7 16 19 32 
6 17 26 33 8 15 
35 24 9 18 31 20 
10 5 36 27 14 1 
23 28 3 12 21 30 
4 11 22 29 2 13 
--
19 10 7 26 21 34 
8 27 20 33 6 25 
11 18 9 24 35 22 
28 1 36 15 32 5 
17 12 3 30 23 14 
2 29 16 13 4 31 
--
12 1 28 21 10 7 
27 20 11 8 29 22 
2 13 26 33 6 9 
19 34 17 30 23 32 
14 3 36 25 16 5 
35 18 15 4 31 24 
--
13 30 5 20 15 32 
4 21 14 31 6 19 
29 12 27 18 33 16 
22 3 34 9 26 7 
11 28 1 24 17 36 
2 23 10 35 8 25 
--
35 14 19 2 27 12 
18 3 34 13 20 1 
15 36 17 26 11 28 
4 25 30 33 8 21 
31 16 23 6 29 10 
24 5 32 9 22 7 
--
19 10 7 26 21 36 
6 27 20 33 8 25 
11 18 9 24 35 22 
28 5 34 15 32 1 
17 12 3 30 23 14 
4 29 16 13 2 31 
--
12 1 28 21 10 7 
27 20 11 8 29 22 
2 13 26 33 6 9 
19 34 17 30 23 32 
14 3 36 25 16 5 
35 18 15 4 31 24 
--
19 10 7 26 21 36 
6 27 20 33 8 25 
11 18 9 24 35 22 
28 5 34 15 32 1 
17 12 3 30 23 14 
4 29 16 13 2 31 
--
25 8 29 10 23 2 
30 17 24 1 28 11 
7 26 9 34 3 22 
16 31 18 27 12 35 
19 6 33 14 21 4 
32 15 20 5 36 13 
--
31 6 13 16 29 4 
14 23 30 5 12 17 
7 32 15 34 3 28 
22 35 24 9 18 11 
25 8 33 20 27 2 
36 21 26 1 10 19 
--
22 35 14 3 24 29 
13 4 23 28 15 2 
36 21 34 1 30 25 
5 12 27 18 9 16 
20 33 10 7 26 31 
11 6 19 32 17 8 
--
35 14 19 2 27 12 
18 3 34 13 20 1 
15 36 17 26 11 28 
4 25 30 33 8 21 
31 16 23 6 29 10 
24 5 32 9 22 7 
--
32 15 20 7 30 13 
19 8 31 14 21 6 
16 33 18 27 12 29 
1 26 9 36 5 22 
34 17 24 3 28 11 
25 2 35 10 23 4 
--
12 1 28 21 10 7 
27 20 11 8 29 22 
2 13 26 33 6 9 
19 34 17 30 23 32 
14 3 36 25 16 5 
35 18 15 4 31 24 
--
23 14 25 2 21 12 
26 3 22 13 36 1 
15 24 35 30 11 20 
4 27 16 33 8 31 
17 34 29 6 19 10 
28 5 18 9 32 7 
--
36 25 22 1 14 31 
21 8 35 32 23 2 
26 33 24 15 30 13 
7 20 9 34 3 16 
10 27 18 5 12 29 
19 6 11 28 17 4 
--
31 4 13 16 29 2 
14 23 30 3 12 17 
5 32 15 34 1 28 
22 35 24 9 18 11 
25 6 33 20 27 8 
36 21 26 7 10 19 
--
33 6 13 16 29 4 
14 23 32 5 12 17 
7 34 15 30 3 28 
22 31 24 9 18 11 
25 8 35 20 27 2 
36 21 26 1 10 19 
--
32 15 20 1 30 13 
19 8 31 14 21 2 
16 33 18 27 12 29 
7 26 9 34 3 22 
36 17 24 5 28 11 
25 6 35 10 23 4 
--
8 17 28 19 6 11 
29 26 7 10 35 20 
16 9 18 27 12 5 
25 30 1 36 21 34 
2 15 32 23 4 13 
31 24 3 14 33 22 
--
2 11 22 35 4 13 
23 28 3 12 21 34 
10 1 36 27 14 5 
29 24 9 18 33 20 
8 17 26 31 6 15 
25 30 7 16 19 32 
--
11 30 5 24 13 36 
6 21 12 35 4 23 
29 10 31 22 25 14 
20 7 18 1 34 3 
17 28 9 32 15 26 
8 19 16 27 2 33 
--
33 2 13 16 29 4 
14 23 32 3 12 17 
1 34 15 30 5 28 
22 31 24 9 18 11 
25 8 35 20 27 6 
36 21 26 7 10 19 
--
19 10 7 26 21 36 
6 27 20 33 8 25 
11 18 9 24 35 22 
28 5 34 15 32 1 
17 12 3 30 23 14 
4 29 16 13 2 31 
--
8 17 28 19 6 11 
29 26 7 10 35 20 
16 9 18 27 12 5 
25 30 1 36 21 34 
2 15 32 23 4 13 
31 24 3 14 33 22 
--
35 14 19 2 27 12 
18 3 34 13 20 1 
15 36 17 26 11 28 
4 25 30 33 8 21 
31 16 23 6 29 10 
24 5 32 9 22 7 
--
19 10 1 26 21 34 
2 27 20 33 8 25 
11 18 9 24 35 22 
28 3 36 15 32 7 
17 12 5 30 23 14 
4 29 16 13 6 31 
--
31 6 13 16 29 4 
14 23 30 5 12 17 
7 32 15 36 3 28 
22 35 24 9 18 11 
25 8 33 20 27 2 
34 21 26 1 10 19 
--
36 19 16 7 32 25 
15 6 33 26 17 8 
20 35 18 9 24 31 
5 14 27 34 1 10 
28 21 12 3 30 23 
13 4 29 22 11 2 
--
4 17 28 11 6 19 
29 12 5 18 27 10 
16 3 36 9 20 7 
13 30 15 24 33 26 
2 23 32 35 8 21 
31 14 1 22 25 34 
--
11 20 5 36 13 22 
6 33 12 21 4 35 
19 10 27 34 23 14 
32 7 18 1 28 3 
17 26 9 30 15 24 
8 31 16 25 2 29 
--
19 10 7 26 21 36 
6 27 20 33 8 25 
11 18 9 24 35 22 
28 5 34 15 32 1 
17 12 3 30 23 14 
4 29 16 13 2 31 
--
36 25 22 1 14 31 
21 8 35 32 23 2 
26 33 24 15 30 13 
7 20 9 34 3 16 
10 27 18 5 12 29 
19 6 11 28 17 4 
--
19 10 1 26 21 36 
2 27 20 33 8 25 
11 18 9 24 35 22 
28 3 34 15 32 7 
17 12 5 30 23 14 
4 29 16 13 6 31 
--
2 23 10 35 8 25 
11 28 1 24 17 34 
22 3 36 9 26 7 
29 12 27 18 33 16 
4 21 14 31 6 19 
13 30 5 20 15 32 
--
7 22 9 32 5 24 
10 29 6 23 16 31 
21 8 33 30 25 4 
28 11 26 17 36 15 
1 20 13 34 3 18 
12 27 2 19 14 35 
--
36 25 22 5 14 31 
21 6 35 32 23 4 
26 33 24 15 30 13 
7 20 9 34 3 16 
10 27 18 1 12 29 
19 8 11 28 17 2 
--
19 10 7 26 21 36 
8 27 20 33 6 25 
11 18 9 24 35 22 
28 1 34 15 32 5 
17 12 3 30 23 14 
2 29 16 13 4 31 
--
34 25 22 7 14 31 
21 8 35 32 23 6 
26 33 24 15 30 13 
1 20 9 36 5 16 
10 27 18 3 12 29 
19 2 11 28 17 4 
--
4 17 28 11 6 19 
29 12 5 18 27 10 
16 3 34 9 20 7 
13 30 15 24 33 26 
2 23 32 35 8 21 
31 14 1 22 25 36 
--
32 19 16 7 36 25 
15 6 33 26 17 8 
20 31 18 9 24 35 
5 14 27 34 1 10 
30 21 12 3 28 23 
13 4 29 22 11 2 
--
32 15 20 5 36 13 
19 6 33 14 21 4 
16 31 18 27 12 35 
7 26 9 34 3 22 
30 17 24 1 28 11 
25 8 29 10 23 2 
--
5 28 13 20 3 36 
14 21 4 35 12 19 
29 6 27 18 33 2 
22 15 34 9 26 11 
7 30 17 24 1 32 
16 23 8 31 10 25 
--
4 23 10 29 6 25 
11 28 5 24 17 30 
22 3 34 9 26 7 
35 12 27 18 31 16 
2 21 14 33 8 19 
13 36 1 20 15 32 
--
11 20 5 34 13 22 
6 35 12 21 4 33 
19 10 27 36 23 14 
28 7 18 1 32 3 
17 26 9 30 15 24 
8 29 16 25 2 31 
--
35 14 19 2 27 12 
18 3 34 13 20 1 
15 36 17 26 11 28 
4 25 30 33 8 21 
31 16 23 6 29 10 
24 5 32 9 22 7 
--
2 29 16 13 4 35 
17 12 3 34 23 14 
28 1 30 15 36 5 
11 18 9 24 33 22 
8 27 20 31 6 25 
19 10 7 26 21 32 
--
36 25 22 7 14 31 
21 8 35 32 23 6 
26 33 24 15 30 13 
1 20 9 34 5 16 
10 27 18 3 12 29 
19 2 11 28 17 4 
--
16 23 2 31 10 25 
3 30 17 24 1 32 
22 15 34 9 26 11 
29 4 27 18 33 8 
14 21 6 35 12 19 
5 28 13 20 7 36 
--
2 17 28 11 8 19 
29 12 1 18 27 10 
16 3 36 9 20 7 
13 30 15 24 33 26 
4 23 32 35 6 21 
31 14 5 22 25 34 
--
31 4 13 16 29 2 
14 23 30 3 12 17 
5 32 15 36 1 28 
22 35 24 9 18 11 
25 6 33 20 27 8 
34 21 26 7 10 19 
--
12 1 28 21 10 7 
27 20 11 8 29 22 
2 13 26 33 6 9 
19 34 17 30 23 32 
14 3 36 25 16 5 
35 18 15 4 31 24 
--
25 28 5 16 19 34 
6 17 26 35 4 15 
27 24 29 18 33 20 
10 7 36 1 14 3 
23 30 9 12 21 32 
8 11 22 31 2 13 
--
36 15 20 1 28 13 
19 8 35 14 21 2 
16 33 18 27 12 29 
7 26 9 34 3 22 
32 17 24 5 30 11 
25 6 31 10 23 4 
--
13 28 5 20 15 36 
4 21 14 35 6 19 
29 12 27 18 33 16 
22 3 34 9 26 7 
11 30 1 24 17 32 
2 23 10 31 8 25 
--
19 8 11 28 17 2 
10 27 18 1 12 29 
7 20 9 36 3 16 
26 33 24 15 30 13 
21 6 35 32 23 4 
34 25 22 5 14 31 
--
34 25 22 7 14 31 
21 8 35 32 23 6 
26 33 24 15 30 13 
1 20 9 36 5 16 
10 27 18 3 12 29 
19 2 11 28 17 4 
--
19 10 7 26 21 36 
6 27 20 33 8 25 
11 18 9 24 35 22 
28 5 34 15 32 1 
17 12 3 30 23 14 
4 29 16 13 2 31 
--
35 2 25 16 33 8 
24 15 34 9 26 17 
3 36 1 18 7 32 
14 23 30 27 10 19 
29 4 21 12 31 6 
22 13 28 5 20 11 
--
33 2 27 16 19 8 
26 15 32 9 28 17 
3 34 1 18 7 20 
14 25 22 31 10 29 
23 4 35 12 21 6 
36 13 24 5 30 11 
--
24 31 4 15 18 35 
5 16 25 36 3 14 
32 23 30 17 34 19 
9 6 33 26 13 2 
22 29 8 11 20 27 
7 10 21 28 1 12 
--
25 32 7 16 19 34 
8 17 26 33 6 15 
31 24 9 18 35 20 
10 1 36 27 14 5 
23 30 3 12 21 28 
2 11 22 29 4 13 
--
31 2 13 16 29 4 
14 23 30 3 12 17 
1 32 15 34 5 28 
22 35 24 9 18 11 
25 8 33 20 27 6 
36 21 26 7 10 19 
--
25 8 31 10 23 2 
32 17 24 1 30 11 
7 26 9 36 3 22 
16 33 18 27 12 29 
19 6 35 14 21 4 
34 15 20 5 28 13 
--
36 19 16 7 32 25 
15 6 33 26 17 8 
20 35 18 9 24 31 
5 14 27 34 1 10 
28 21 12 3 30 23 
13 4 29 22 11 2 
--
4 17 28 11 2 19 
29 12 3 18 27 10 
16 5 36 9 20 1 
13 30 15 24 33 26 
6 23 32 35 8 21 
31 14 7 22 25 34 
--
34 25 22 1 14 31 
21 8 35 32 23 2 
26 33 24 15 30 13 
7 20 9 36 3 16 
10 27 18 5 12 29 
19 6 11 28 17 4 
--
2 17 28 11 8 19 
29 12 1 18 27 10 
16 3 30 9 20 7 
13 34 15 24 31 26 
4 23 32 35 6 21 
33 14 5 22 25 36 
--
32 19 2 11 36 25 
3 12 33 26 1 10 
20 31 18 9 24 35 
13 4 27 34 17 8 
30 21 6 15 28 23 
5 14 29 22 7 16 
--
13 6 29 22 11 4 
30 21 12 5 28 23 
7 14 27 34 3 10 
20 31 18 9 24 35 
15 8 33 26 17 2 
32 19 16 1 36 25 
--
2 17 28 11 8 19 
29 12 1 18 27 10 
16 3 34 9 20 7 
13 30 15 24 33 26 
4 23 32 35 6 21 
31 14 5 22 25 36 
--
25 10 35 8 23 16 
36 1 24 17 28 7 
11 26 9 34 15 22 
2 33 18 27 6 29 
19 12 31 4 21 14 
32 3 20 13 30 5 
--
2 11 22 29 4 13 
23 30 3 12 21 28 
10 1 34 27 14 5 
31 24 9 18 35 20 
8 17 26 33 6 15 
25 32 7 16 19 36 
--
5 30 13 20 3 32 
14 21 4 31 12 19 
29 6 27 18 33 2 
22 15 34 9 26 11 
7 28 17 24 1 36 
16 23 8 35 10 25 
--
13 28 5 20 15 36 
4 21 14 35 6 19 
29 12 27 18 33 16 
22 3 34 9 26 7 
11 30 1 24 17 32 
2 23 10 31 8 25 
--
31 4 13 16 29 2 
14 23 30 3 12 17 
5 32 15 34 1 28 
22 35 24 9 18 11 
25 6 33 20 27 8 
36 21 26 7 10 19 
--
2 11 22 29 4 13 
23 30 3 12 21 28 
10 1 34 27 14 5 
31 24 9 18 35 20 
8 17 26 33 6 15 
25 32 7 16 19 36 
--
34 19 16 7 32 25 
15 6 33 26 17 8 
20 35 18 9 24 31 
5 14 27 36 1 10 
28 21 12 3 30 23 
13 4 29 22 11 2 
--
13 28 5 20 15 34 
4 21 14 35 6 19 
29 12 27 18 33 16 
22 3 36 9 26 7 
11 30 1 24 17 32 
2 23 10 31 8 25 
--
11 20 5 34 13 22 
6 35 12 21 4 33 
19 10 27 36 23 14 
28 7 18 1 32 3 
17 26 9 30 15 24 
8 29 16 25 2 31 
--
25 8 31 10 23 2 
32 17 24 1 30 11 
7 26 9 36 3 22 
16 33 18 27 12 29 
19 6 35 14 21 4 
34 15 20 5 28 13 
--
7 22 9 32 5 24 
10 29 6 23 16 31 
21 8 33 30 25 4 
28 11 26 17 36 15 
1 20 13 34 3 18 
12 27 2 19 14 35 
--
16 7 22 29 14 5 
23 30 15 6 21 28 
8 17 34 27 4 13 
31 24 9 18 35 20 
10 1 26 33 12 3 
25 32 11 2 19 36 
--
25 8 31 10 23 2 
32 17 24 1 30 11 
7 26 9 34 3 22 
16 33 18 27 12 29 
19 6 35 14 21 4 
36 15 20 5 28 13 
--
4 17 28 11 6 19 
29 12 5 18 27 10 
16 3 34 9 20 7 
13 30 15 24 33 26 
2 23 32 35 8 21 
31 14 1 22 25 36 
--
19 10 7 26 21 36 
6 27 20 33 8 25 
11 18 9 24 35 22 
28 5 34 15 32 1 
17 12 3 30 23 14 
4 29 16 13 2 31 
--
36 25 22 5 14 31 
21 6 35 32 23 4 
26 33 24 15 30 13 
7 20 9 34 3 16 
10 27 18 1 12 29 
19 8 11 28 17 2 
--
13 2 35 22 11 4 
36 21 12 3 28 23 
1 14 27 34 5 10 
20 33 18 9 24 29 
15 8 31 26 17 6 
32 19 16 7 30 25 
--
2 11 22 29 4 13 
23 30 3 12 21 28 
10 1 36 27 14 5 
31 24 9 18 35 20 
8 17 26 33 6 15 
25 32 7 16 19 34 
--
4 17 28 11 6 19 
29 12 5 18 27 10 
16 3 34 9 20 7 
13 30 15 24 33 26 
2 23 32 35 8 21 
31 14 1 22 25 36 
--
25 30 11 8 19 32 
10 1 26 31 12 7 
29 24 9 18 33 20 
2 17 34 27 6 13 
23 28 15 4 21 36 
16 3 22 35 14 5 
--
36 25 22 5 14 31 
21 6 35 32 23 4 
26 33 24 15 30 13 
7 20 9 34 3 16 
10 27 18 1 12 29 
19 8 11 28 17 2 
--
19 10 7 26 21 36 
8 27 20 33 6 25 
11 18 9 24 35 22 
28 1 34 15 32 5 
17 12 3 30 23 14 
2 29 16 13 4 31 
--
13 4 29 22 11 2 
30 21 12 3 28 23 
5 14 27 36 1 10 
20 31 18 9 24 35 
15 6 33 26 17 8 
32 19 16 7 34 25 
--
32 19 16 7 36 25 
15 6 33 26 17 8 
20 31 18 9 24 35 
5 14 27 34 1 10 
30 21 12 3 28 23 
13 4 29 22 11 2 
--
19 10 7 26 21 36 
8 27 20 33 6 25 
11 18 9 24 35 22 
28 1 34 15 32 5 
17 12 3 30 23 14 
2 29 16 13 4 31 
--
4 17 28 11 2 19 
29 12 3 18 27 10 
16 5 36 9 20 1 
13 30 15 24 33 26 
6 23 32 35 8 21 
31 14 7 22 25 34 
--
25 8 29 10 23 2 
30 17 24 1 28 11 
7 26 9 34 3 22 
16 31 18 27 12 35 
19 6 33 14 21 4 
32 15 20 5 36 13 
--
2 11 22 35 4 13 
23 28 3 12 21 34 
10 1 36 27 14 5 
29 24 9 18 33 20 
8 17 26 31 6 15 
25 30 7 16 19 32 
--
35 14 5 22 25 32 
4 23 36 33 6 21 
13 34 15 24 31 26 
16 3 30 9 20 7 
29 12 1 18 27 10 
2 17 28 11 8 19 
--
31 4 13 16 29 2 
14 23 30 3 12 17 
5 32 15 36 1 28 
22 35 24 9 18 11 
25 6 33 20 27 8 
34 21 26 7 10 19 
--
23 26 15 4 17 36 
14 5 24 35 28 3 
25 22 27 16 33 18 
6 13 34 29 2 9 
21 30 11 8 19 32 
12 7 20 31 10 1 
--
35 14 19 2 27 12 
18 3 34 13 20 1 
15 36 17 26 11 28 
4 25 30 33 8 21 
31 16 23 6 29 10 
24 5 32 9 22 7 
--
33 2 27 16 19 8 
26 15 32 9 28 17 
3 34 1 18 7 20 
14 25 22 31 10 29 
23 4 35 12 21 6 
36 13 24 5 30 11 
--
4 17 28 11 6 19 
29 12 5 18 27 10 
16 3 36 9 20 7 
13 30 15 24 33 26 
2 23 32 35 8 21 
31 14 1 22 25 34 
--
4 17 28 11 2 19 
29 12 3 18 27 10 
16 5 34 9 20 1 
13 30 15 24 33 26 
6 23 32 35 8 21 
31 14 7 22 25 36 
--
2 23 10 35 8 25 
11 28 1 24 17 34 
22 3 36 9 26 7 
29 12 27 18 33 16 
4 21 14 31 6 19 
13 30 5 20 15 32 
--
36 25 22 1 14 31 
21 8 35 32 23 2 
26 33 24 15 30 13 
7 20 9 34 3 16 
10 27 18 5 12 29 
19 6 11 28 17 4 
--
32 15 20 5 34 13 
19 6 33 14 21 4 
16 31 18 27 12 35 
7 26 9 36 3 22 
30 17 24 1 28 11 
25 8 29 10 23 2 
--
5 28 13 20 3 36 
14 21 4 35 12 19 
29 6 27 18 33 2 
22 15 34 9 26 11 
7 30 17 24 1 32 
16 23 8 31 10 25 
--
36 25 22 7 14 31 
21 8 35 32 23 6 
26 33 24 15 30 13 
1 20 9 34 5 16 
10 27 18 3 12 29 
19 2 11 28 17 4 
--
16 7 22 29 14 5 
23 28 15 6 21 30 
8 17 34 27 4 13 
35 24 9 18 31 20 
10 1 26 33 12 3 
25 36 11 2 19 32 
--
4 17 28 11 6 19 
29 12 5 18 27 10 
16 3 34 9 20 7 
13 30 15 24 33 26 
2 23 32 35 8 21 
31 14 1 22 25 36 
--
36 25 22 1 14 33 
21 8 31 34 23 2 
26 35 24 15 32 13 
7 20 9 30 3 16 
10 27 18 5 12 29 
19 6 11 28 17 4 
--
12 1 28 21 10 7 
27 20 11 8 29 22 
2 13 26 33 6 9 
19 34 17 30 23 32 
14 3 36 25 16 5 
35 18 15 4 31 24 
--
1 10 31 20 7 12 
32 19 8 11 34 21 
9 2 33 30 13 6 
18 29 16 35 22 25 
3 36 27 24 5 14 
28 17 4 15 26 23 
--
31 4 13 16 29 2 
14 23 30 3 12 17 
5 32 15 34 1 28 
22 35 24 9 18 11 
25 6 33 20 27 8 
36 21 26 7 10 19 
--
4 17 28 11 2 19 
29 12 3 18 27 10 
16 5 36 9 20 1 
13 30 15 24 33 26 
6 23 32 35 8 21 
31 14 7 22 25 34 
--
22 33 14 3 24 31 
13 4 23 32 15 2 
34 21 36 1 30 25 
5 12 27 18 9 16 
20 35 10 7 26 29 
11 6 19 28 17 8 
--
16 7 22 29 14 5 
23 30 15 6 21 28 
8 17 34 27 4 13 
31 24 9 18 35 20 
10 1 26 33 12 3 
25 32 11 2 19 36 
--
2 11 22 29 4 13 
23 30 3 12 21 28 
10 1 34 27 14 5 
31 24 9 18 35 20 
8 17 26 33 6 15 
25 32 7 16 19 36 
--
36 25 22 1 14 31 
21 8 35 32 23 2 
26 33 24 15 30 13 
7 20 9 34 3 16 
10 27 18 5 12 29 
19 6 11 28 17 4 
--
19 10 1 26 21 36 
2 27 20 33 8 25 
11 18 9 24 35 22 
28 3 34 15 32 7 
17 12 5 30 23 14 
4 29 16 13 6 31 
--
22 35 14 3 24 29 
13 4 23 28 15 2 
36 21 34 1 30 25 
5 12 27 18 9 16 
20 33 10 7 26 31 
11 6 19 32 17 8 
--
7 10 21 28 1 12 
22 29 8 11 20 27 
9 6 33 26 13 2 
32 23 30 17 36 19 
5 16 25 34 3 14 
24 31 4 15 18 35 
--
13 34 5 20 15 32 
4 21 14 33 6 19 
35 12 27 18 31 16 
22 3 36 9 26 7 
11 28 1 24 17 30 
2 23 10 29 8 25 
--
4 17 28 11 6 19 
29 12 5 18 27 10 
16 3 34 9 20 7 
13 30 15 24 33 26 
2 23 32 35 8 21 
31 14 1 22 25 36 
--
32 19 16 7 36 25 
15 6 33 26 17 8 
20 31 18 9 24 35 
5 14 27 34 1 10 
30 21 12 3 28 23 
13 4 29 22 11 2 
--
32 19 16 7 30 25 
15 6 31 26 17 8 
20 33 18 9 24 29 
5 14 27 34 1 10 
36 21 12 3 28 23 
13 4 35 22 11 2 
--
25 8 31 10 23 2 
32 17 24 1 30 11 
7 26 9 36 3 22 
16 33 18 27 12 29 
19 6 35 14 21 4 
34 15 20 5 28 13 
--
1 10 31 20 7 12 
32 19 8 11 30 21 
9 2 29 34 13 6 
18 33 16 27 22 25 
3 28 35 24 5 14 
36 17 4 15 26 23 
--
16 7 22 29 14 5 
23 28 15 6 21 30 
8 17 34 27 4 13 
35 24 9 18 31 20 
10 1 26 33 12 3 
25 36 11 2 19 32 
--
25 34 1 16 19 32 
2 17 26 33 8 15 
35 24 9 18 31 20 
10 3 36 27 14 7 
23 28 5 12 21 30 
4 11 22 29 6 13 
--
31 2 25 16 29 8 
24 15 30 9 26 17 
3 32 1 18 7 28 
14 23 36 27 10 19 
33 4 21 12 35 6 
22 13 34 5 20 11 
--
31 6 13 16 29 4 
14 23 30 5 12 17 
7 32 15 34 3 28 
22 35 24 9 18 11 
25 8 33 20 27 2 
36 21 26 1 10 19 
--
2 23 10 35 8 25 
11 28 1 24 17 34 
22 3 36 9 26 7 
29 12 27 18 33 16 
4 21 14 31 6 19 
13 30 5 20 15 32 
--
31 2 13 16 29 4 
14 23 30 3 12 17 
1 32 15 36 5 28 
22 35 24 9 18 11 
25 8 33 20 27 6 
34 21 26 7 10 19 
--
34 25 22 7 14 31 
21 8 35 32 23 6 
26 33 24 15 30 13 
1 20 9 36 5 16 
10 27 18 3 12 29 
19 2 11 28 17 4 
--
31 4 13 16 29 2 
14 23 30 3 12 17 
5 32 15 34 1 28 
22 35 24 9 18 11 
25 6 33 20 27 8 
36 21 26 7 10 19 
--
4 17 28 11 2 19 
29 12 3 18 27 10 
16 5 36 9 20 1 
13 30 15 24 33 26 
6 23 32 35 8 21 
31 14 7 22 25 34 
--
36 19 16 7 32 25 
15 6 33 26 17 8 
20 35 18 9 24 31 
5 14 27 34 1 10 
28 21 12 3 30 23 
13 4 29 22 11 2 
--
13 30 5 20 15 32 
4 21 14 31 6 19 
29 12 27 18 33 16 
22 3 34 9 26 7 
11 28 1 24 17 36 
2 23 10 35 8 25 
--
4 17 28 11 2 19 
29 12 3 18 27 10 
16 5 34 9 20 1 
13 30 15 24 33 26 
6 23 32 35 8 21 
31 14 7 22 25 36 
--
24 31 4 15 18 35 
5 16 25 36 3 14 
32 23 30 17 34 19 
9 6 33 26 13 2 
22 29 8 11 20 27 
7 10 21 28 1 12 
--
19 10 7 26 21 34 
8 27 20 33 6 25 
11 18 9 24 35 22 
28 1 36 15 32 5 
17 12 3 30 23 14 
2 29 16 13 4 31 
--
32 19 16 7 30 25 
15 6 31 26 17 8 
20 33 18 9 24 29 
5 14 27 36 1 10 
34 21 12 3 28 23 
13 4 35 22 11 2 
--
25 10 31 8 23 16 
32 1 24 17 30 7 
11 26 9 34 15 22 
2 33 18 27 6 29 
19 12 35 4 21 14 
36 3 20 13 28 5 
--
19 10 1 26 21 36 
2 27 20 33 8 25 
11 18 9 24 35 22 
28 3 34 15 32 7 
17 12 5 30 23 14 
4 29 16 13 6 31 
--
36 19 16 7 32 25 
15 6 33 26 17 8 
20 35 18 9 24 31 
5 14 27 34 1 10 
28 21 12 3 30 23 
13 4 29 22 11 2 
--
