--
37 14 33 72 59 16 31 28 61 
34 71 36 15 32 69 60 17 30 
13 38 47 70 67 58 29 62 27 
46 35 66 43 52 63 68 57 18 
39 12 45 48 65 50 53 26 1 
6 9 42 51 44 23 64 19 56 
11 40 7 4 49 54 21 2 25 
8 5 10 41 22 3 24 55 20 
--
17 38 3 42 15 36 33 62 13 
4 43 16 37 2 63 14 35 32 
39 18 41 56 67 34 65 12 61 
44 5 70 1 64 57 68 31 52 
19 40 55 58 69 66 53 60 11 
6 45 22 71 54 59 28 51 30 
23 20 47 8 25 72 49 10 27 
46 7 24 21 48 9 26 29 50 
--
35 52 37 12 33 70 29 10 31 
38 13 34 69 50 11 32 25 28 
53 36 51 40 71 68 27 30 9 
14 39 72 55 62 49 24 65 26 
43 54 41 48 67 64 61 8 23 
18 15 44 63 56 1 66 5 60 
45 42 17 20 47 58 3 22 7 
16 19 46 57 2 21 6 59 4 
--
52 21 56 19 54 39 64 3 6 
57 18 53 40 61 2 5 36 63 
22 51 20 55 38 65 62 7 4 
17 58 41 68 1 60 37 66 35 
42 23 50 59 72 67 48 31 8 
13 16 69 26 49 28 71 34 47 
24 43 14 11 70 45 32 9 30 
15 12 25 44 27 10 29 46 33 
--
