--
17 38 13 60 33 36 11 64 
14 55 16 37 12 61 32 35 
39 18 45 54 59 34 63 10 
44 15 56 41 62 47 52 31 
19 40 43 46 53 58 9 48 
4 1 22 57 42 51 30 27 
23 20 3 6 25 28 49 8 
2 5 24 21 50 7 26 29 
--
35 32 1 16 45 30 11 14 
2 17 34 31 12 15 44 29 
33 36 57 48 53 46 13 10 
18 3 54 59 56 51 28 43 
37 58 49 52 47 60 9 24 
4 19 62 55 50 25 42 27 
63 38 21 6 61 40 23 8 
20 5 64 39 22 7 26 41 
--
37 14 39 2 35 24 59 4 
40 1 36 25 58 3 34 23 
15 38 13 46 55 64 5 60 
12 41 26 63 52 57 22 33 
27 16 47 56 45 54 61 6 
42 11 44 53 62 51 32 21 
17 28 9 48 19 30 7 50 
10 43 18 29 8 49 20 31 
--
35 32 1 16 53 30 11 14 
2 17 34 31 12 15 52 29 
33 36 41 54 47 62 13 10 
18 3 46 63 40 55 28 51 
37 42 39 48 61 50 9 24 
4 19 64 45 56 25 60 27 
43 38 21 6 49 58 23 8 
20 5 44 57 22 7 26 59 
--
