--
79 28 5 32 67 72 3 34 55 38 
6 31 78 71 4 33 68 37 2 35 
27 80 29 66 73 70 1 54 39 56 
30 7 74 77 52 65 62 69 36 15 
47 26 51 44 63 76 53 16 57 40 
8 23 46 75 50 43 64 61 14 17 
25 48 21 10 45 60 19 12 41 58 
22 9 24 49 20 11 42 59 18 13 
--
35 74 31 16 33 72 47 4 63 2 
30 15 34 73 48 17 64 1 46 5 
75 36 79 32 69 50 71 44 3 62 
14 29 76 49 78 65 18 61 6 45 
37 80 39 68 51 70 43 66 19 58 
28 13 52 77 40 67 60 57 22 7 
53 38 11 26 55 42 9 24 59 20 
12 27 54 41 10 25 56 21 8 23 
--
16 65 2 63 34 73 4 61 32 29 
1 36 15 74 3 62 33 30 5 60 
66 17 64 35 72 41 78 47 28 31 
37 14 75 40 79 48 55 42 59 6 
18 67 38 71 56 77 80 49 46 27 
13 70 21 76 39 54 43 58 7 50 
22 19 68 11 24 57 52 9 26 45 
69 12 23 20 53 10 25 44 51 8 
--
43 6 49 22 41 4 59 20 39 2 
50 23 42 5 80 21 40 3 58 19 
7 44 77 48 65 60 79 56 1 38 
24 51 66 71 78 73 64 61 18 57 
45 8 47 76 63 70 55 74 37 14 
28 25 52 67 72 75 62 15 34 17 
9 46 27 30 11 54 69 32 13 36 
26 29 10 53 68 31 12 35 16 33 
--
