--
58 19 22 5 52 9 24 7 
21 4 57 46 23 6 51 10 
18 59 20 53 50 47 8 25 
3 56 39 60 45 54 11 48 
34 17 62 55 38 49 26 43 
63 2 35 40 61 44 29 12 
16 33 64 37 14 31 42 27 
1 36 15 32 41 28 13 30 
--
52 19 22 5 56 9 24 7 
21 4 53 40 23 6 55 10 
18 51 20 57 54 49 8 25 
3 58 39 50 41 62 11 48 
34 17 60 63 38 47 26 45 
59 2 35 42 61 44 29 12 
16 33 64 37 14 31 46 27 
1 36 15 32 43 28 13 30 
--
26 29 12 59 34 31 10 7 
13 62 27 30 11 8 35 32 
28 25 60 55 58 33 6 9 
61 14 63 48 53 56 43 36 
24 47 54 57 44 49 20 5 
15 64 45 52 21 42 37 40 
46 23 2 17 50 39 4 19 
1 16 51 22 3 18 41 38 
--
