--
21 8 51 44 23 6 27 54 
50 45 22 7 60 53 24 5 
9 20 57 52 43 26 55 28 
46 49 36 61 56 59 4 25 
19 10 47 58 35 42 29 64 
48 37 34 41 62 1 14 3 
11 18 39 32 13 16 63 30 
38 33 12 17 40 31 2 15 
--
21 8 61 46 23 6 27 58 
50 45 22 7 62 59 24 5 
9 20 51 60 47 26 57 28 
38 49 44 41 52 63 4 25 
19 10 39 48 43 56 29 64 
34 37 42 53 40 1 14 3 
11 18 35 32 13 16 55 30 
36 33 12 17 54 31 2 15 
--
53 8 51 36 43 6 57 34 
50 27 54 7 58 35 44 5 
9 52 37 42 47 56 33 60 
26 49 28 55 38 59 4 45 
19 10 39 48 41 46 61 32 
22 25 20 29 62 1 14 3 
11 18 23 40 13 16 31 64 
24 21 12 17 30 63 2 15 
--
21 8 55 38 23 6 27 50 
54 39 22 7 56 51 24 5 
9 20 53 62 37 26 49 28 
40 61 36 57 52 63 4 25 
19 10 59 64 35 46 29 48 
60 41 34 45 58 1 14 3 
11 18 43 32 13 16 47 30 
42 33 12 17 44 31 2 15 
--
