--
22 7 46 39 24 9 28 49 
45 40 23 8 51 48 25 10 
6 21 56 47 38 27 50 29 
41 44 37 52 55 62 11 26 
20 5 42 57 36 53 30 61 
43 2 35 54 63 60 15 12 
4 19 58 33 14 17 64 31 
1 34 3 18 59 32 13 16 
--
42 17 20 9 40 35 22 7 
19 10 41 34 21 8 39 36 
16 43 18 53 46 37 6 23 
11 60 31 44 33 52 47 38 
30 15 54 61 58 45 24 5 
55 12 59 32 27 62 51 48 
14 29 2 57 64 49 4 25 
1 56 13 28 3 26 63 50 
--
54 19 22 5 50 9 24 7 
21 4 53 40 23 6 51 10 
18 55 20 63 52 49 8 25 
3 64 39 56 41 58 11 48 
34 17 62 59 38 47 26 45 
61 2 35 42 57 44 29 12 
16 33 60 37 14 31 46 27 
1 36 15 32 43 28 13 30 
--
32 35 12 37 40 49 10 7 
13 38 33 48 11 8 41 50 
34 31 36 39 64 51 6 9 
29 14 57 60 47 42 63 52 
24 59 30 43 56 61 20 5 
15 28 25 58 21 46 53 62 
26 23 2 17 44 55 4 19 
1 16 27 22 3 18 45 54 
--
16 29 12 27 36 59 10 63 
13 26 15 60 11 64 37 52 
30 17 28 35 58 51 62 9 
25 14 55 32 61 38 53 50 
18 31 34 43 54 57 8 39 
3 24 21 56 33 42 49 46 
22 19 2 5 44 47 40 7 
1 4 23 20 41 6 45 48 
--
38 7 36 31 40 9 50 47 
35 28 39 8 51 48 41 10 
6 37 30 55 32 53 46 49 
29 34 27 52 61 56 11 42 
20 5 60 33 54 43 64 45 
23 2 21 26 57 62 15 12 
4 19 24 59 14 17 44 63 
1 22 3 18 25 58 13 16 
--
16 31 12 39 26 29 10 47 
13 40 15 30 11 48 25 28 
32 17 38 53 58 27 46 9 
37 14 41 56 49 52 63 24 
18 33 50 59 54 57 8 45 
3 36 55 42 51 62 23 64 
34 19 2 5 60 21 44 7 
1 4 35 20 43 6 61 22 
--
16 31 12 39 26 29 10 53 
13 40 15 30 11 52 25 28 
32 17 38 49 64 27 54 9 
37 14 41 46 51 56 63 24 
18 33 50 57 48 61 8 55 
3 36 47 42 45 58 23 62 
34 19 2 5 60 21 44 7 
1 4 35 20 43 6 59 22 
--
32 37 12 39 42 53 10 7 
13 40 33 52 11 8 43 58 
36 31 38 41 54 59 6 9 
29 14 51 34 49 44 57 60 
24 35 30 45 62 55 20 5 
15 28 25 50 21 48 61 56 
26 23 2 17 46 63 4 19 
1 16 27 22 3 18 47 64 
--
44 25 42 5 46 23 62 7 
41 4 45 24 63 6 33 22 
26 43 40 47 34 61 8 59 
3 56 35 64 39 58 21 32 
36 27 48 57 54 31 60 9 
13 2 55 38 49 18 53 20 
28 37 12 15 30 51 10 17 
1 14 29 50 11 16 19 52 
--
32 37 12 39 42 51 10 7 
13 40 33 50 11 8 43 52 
36 31 38 41 64 53 6 9 
29 14 61 34 49 44 59 54 
24 35 30 45 60 63 20 5 
15 28 25 62 21 48 55 58 
26 23 2 17 46 57 4 19 
1 16 27 22 3 18 47 56 
--
16 31 12 59 26 29 10 47 
13 64 15 30 11 48 25 28 
32 17 60 51 58 27 46 9 
61 14 63 36 49 56 53 24 
18 33 50 57 52 45 8 55 
3 62 35 40 37 54 23 44 
34 19 2 5 42 21 38 7 
1 4 41 20 39 6 43 22 
--
48 19 22 5 54 9 24 7 
21 4 49 46 23 6 53 10 
18 47 20 63 50 55 8 25 
3 64 39 56 45 62 11 52 
34 17 58 61 38 51 26 43 
59 2 35 40 57 44 29 12 
16 33 60 37 14 31 42 27 
1 36 15 32 41 28 13 30 
--
16 31 12 41 26 29 10 63 
13 42 15 30 11 64 25 28 
32 17 40 43 54 27 62 9 
39 14 53 36 61 44 51 24 
18 33 38 55 52 59 8 45 
3 56 35 60 37 48 23 50 
34 19 2 5 58 21 46 7 
1 4 57 20 47 6 49 22 
--
52 17 20 9 50 45 22 7 
19 10 51 56 21 8 25 46 
16 53 18 49 44 55 6 23 
11 38 43 54 57 24 47 26 
42 15 58 37 48 33 60 5 
39 12 41 32 59 62 27 34 
14 31 2 63 36 29 4 61 
1 40 13 30 3 64 35 28 
--
32 37 12 39 42 63 10 7 
13 40 33 64 11 8 43 58 
36 31 38 41 62 59 6 9 
29 14 61 34 49 44 57 54 
24 35 30 45 60 55 20 5 
15 28 25 50 21 48 53 56 
26 23 2 17 46 51 4 19 
1 16 27 22 3 18 47 52 
--
44 33 12 31 42 51 10 7 
13 30 43 52 11 8 41 50 
34 45 32 39 54 49 6 9 
29 14 53 46 37 40 59 48 
24 35 38 55 64 47 20 5 
15 28 25 36 21 58 63 60 
26 23 2 17 56 61 4 19 
1 16 27 22 3 18 57 62 
--
16 31 12 49 26 29 10 47 
13 50 15 30 11 48 25 28 
32 17 58 61 56 27 46 9 
51 14 53 36 59 62 55 24 
18 33 60 57 54 45 8 63 
3 52 35 40 37 64 23 44 
34 19 2 5 42 21 38 7 
1 4 41 20 39 6 43 22 
--
16 31 12 59 26 29 10 47 
13 64 15 30 11 48 25 28 
32 17 60 51 58 27 46 9 
61 14 63 36 53 56 49 24 
18 33 52 57 50 45 8 55 
3 62 35 40 37 54 23 44 
34 19 2 5 42 21 38 7 
1 4 41 20 39 6 43 22 
--
42 17 20 9 26 55 22 7 
19 10 43 54 21 8 25 56 
16 41 18 27 58 45 6 23 
11 28 51 44 53 24 57 46 
40 15 36 59 50 63 34 5 
29 12 39 52 35 60 47 64 
14 37 2 31 62 49 4 33 
1 30 13 38 3 32 61 48 
--
54 7 58 47 38 9 40 63 
51 48 53 8 57 64 37 10 
6 55 50 59 46 39 62 41 
49 52 33 56 61 44 11 36 
20 5 60 45 32 35 42 27 
23 2 21 34 43 28 15 12 
4 19 24 31 14 17 26 29 
1 22 3 18 25 30 13 16 
--
32 37 12 39 42 63 10 7 
13 40 33 64 11 8 43 58 
36 31 38 41 62 57 6 9 
29 14 61 34 49 44 59 56 
24 35 30 45 60 51 20 5 
15 28 25 50 21 48 55 52 
26 23 2 17 46 53 4 19 
1 16 27 22 3 18 47 54 
--
60 7 50 25 58 9 48 35 
51 22 59 8 49 36 27 10 
6 61 24 57 26 45 34 47 
23 52 21 64 37 56 11 28 
20 5 62 55 44 29 46 33 
53 2 43 30 63 38 15 12 
4 19 54 41 14 17 32 39 
1 42 3 18 31 40 13 16 
--
42 25 54 5 40 23 58 7 
49 4 41 24 55 6 39 22 
26 43 50 53 46 59 8 57 
3 48 45 62 51 56 21 38 
44 27 52 47 60 37 64 9 
13 2 61 36 63 18 31 20 
28 35 12 15 30 33 10 17 
1 14 29 34 11 16 19 32 
--
44 7 34 39 50 9 32 29 
35 40 45 8 33 30 51 10 
6 43 38 49 56 53 28 31 
41 36 55 46 59 48 11 52 
20 5 42 37 54 57 60 27 
23 2 21 58 47 62 15 12 
4 19 24 63 14 17 26 61 
1 22 3 18 25 64 13 16 
--
46 7 64 51 38 9 40 57 
61 50 45 8 55 58 37 10 
6 47 60 63 52 39 56 41 
49 62 33 44 59 54 11 36 
20 5 48 53 32 35 42 27 
23 2 21 34 43 28 15 12 
4 19 24 31 14 17 26 29 
1 22 3 18 25 30 13 16 
--
22 7 44 57 24 9 28 47 
43 38 23 8 63 46 25 10 
6 21 58 45 56 27 48 29 
39 42 37 64 49 62 11 26 
20 5 40 59 36 55 30 53 
41 2 35 50 61 52 15 12 
4 19 60 33 14 17 54 31 
1 34 3 18 51 32 13 16 
--
16 31 12 49 26 29 10 47 
13 50 15 30 11 48 25 28 
32 17 60 57 54 27 46 9 
51 14 53 36 59 64 55 24 
18 33 58 61 56 45 8 63 
3 52 35 40 37 62 23 44 
34 19 2 5 42 21 38 7 
1 4 41 20 39 6 43 22 
--
52 17 20 9 50 61 22 7 
19 10 51 62 21 8 25 64 
16 53 18 49 60 63 6 23 
11 44 57 54 41 24 59 26 
56 15 48 43 58 33 40 5 
45 12 55 34 37 42 27 30 
14 35 2 47 32 29 4 39 
1 46 13 36 3 38 31 28 
--
52 17 20 9 56 45 22 7 
19 10 53 44 21 8 25 46 
16 51 18 57 48 55 6 23 
11 58 49 54 43 24 47 26 
50 15 60 37 64 33 42 5 
59 12 63 32 41 38 27 34 
14 31 2 61 36 29 4 39 
1 62 13 30 3 40 35 28 
--
32 37 12 39 42 51 10 7 
13 40 33 50 11 8 43 52 
36 31 38 41 64 53 6 9 
29 14 61 34 49 44 63 54 
24 35 30 45 62 59 20 5 
15 28 25 60 21 48 55 58 
26 23 2 17 46 57 4 19 
1 16 27 22 3 18 47 56 
--
32 37 12 39 42 53 10 7 
13 40 33 52 11 8 43 58 
36 31 38 41 54 59 6 9 
29 14 51 34 49 44 57 60 
24 35 30 45 64 55 20 5 
15 28 25 50 21 48 61 56 
26 23 2 17 46 63 4 19 
1 16 27 22 3 18 47 62 
--
22 7 60 47 24 9 28 45 
61 56 23 8 59 46 25 10 
6 21 64 57 48 27 44 29 
55 62 37 50 43 58 11 26 
20 5 54 63 36 49 30 41 
53 2 35 38 51 42 15 12 
4 19 52 33 14 17 40 31 
1 34 3 18 39 32 13 16 
--
22 7 64 47 24 9 28 45 
61 48 23 8 59 46 25 10 
6 21 60 63 56 27 44 29 
49 62 37 54 43 58 11 26 
20 5 50 57 36 55 30 41 
51 2 35 38 53 42 15 12 
4 19 52 33 14 17 40 31 
1 34 3 18 39 32 13 16 
--
16 53 12 35 38 61 10 33 
13 36 15 62 11 34 39 64 
52 17 54 37 60 63 32 9 
25 14 57 50 55 40 59 48 
18 51 26 41 58 49 8 31 
3 24 21 56 27 30 47 44 
22 19 2 5 42 45 28 7 
1 4 23 20 29 6 43 46 
--
16 31 12 49 26 29 10 47 
13 54 15 30 11 48 25 28 
32 17 58 55 50 27 46 9 
59 14 53 36 57 64 51 24 
18 33 56 61 52 45 8 63 
3 60 35 40 37 62 23 44 
34 19 2 5 42 21 38 7 
1 4 41 20 39 6 43 22 
--
48 7 56 31 54 9 60 29 
35 32 49 8 57 30 53 10 
6 47 34 55 50 59 28 61 
33 36 43 58 45 62 11 52 
20 5 46 37 42 51 64 27 
23 2 21 44 63 38 15 12 
4 19 24 41 14 17 26 39 
1 22 3 18 25 40 13 16 
--
54 17 20 9 52 47 22 7 
19 10 53 46 21 8 37 50 
16 55 18 59 48 51 6 23 
11 60 31 56 45 36 49 38 
30 15 62 43 58 39 24 5 
61 12 57 32 27 44 35 40 
14 29 2 63 42 33 4 25 
1 64 13 28 3 26 41 34 
--
52 17 20 9 26 45 22 7 
19 10 53 46 21 8 25 44 
16 51 18 27 60 43 6 23 
11 28 49 54 47 24 57 42 
50 15 36 61 56 59 34 5 
29 12 55 48 35 64 41 58 
14 37 2 31 62 39 4 33 
1 30 13 38 3 32 63 40 
--
58 7 64 31 56 9 50 29 
35 32 57 8 61 30 55 10 
6 59 34 63 54 51 28 49 
33 36 43 60 45 62 11 52 
20 5 46 37 42 53 48 27 
23 2 21 44 47 38 15 12 
4 19 24 41 14 17 26 39 
1 22 3 18 25 40 13 16 
--
62 7 60 47 38 9 40 53 
57 48 63 8 55 52 37 10 
6 61 56 59 46 39 54 41 
49 58 27 64 51 44 11 36 
20 5 50 45 28 35 42 33 
23 2 21 26 43 32 15 12 
4 19 24 29 14 17 34 31 
1 22 3 18 25 30 13 16 
--
52 17 20 9 56 47 22 7 
19 10 53 48 21 8 25 46 
16 51 18 57 44 55 6 23 
11 58 49 54 41 24 45 26 
50 15 60 43 62 33 40 5 
59 12 63 34 37 42 27 30 
14 35 2 61 32 29 4 39 
1 64 13 36 3 38 31 28 
--
16 31 12 51 26 29 10 53 
13 48 15 30 11 52 25 28 
32 17 64 47 50 27 54 9 
39 14 49 36 63 60 45 24 
18 33 38 61 46 55 8 59 
3 40 35 56 37 62 23 44 
34 19 2 5 42 21 58 7 
1 4 41 20 57 6 43 22 
--
32 39 12 37 34 45 10 7 
13 36 33 46 11 8 55 44 
40 31 38 35 62 43 6 9 
29 14 49 42 47 56 61 54 
24 41 30 57 50 63 20 5 
15 28 25 48 21 60 53 64 
26 23 2 17 58 51 4 19 
1 16 27 22 3 18 59 52 
--
16 31 12 61 26 29 10 49 
13 62 15 30 11 50 25 28 
32 17 60 51 64 27 48 9 
57 14 63 36 55 38 53 24 
18 33 56 59 52 47 8 39 
3 58 35 42 37 54 23 46 
34 19 2 5 44 21 40 7 
1 4 43 20 41 6 45 22 
--
16 31 12 47 26 29 10 45 
13 38 15 30 11 46 25 28 
32 17 48 55 64 27 44 9 
37 14 39 52 49 56 61 24 
18 33 50 57 54 63 8 43 
3 36 53 40 51 60 23 62 
34 19 2 5 58 21 42 7 
1 4 35 20 41 6 59 22 
--
50 7 48 31 56 9 64 29 
35 32 51 8 61 30 55 10 
6 49 34 47 52 57 28 63 
33 36 43 60 45 62 11 54 
20 5 46 37 42 53 58 27 
23 2 21 44 59 38 15 12 
4 19 24 41 14 17 26 39 
1 22 3 18 25 40 13 16 
--
54 17 20 9 26 47 22 7 
19 10 55 48 21 8 25 46 
16 53 18 27 60 45 6 23 
11 28 49 56 39 24 59 44 
52 15 38 61 50 57 34 5 
29 12 51 40 35 64 43 58 
14 37 2 31 62 41 4 33 
1 30 13 36 3 32 63 42 
--
54 7 46 41 52 9 34 39 
45 42 53 8 47 40 51 10 
6 55 44 59 64 33 38 35 
43 58 21 48 37 60 11 50 
20 5 56 63 32 49 36 25 
57 2 31 22 61 26 15 12 
4 19 62 29 14 17 24 27 
1 30 3 18 23 28 13 16 
--
48 19 22 5 58 9 24 7 
21 4 49 46 23 6 57 10 
18 47 20 63 54 59 8 25 
3 50 39 60 45 64 11 56 
34 17 62 53 38 55 26 43 
51 2 35 40 61 44 29 12 
16 33 52 37 14 31 42 27 
1 36 15 32 41 28 13 30 
--
16 31 12 51 26 29 10 59 
13 52 15 30 11 60 25 28 
32 17 62 55 50 27 58 9 
53 14 43 36 61 56 45 24 
18 33 54 63 44 49 8 57 
3 42 35 40 37 64 23 46 
34 19 2 5 48 21 38 7 
1 4 41 20 39 6 47 22 
--
16 31 12 61 26 29 10 59 
13 64 15 30 11 60 25 28 
32 17 54 47 62 27 58 9 
39 14 63 36 55 48 45 24 
18 33 38 53 46 57 8 49 
3 40 35 56 37 52 23 44 
34 19 2 5 42 21 50 7 
1 4 41 20 51 6 43 22 
--
44 19 22 5 50 9 24 7 
21 4 45 42 23 6 53 10 
18 43 20 49 54 51 8 25 
3 46 39 56 41 58 11 52 
34 17 48 59 38 55 26 63 
47 2 35 40 57 64 29 12 
16 33 60 37 14 31 62 27 
1 36 15 32 61 28 13 30 
--
52 17 20 9 54 41 22 7 
19 10 53 50 21 8 25 42 
16 51 18 61 40 55 6 23 
11 62 33 56 49 24 43 26 
32 15 64 39 60 35 48 5 
63 12 57 34 47 44 27 36 
14 31 2 59 38 29 4 45 
1 58 13 30 3 46 37 28 
--
16 31 12 47 26 29 10 45 
13 38 15 30 11 46 25 28 
32 17 48 53 60 27 44 9 
37 14 39 56 49 52 59 24 
18 33 50 61 54 57 8 43 
3 36 55 40 51 64 23 58 
34 19 2 5 62 21 42 7 
1 4 35 20 41 6 63 22 
--
54 33 12 31 64 51 10 7 
13 30 55 52 11 8 63 50 
34 53 32 39 62 59 6 9 
29 14 61 56 37 40 49 58 
24 35 38 41 60 57 20 5 
15 28 25 36 21 42 45 48 
26 23 2 17 44 47 4 19 
1 16 27 22 3 18 43 46 
--
16 31 12 57 26 29 10 63 
13 50 15 30 11 64 25 28 
32 17 56 47 58 27 62 9 
49 14 51 36 61 38 45 24 
18 33 48 55 46 59 8 39 
3 52 35 60 37 42 23 44 
34 19 2 5 54 21 40 7 
1 4 53 20 41 6 43 22 
--
16 31 12 41 26 29 10 63 
13 42 15 30 11 62 25 28 
32 17 40 43 58 27 64 9 
39 14 53 36 61 44 51 24 
18 33 38 57 52 59 8 45 
3 54 35 60 37 48 23 50 
34 19 2 5 56 21 46 7 
1 4 55 20 47 6 49 22 
--
26 29 12 63 34 31 10 7 
13 64 27 30 11 8 35 32 
28 25 62 45 56 33 6 9 
61 14 57 54 59 46 43 36 
24 53 60 47 44 55 20 5 
15 48 51 58 21 42 37 40 
52 23 2 17 50 39 4 19 
1 16 49 22 3 18 41 38 
--
16 31 12 51 26 29 10 63 
13 50 15 30 11 64 25 28 
32 17 52 47 58 27 62 9 
49 14 59 36 61 38 45 24 
18 33 48 53 46 57 8 39 
3 54 35 60 37 42 23 44 
34 19 2 5 56 21 40 7 
1 4 55 20 41 6 43 22 
--
56 7 34 45 54 9 32 29 
35 46 55 8 33 30 39 10 
6 57 48 63 44 53 28 31 
47 36 43 58 49 38 11 40 
20 5 62 37 64 41 52 27 
23 2 21 42 59 50 15 12 
4 19 24 61 14 17 26 51 
1 22 3 18 25 60 13 16 
--
46 33 12 31 44 57 10 7 
13 30 45 56 11 8 41 58 
34 47 32 43 54 59 6 9 
29 14 55 60 49 42 63 40 
24 35 48 53 64 61 20 5 
15 28 25 36 21 50 39 62 
26 23 2 17 52 37 4 19 
1 16 27 22 3 18 51 38 
--
38 7 36 31 40 9 52 47 
35 28 39 8 53 48 41 10 
6 37 30 49 32 51 46 57 
29 34 27 54 63 56 11 42 
20 5 64 33 50 43 58 45 
23 2 21 26 55 62 15 12 
4 19 24 61 14 17 44 59 
1 22 3 18 25 60 13 16 
--
42 25 60 5 40 23 54 7 
49 4 41 24 61 6 39 22 
26 43 48 59 46 53 8 55 
3 50 45 62 57 64 21 38 
44 27 58 47 52 37 56 9 
13 2 51 36 63 18 31 20 
28 35 12 15 30 33 10 17 
1 14 29 34 11 16 19 32 
--
16 63 12 43 36 57 10 41 
13 44 15 64 11 42 35 56 
46 17 62 37 58 55 40 9 
25 14 45 48 61 38 53 34 
18 47 26 59 54 49 8 39 
3 24 21 30 27 60 33 52 
22 19 2 5 50 31 28 7 
1 4 23 20 29 6 51 32 
--
32 37 12 39 42 63 10 7 
13 40 33 62 11 8 43 64 
36 31 38 41 58 55 6 9 
29 14 59 34 61 44 53 56 
24 35 30 45 54 57 20 5 
15 28 25 60 21 46 49 52 
26 23 2 17 48 51 4 19 
1 16 27 22 3 18 47 50 
--
52 7 50 31 60 9 48 29 
35 32 53 8 49 30 59 10 
6 51 34 61 54 57 28 47 
33 36 43 56 45 64 11 58 
20 5 62 37 42 55 46 27 
23 2 21 44 63 38 15 12 
4 19 24 41 14 17 26 39 
1 22 3 18 25 40 13 16 
--
54 19 22 5 44 9 24 7 
21 4 55 40 23 6 43 10 
18 53 20 45 60 41 8 25 
3 46 39 56 51 64 11 42 
34 17 52 61 38 59 26 63 
47 2 35 50 57 62 29 12 
16 33 48 37 14 31 58 27 
1 36 15 32 49 28 13 30 
--
32 37 12 39 42 59 10 7 
13 40 33 64 11 8 43 58 
36 31 38 41 60 63 6 9 
29 14 61 34 49 44 57 54 
24 35 30 45 62 55 20 5 
15 28 25 50 21 48 53 56 
26 23 2 17 46 51 4 19 
1 16 27 22 3 18 47 52 
--
64 17 20 9 50 55 22 7 
19 10 61 56 21 8 25 52 
16 63 18 49 54 51 6 23 
11 60 57 62 43 24 53 26 
58 15 44 37 48 33 42 5 
45 12 59 32 41 38 27 34 
14 31 2 47 36 29 4 39 
1 46 13 30 3 40 35 28 
--
26 37 12 35 28 53 10 7 
13 34 27 62 11 8 29 54 
38 25 36 31 52 55 6 9 
33 14 61 48 63 30 51 56 
24 39 32 43 60 49 20 5 
15 42 47 64 21 44 57 50 
40 23 2 17 46 59 4 19 
1 16 41 22 3 18 45 58 
--
52 7 64 47 38 9 40 57 
61 48 53 8 55 58 37 10 
6 51 60 63 46 39 56 41 
49 62 33 54 59 44 11 36 
20 5 50 45 32 35 42 27 
23 2 21 34 43 28 15 12 
4 19 24 31 14 17 26 29 
1 22 3 18 25 30 13 16 
--
32 37 12 39 42 53 10 7 
13 40 33 52 11 8 43 58 
36 31 38 41 54 59 6 9 
29 14 51 34 49 44 57 60 
24 35 30 45 62 55 20 5 
15 28 25 50 21 48 61 56 
26 23 2 17 46 63 4 19 
1 16 27 22 3 18 47 64 
--
16 31 12 39 26 29 10 53 
13 40 15 30 11 52 25 28 
32 17 38 49 64 27 54 9 
37 14 41 46 51 56 61 24 
18 33 50 57 48 63 8 55 
3 36 47 42 45 60 23 62 
34 19 2 5 58 21 44 7 
1 4 35 20 43 6 59 22 
--
32 35 12 43 46 37 10 7 
13 44 33 36 11 8 47 38 
34 31 42 45 56 39 6 9 
29 14 55 40 53 48 63 58 
24 41 30 49 64 57 20 5 
15 28 25 54 21 52 59 62 
26 23 2 17 50 61 4 19 
1 16 27 22 3 18 51 60 
--
32 41 12 39 34 55 10 7 
13 38 33 54 11 8 35 56 
42 31 40 37 58 45 6 9 
29 14 51 44 53 36 57 46 
24 43 30 59 50 63 20 5 
15 28 25 52 21 60 47 64 
26 23 2 17 62 49 4 19 
1 16 27 22 3 18 61 48 
--
52 17 20 9 56 45 22 7 
19 10 53 44 21 8 25 46 
16 51 18 57 48 55 6 23 
11 60 49 54 43 24 47 26 
50 15 62 37 58 33 42 5 
61 12 59 32 41 38 27 34 
14 31 2 63 36 29 4 39 
1 64 13 30 3 40 35 28 
--
16 31 12 39 26 29 10 47 
13 40 15 30 11 48 25 28 
32 17 38 55 62 27 46 9 
37 14 41 52 49 56 61 24 
18 33 50 57 54 63 8 45 
3 36 53 42 51 60 23 64 
34 19 2 5 58 21 44 7 
1 4 35 20 43 6 59 22 
--
32 35 12 37 40 49 10 7 
13 38 33 48 11 8 41 50 
34 31 36 39 56 51 6 9 
29 14 55 52 47 42 63 58 
24 53 30 43 64 57 20 5 
15 28 25 54 21 46 59 62 
26 23 2 17 44 61 4 19 
1 16 27 22 3 18 45 60 
--
16 27 12 25 48 35 10 53 
13 24 15 36 11 52 47 34 
28 17 26 49 60 33 54 9 
23 14 37 32 55 64 51 46 
18 29 22 61 50 59 8 63 
3 38 31 56 21 62 45 42 
30 19 2 5 40 43 58 7 
1 4 39 20 57 6 41 44 
--
32 35 12 37 40 49 10 7 
13 38 33 48 11 8 41 50 
34 31 36 39 56 51 6 9 
29 14 55 52 47 42 63 58 
24 53 30 43 64 57 20 5 
15 28 25 54 21 46 59 62 
26 23 2 17 44 61 4 19 
1 16 27 22 3 18 45 60 
--
42 19 22 5 44 9 24 7 
21 4 43 40 23 6 47 10 
18 41 20 55 48 45 8 25 
3 56 39 50 59 54 11 46 
34 17 58 63 38 49 26 53 
57 2 35 60 51 64 29 12 
16 33 62 37 14 31 52 27 
1 36 15 32 61 28 13 30 
--
42 17 20 9 26 55 22 7 
19 10 43 54 21 8 25 56 
16 41 18 27 60 45 6 23 
11 28 51 44 53 24 57 46 
40 15 36 61 50 59 34 5 
29 12 39 52 35 64 47 58 
14 37 2 31 62 49 4 33 
1 30 13 38 3 32 63 48 
--
32 35 12 47 62 41 10 7 
13 46 33 42 11 8 61 40 
34 31 36 63 48 39 6 9 
29 14 45 38 43 64 55 60 
24 37 30 49 56 53 20 5 
15 28 25 44 21 50 59 54 
26 23 2 17 52 57 4 19 
1 16 27 22 3 18 51 58 
--
42 19 22 5 56 9 24 7 
21 4 43 40 23 6 55 10 
18 41 20 61 52 57 8 25 
3 44 39 58 49 62 11 54 
34 17 60 51 38 53 26 63 
45 2 35 48 59 50 29 12 
16 33 46 37 14 31 64 27 
1 36 15 32 47 28 13 30 
--
16 31 12 51 26 29 10 59 
13 52 15 30 11 60 25 28 
32 17 64 55 50 27 58 9 
53 14 43 36 61 56 45 24 
18 33 54 63 44 49 8 57 
3 42 35 40 37 62 23 46 
34 19 2 5 48 21 38 7 
1 4 41 20 39 6 47 22 
--
16 63 12 35 38 47 10 33 
13 36 15 64 11 34 39 46 
58 17 62 37 48 55 32 9 
25 14 59 56 61 40 45 50 
18 57 26 41 54 49 8 31 
3 24 21 60 27 30 51 44 
22 19 2 5 42 53 28 7 
1 4 23 20 29 6 43 52 
--
22 7 64 55 24 9 28 53 
61 38 23 8 59 54 25 10 
6 21 60 63 56 27 52 29 
39 62 37 50 45 58 11 26 
20 5 40 57 36 51 30 47 
41 2 35 44 49 46 15 12 
4 19 42 33 14 17 48 31 
1 34 3 18 43 32 13 16 
--
32 35 12 37 40 49 10 7 
13 38 33 48 11 8 41 50 
34 31 36 39 56 51 6 9 
29 14 55 52 47 42 63 58 
24 53 30 43 64 57 20 5 
15 28 25 54 21 46 59 62 
26 23 2 17 44 61 4 19 
1 16 27 22 3 18 45 60 
--
64 19 22 5 46 9 24 7 
21 4 63 42 23 6 45 10 
18 61 20 47 54 43 8 25 
3 56 39 62 41 48 11 44 
34 17 60 55 38 53 26 49 
57 2 35 40 59 50 29 12 
16 33 58 37 14 31 52 27 
1 36 15 32 51 28 13 30 
--
50 17 20 9 26 47 22 7 
19 10 51 48 21 8 25 46 
16 49 18 27 60 45 6 23 
11 28 55 52 39 24 57 44 
54 15 38 61 56 59 34 5 
29 12 53 40 35 64 43 58 
14 37 2 31 62 41 4 33 
1 30 13 36 3 32 63 42 
--
32 37 12 39 42 51 10 7 
13 40 33 50 11 8 43 52 
36 31 38 41 64 53 6 9 
29 14 61 34 49 44 59 54 
24 35 30 45 60 63 20 5 
15 28 25 62 21 48 55 58 
26 23 2 17 46 57 4 19 
1 16 27 22 3 18 47 56 
--
62 17 20 9 58 45 22 7 
19 10 63 60 21 8 25 46 
16 61 18 57 44 59 6 23 
11 56 49 64 41 24 47 26 
50 15 54 43 48 33 40 5 
55 12 51 34 37 42 27 30 
14 35 2 53 32 29 4 39 
1 52 13 36 3 38 31 28 
--
16 31 12 39 26 29 10 53 
13 40 15 30 11 52 25 28 
32 17 38 47 50 27 54 9 
37 14 41 44 55 48 51 24 
18 33 46 49 42 63 8 59 
3 36 43 56 45 60 23 64 
34 19 2 5 62 21 58 7 
1 4 35 20 57 6 61 22 
--
22 7 52 47 24 9 28 45 
53 56 23 8 51 46 25 10 
6 21 54 57 48 27 44 29 
55 58 37 50 43 64 11 26 
20 5 60 63 36 49 30 41 
59 2 35 38 61 42 15 12 
4 19 62 33 14 17 40 31 
1 34 3 18 39 32 13 16 
--
32 35 12 43 40 53 10 7 
13 42 33 52 11 8 45 54 
34 31 36 41 44 39 6 9 
29 14 63 38 51 46 55 58 
24 37 30 47 62 57 20 5 
15 28 25 64 21 50 59 56 
26 23 2 17 48 61 4 19 
1 16 27 22 3 18 49 60 
--
16 37 12 57 32 35 10 63 
13 58 15 36 11 64 31 34 
38 17 50 59 56 33 62 9 
49 14 53 42 47 60 55 30 
18 39 48 51 54 43 8 61 
3 52 41 46 21 24 29 26 
40 19 2 5 44 27 22 7 
1 4 45 20 23 6 25 28 
--
32 35 12 37 40 49 10 7 
13 38 33 48 11 8 41 50 
34 31 36 39 56 51 6 9 
29 14 55 52 47 42 57 62 
24 53 30 43 58 61 20 5 
15 28 25 54 21 46 63 60 
26 23 2 17 44 59 4 19 
1 16 27 22 3 18 45 64 
--
16 35 12 29 44 53 10 27 
13 30 15 52 11 28 45 64 
36 17 34 43 54 61 26 9 
31 14 51 60 33 42 63 46 
18 37 32 41 62 55 8 25 
3 40 59 50 21 24 47 56 
38 19 2 5 58 49 22 7 
1 4 39 20 23 6 57 48 
--
48 19 22 5 54 9 24 7 
21 4 49 46 23 6 59 10 
18 47 20 53 60 55 8 25 
3 50 39 56 45 64 11 58 
34 17 52 61 38 57 26 43 
51 2 35 40 63 44 29 12 
16 33 62 37 14 31 42 27 
1 36 15 32 41 28 13 30 
--
26 29 12 59 42 31 10 7 
13 60 27 30 11 8 41 32 
28 25 62 55 58 43 6 9 
61 14 57 44 63 54 33 40 
24 47 64 53 56 49 20 5 
15 52 45 48 21 34 39 36 
46 23 2 17 50 37 4 19 
1 16 51 22 3 18 35 38 
--
32 35 12 63 60 53 10 7 
13 62 33 54 11 8 59 52 
34 31 36 61 64 57 6 9 
29 14 55 38 41 46 51 58 
24 37 30 45 56 39 20 5 
15 28 25 40 21 42 47 50 
26 23 2 17 44 49 4 19 
1 16 27 22 3 18 43 48 
--
54 17 20 9 26 45 22 7 
19 10 55 46 21 8 25 44 
16 53 18 27 60 43 6 23 
11 28 49 56 47 24 59 42 
52 15 36 61 50 57 34 5 
29 12 51 48 35 64 41 58 
14 37 2 31 62 39 4 33 
1 30 13 38 3 32 63 40 
--
60 17 20 9 52 41 22 7 
19 10 59 50 21 8 25 42 
16 61 18 53 40 51 6 23 
11 64 33 58 49 24 43 26 
32 15 62 39 54 35 48 5 
63 12 57 34 47 44 27 36 
14 31 2 55 38 29 4 45 
1 56 13 30 3 46 37 28 
--
16 31 12 33 40 37 10 43 
13 34 15 36 11 42 51 38 
30 17 32 41 60 39 44 9 
25 14 35 28 45 50 57 52 
18 29 26 61 56 59 8 49 
3 24 21 46 27 64 53 58 
22 19 2 5 62 55 48 7 
1 4 23 20 47 6 63 54 
--
16 31 12 63 26 29 10 47 
13 58 15 30 11 48 25 28 
32 17 64 51 62 27 46 9 
57 14 59 36 55 52 49 24 
18 33 56 61 50 45 8 53 
3 60 35 40 37 54 23 44 
34 19 2 5 42 21 38 7 
1 4 41 20 39 6 43 22 
--
56 7 54 31 62 9 50 29 
35 32 57 8 51 30 61 10 
6 55 34 53 60 63 28 49 
33 36 43 58 45 52 11 64 
20 5 46 37 42 59 48 27 
23 2 21 44 47 38 15 12 
4 19 24 41 14 17 26 39 
1 22 3 18 25 40 13 16 
--
26 35 12 47 28 33 10 7 
13 48 27 34 11 8 29 32 
36 25 46 49 64 31 6 9 
43 14 61 38 45 50 59 30 
24 37 44 51 60 63 20 5 
15 42 39 62 21 52 55 58 
40 23 2 17 54 57 4 19 
1 16 41 22 3 18 53 56 
--
16 31 12 59 26 29 10 47 
13 64 15 30 11 48 25 28 
32 17 60 51 58 27 46 9 
61 14 63 36 49 56 53 24 
18 33 50 57 52 45 8 55 
3 62 35 40 37 54 23 44 
34 19 2 5 42 21 38 7 
1 4 41 20 39 6 43 22 
--
48 19 22 5 60 9 24 7 
21 4 49 46 23 6 59 10 
18 47 20 61 54 57 8 25 
3 50 39 56 45 64 11 58 
34 17 62 53 38 55 26 43 
51 2 35 40 63 44 29 12 
16 33 52 37 14 31 42 27 
1 36 15 32 41 28 13 30 
--
16 31 12 49 26 29 10 47 
13 54 15 30 11 48 25 28 
32 17 64 55 50 27 46 9 
61 14 53 36 59 56 51 24 
18 33 60 63 52 45 8 57 
3 62 35 40 37 58 23 44 
34 19 2 5 42 21 38 7 
1 4 41 20 39 6 43 22 
--
26 29 12 61 34 31 10 7 
13 64 27 30 11 8 35 32 
28 25 60 45 62 33 6 9 
59 14 63 54 57 46 43 36 
24 53 58 47 44 55 20 5 
15 48 51 56 21 42 37 40 
52 23 2 17 50 39 4 19 
1 16 49 22 3 18 41 38 
--
16 39 12 33 28 47 10 35 
13 32 15 48 11 34 27 56 
40 17 38 29 46 55 36 9 
31 14 49 60 37 26 57 54 
18 41 30 45 58 61 8 25 
3 44 59 50 21 24 53 64 
42 19 2 5 62 51 22 7 
1 4 43 20 23 6 63 52 
--
16 31 12 51 26 29 10 55 
13 50 15 30 11 56 25 28 
32 17 52 43 60 27 54 9 
37 14 49 40 53 44 57 24 
18 33 38 61 42 59 8 45 
3 36 41 48 39 64 23 58 
34 19 2 5 62 21 46 7 
1 4 35 20 47 6 63 22 
--
32 39 12 37 34 45 10 7 
13 36 33 46 11 8 55 44 
40 31 38 35 62 43 6 9 
29 14 49 42 47 56 61 54 
24 41 30 57 50 63 20 5 
15 28 25 48 21 60 53 64 
26 23 2 17 58 51 4 19 
1 16 27 22 3 18 59 52 
--
16 31 12 51 26 29 10 53 
13 50 15 30 11 52 25 28 
32 17 56 47 62 27 54 9 
49 14 63 36 55 38 45 24 
18 33 48 57 46 61 8 39 
3 58 35 64 37 42 23 44 
34 19 2 5 60 21 40 7 
1 4 59 20 41 6 43 22 
--
16 31 12 49 26 29 10 47 
13 50 15 30 11 48 25 28 
32 17 56 61 58 27 46 9 
53 14 51 36 55 62 59 24 
18 33 54 57 60 45 8 63 
3 52 35 40 37 64 23 44 
34 19 2 5 42 21 38 7 
1 4 41 20 39 6 43 22 
--
16 31 12 51 26 29 10 63 
13 50 15 30 11 64 25 28 
32 17 52 47 56 27 62 9 
49 14 55 36 61 38 45 24 
18 33 48 53 46 57 8 39 
3 54 35 60 37 42 23 44 
34 19 2 5 58 21 40 7 
1 4 59 20 41 6 43 22 
--
50 25 52 5 54 23 56 7 
47 4 49 24 57 6 43 22 
26 51 46 53 44 55 8 61 
3 48 39 58 63 60 21 42 
36 27 64 45 38 41 62 9 
13 2 37 40 59 18 31 20 
28 35 12 15 30 33 10 17 
1 14 29 34 11 16 19 32 
--
54 17 20 9 52 47 22 7 
19 10 53 46 21 8 37 50 
16 55 18 59 48 51 6 23 
11 60 31 56 45 36 49 38 
30 15 64 43 58 39 24 5 
61 12 57 32 27 44 35 40 
14 29 2 63 42 33 4 25 
1 62 13 28 3 26 41 34 
--
16 31 12 61 26 29 10 63 
13 48 15 30 11 62 25 28 
32 17 60 49 56 27 64 9 
39 14 47 36 59 50 45 24 
18 33 38 55 46 57 8 51 
3 40 35 58 37 54 23 44 
34 19 2 5 42 21 52 7 
1 4 41 20 53 6 43 22 
--
16 57 12 53 32 63 10 51 
13 54 15 64 11 52 31 34 
58 17 56 47 62 33 50 9 
55 14 59 38 45 48 35 30 
18 39 46 61 36 43 8 49 
3 60 37 44 21 24 29 26 
40 19 2 5 42 27 22 7 
1 4 41 20 23 6 25 28 
--
32 37 12 39 42 51 10 7 
13 40 33 50 11 8 43 52 
36 31 38 41 64 53 6 9 
29 14 63 34 49 44 59 54 
24 35 30 45 58 61 20 5 
15 28 25 62 21 48 55 60 
26 23 2 17 46 57 4 19 
1 16 27 22 3 18 47 56 
--
16 35 12 29 44 53 10 27 
13 30 15 52 11 28 45 58 
36 17 34 43 54 57 26 9 
31 14 51 56 33 42 59 46 
18 37 32 41 60 55 8 25 
3 40 61 50 21 24 47 64 
38 19 2 5 62 49 22 7 
1 4 39 20 23 6 63 48 
--
38 33 12 31 48 59 10 7 
13 30 37 62 11 8 47 60 
34 39 32 49 58 61 6 9 
29 14 63 36 41 50 55 46 
24 35 40 51 64 57 20 5 
15 28 25 42 21 54 45 56 
26 23 2 17 52 43 4 19 
1 16 27 22 3 18 53 44 
--
48 19 22 5 60 9 24 7 
21 4 49 46 23 6 59 10 
18 47 20 61 54 57 8 25 
3 50 39 56 45 64 11 58 
34 17 62 53 38 55 26 43 
51 2 35 40 63 44 29 12 
16 33 52 37 14 31 42 27 
1 36 15 32 41 28 13 30 
--
32 35 12 37 40 49 10 7 
13 38 33 48 11 8 41 50 
34 31 36 39 52 63 6 9 
29 14 53 56 47 42 51 64 
24 55 30 43 62 57 20 5 
15 28 25 54 21 46 61 58 
26 23 2 17 44 59 4 19 
1 16 27 22 3 18 45 60 
--
16 31 12 39 26 29 10 49 
13 40 15 30 11 50 25 28 
32 17 38 51 58 27 48 9 
37 14 41 54 47 60 57 24 
18 33 46 59 52 55 8 61 
3 36 53 42 45 62 23 56 
34 19 2 5 64 21 44 7 
1 4 35 20 43 6 63 22 
--
16 31 12 53 26 29 10 57 
13 48 15 30 11 56 25 28 
32 17 54 49 52 27 58 9 
39 14 47 36 55 50 45 24 
18 33 38 51 46 59 8 63 
3 40 35 60 37 64 23 44 
34 19 2 5 42 21 62 7 
1 4 41 20 61 6 43 22 
--
16 61 12 53 32 63 10 51 
13 54 15 62 11 52 31 34 
60 17 56 47 64 33 50 9 
55 14 59 38 45 48 35 30 
18 39 46 57 36 43 8 49 
3 58 37 44 21 24 29 26 
40 19 2 5 42 27 22 7 
1 4 41 20 23 6 25 28 
--
48 19 22 5 50 9 24 7 
21 4 49 46 23 6 53 10 
18 47 20 59 54 51 8 25 
3 64 39 56 45 58 11 52 
34 17 60 63 38 55 26 43 
61 2 35 40 57 44 29 12 
16 33 62 37 14 31 42 27 
1 36 15 32 41 28 13 30 
--
52 17 20 9 54 47 22 7 
19 10 53 48 21 8 25 46 
16 51 18 61 44 55 6 23 
11 62 49 56 41 24 45 26 
50 15 64 43 60 33 40 5 
63 12 57 34 37 42 27 30 
14 35 2 59 32 29 4 39 
1 58 13 36 3 38 31 28 
--
52 7 50 31 58 9 48 29 
35 32 53 8 49 30 57 10 
6 51 34 63 54 59 28 47 
33 36 43 60 45 62 11 56 
20 5 64 37 42 55 46 27 
23 2 21 44 61 38 15 12 
4 19 24 41 14 17 26 39 
1 22 3 18 25 40 13 16 
--
32 37 12 39 42 51 10 7 
13 40 33 50 11 8 43 52 
36 31 38 41 64 53 6 9 
29 14 61 34 49 44 63 54 
24 35 30 45 62 59 20 5 
15 28 25 60 21 48 55 58 
26 23 2 17 46 57 4 19 
1 16 27 22 3 18 47 56 
--
52 19 22 5 46 9 24 7 
21 4 53 42 23 6 45 10 
18 51 20 47 56 43 8 25 
3 48 39 54 41 62 11 44 
34 17 50 57 38 55 26 61 
49 2 35 40 63 60 29 12 
16 33 58 37 14 31 64 27 
1 36 15 32 59 28 13 30 
--
58 7 62 31 56 9 50 29 
35 32 57 8 61 30 55 10 
6 59 34 63 54 51 28 49 
33 36 43 60 45 64 11 52 
20 5 46 37 42 53 48 27 
23 2 21 44 47 38 15 12 
4 19 24 41 14 17 26 39 
1 22 3 18 25 40 13 16 
--
16 31 12 55 26 29 10 53 
13 38 15 30 11 54 25 28 
32 17 56 45 58 27 52 9 
37 14 39 42 51 46 63 24 
18 33 44 57 40 59 8 47 
3 36 41 50 43 62 23 64 
34 19 2 5 60 21 48 7 
1 4 35 20 49 6 61 22 
--
38 7 34 53 48 9 32 29 
35 54 37 8 33 30 47 10 
6 39 56 49 52 45 28 31 
55 36 43 40 57 50 11 46 
20 5 58 51 44 41 60 27 
23 2 21 42 59 62 15 12 
4 19 24 63 14 17 26 61 
1 22 3 18 25 64 13 16 
--
22 7 62 47 24 9 28 45 
61 48 23 8 59 46 25 10 
6 21 60 63 56 27 44 29 
49 64 37 54 43 58 11 26 
20 5 50 57 36 55 30 41 
51 2 35 38 53 42 15 12 
4 19 52 33 14 17 40 31 
1 34 3 18 39 32 13 16 
--
16 31 12 33 40 37 10 43 
13 34 15 36 11 42 51 38 
30 17 32 41 54 39 44 9 
23 14 35 28 45 50 59 52 
18 29 22 55 64 53 8 49 
3 24 27 46 21 58 63 60 
26 19 2 5 56 61 48 7 
1 4 25 20 47 6 57 62 
--
32 37 12 39 42 51 10 7 
13 40 33 50 11 8 43 52 
36 31 38 41 62 53 6 9 
29 14 59 34 49 44 61 54 
24 35 30 45 60 63 20 5 
15 28 25 58 21 48 55 64 
26 23 2 17 46 57 4 19 
1 16 27 22 3 18 47 56 
--
16 31 12 63 26 29 10 61 
13 50 15 30 11 62 25 28 
32 17 64 47 56 27 60 9 
49 14 51 36 59 38 45 24 
18 33 48 55 46 57 8 39 
3 52 35 58 37 42 23 44 
34 19 2 5 54 21 40 7 
1 4 53 20 41 6 43 22 
--
16 31 12 49 26 29 10 47 
13 50 15 30 11 48 25 28 
32 17 54 61 58 27 46 9 
51 14 57 36 53 62 59 24 
18 33 52 55 60 45 8 63 
3 56 35 40 37 64 23 44 
34 19 2 5 42 21 38 7 
1 4 41 20 39 6 43 22 
--
32 35 12 63 54 61 10 7 
13 64 33 60 11 8 51 56 
34 31 36 53 62 55 6 9 
29 14 59 38 45 52 57 50 
24 37 30 43 58 39 20 5 
15 28 25 46 21 44 49 40 
26 23 2 17 42 47 4 19 
1 16 27 22 3 18 41 48 
--
28 35 30 5 26 23 62 7 
31 4 27 48 63 6 25 22 
36 29 34 55 24 61 8 59 
3 32 49 64 47 58 21 42 
50 37 56 33 54 41 60 9 
13 2 53 46 57 18 43 20 
38 51 12 15 40 45 10 17 
1 14 39 52 11 16 19 44 
--
16 31 12 57 26 29 10 61 
13 50 15 30 11 60 25 28 
32 17 58 47 56 27 62 9 
49 14 51 36 59 38 45 24 
18 33 48 55 46 63 8 39 
3 52 35 64 37 42 23 44 
34 19 2 5 54 21 40 7 
1 4 53 20 41 6 43 22 
--
56 25 64 5 54 23 42 7 
47 4 55 24 61 6 53 22 
26 57 46 63 50 41 8 43 
3 48 37 60 45 62 21 52 
38 27 58 49 40 51 44 9 
13 2 39 36 59 18 31 20 
28 35 12 15 30 33 10 17 
1 14 29 34 11 16 19 32 
--
56 19 22 5 54 9 24 7 
21 4 55 58 23 6 51 10 
18 57 20 61 50 53 8 25 
3 44 39 64 59 62 11 52 
34 17 60 45 38 49 26 47 
43 2 35 40 63 46 29 12 
16 33 42 37 14 31 48 27 
1 36 15 32 41 28 13 30 
--
64 19 22 5 44 9 24 7 
21 4 63 40 23 6 43 10 
18 57 20 45 62 41 8 25 
3 60 39 56 51 46 11 42 
34 17 58 61 38 49 26 47 
59 2 35 50 55 52 29 12 
16 33 54 37 14 31 48 27 
1 36 15 32 53 28 13 30 
--
32 35 12 37 40 49 10 7 
13 38 33 48 11 8 41 50 
34 31 36 39 56 51 6 9 
29 14 55 52 47 42 57 62 
24 53 30 43 58 63 20 5 
15 28 25 54 21 46 61 64 
26 23 2 17 44 59 4 19 
1 16 27 22 3 18 45 60 
--
40 33 12 31 50 59 10 7 
13 30 41 64 11 8 49 58 
34 39 32 51 60 63 6 9 
29 14 61 42 37 52 57 48 
24 35 38 53 62 43 20 5 
15 28 25 36 21 56 47 44 
26 23 2 17 54 45 4 19 
1 16 27 22 3 18 55 46 
--
16 31 12 51 26 29 10 63 
13 40 15 30 11 64 25 28 
32 17 52 41 50 27 62 9 
39 14 43 36 61 54 49 24 
18 33 38 53 42 59 8 55 
3 44 35 60 37 56 23 48 
34 19 2 5 46 21 58 7 
1 4 45 20 57 6 47 22 
--
32 37 12 39 42 51 10 7 
13 40 33 50 11 8 43 52 
36 31 38 41 62 53 6 9 
29 14 59 34 49 44 63 54 
24 35 30 45 58 61 20 5 
15 28 25 60 21 48 55 64 
26 23 2 17 46 57 4 19 
1 16 27 22 3 18 47 56 
--
52 17 20 9 26 45 22 7 
19 10 53 46 21 8 25 44 
16 51 18 27 60 43 6 23 
11 28 49 54 47 24 57 42 
50 15 36 61 56 59 34 5 
29 12 55 48 35 64 41 58 
14 37 2 31 62 39 4 33 
1 30 13 38 3 32 63 40 
--
32 35 12 37 40 49 10 7 
13 38 33 48 11 8 41 50 
34 31 36 39 56 51 6 9 
29 14 55 52 47 42 57 60 
24 53 30 43 62 59 20 5 
15 28 25 54 21 46 61 58 
26 23 2 17 44 63 4 19 
1 16 27 22 3 18 45 64 
--
16 31 12 33 40 37 10 43 
13 34 15 36 11 42 51 38 
30 17 32 41 54 39 44 9 
25 14 35 28 45 50 59 52 
18 29 26 55 62 53 8 49 
3 24 21 46 27 58 63 60 
22 19 2 5 56 61 48 7 
1 4 23 20 47 6 57 64 
--
16 31 12 49 26 29 10 47 
13 54 15 30 11 48 25 28 
32 17 50 55 64 27 46 9 
53 14 57 36 51 60 63 24 
18 33 52 59 56 45 8 61 
3 58 35 40 37 62 23 44 
34 19 2 5 42 21 38 7 
1 4 41 20 39 6 43 22 
--
64 7 60 47 38 9 40 57 
53 48 63 8 59 56 37 10 
6 61 52 55 46 39 58 41 
49 54 27 62 51 44 11 36 
20 5 50 45 28 35 42 33 
23 2 21 26 43 32 15 12 
4 19 24 29 14 17 34 31 
1 22 3 18 25 30 13 16 
--
32 19 34 5 30 9 38 7 
35 4 31 20 37 6 29 10 
18 33 36 63 50 47 8 39 
3 52 21 48 57 64 11 28 
22 17 62 51 46 49 40 59 
53 2 45 56 61 58 27 12 
16 23 54 43 14 25 60 41 
1 44 15 24 55 42 13 26 
--
52 17 20 9 56 45 22 7 
19 10 53 50 21 8 37 46 
16 51 18 57 44 55 6 23 
11 58 31 54 49 38 47 36 
30 15 60 39 62 43 24 5 
59 12 63 32 27 48 35 42 
14 29 2 61 40 33 4 25 
1 64 13 28 3 26 41 34 
--
60 7 34 45 64 9 32 29 
35 46 61 8 33 30 39 10 
6 59 48 57 44 63 28 31 
47 36 43 62 49 38 11 40 
20 5 58 37 56 41 52 27 
23 2 21 42 53 50 15 12 
4 19 24 55 14 17 26 51 
1 22 3 18 25 54 13 16 
--
16 31 12 39 26 29 10 47 
13 40 15 30 11 48 25 28 
32 17 38 53 60 27 46 9 
37 14 41 56 49 52 59 24 
18 33 50 61 54 57 8 45 
3 36 55 42 51 64 23 58 
34 19 2 5 62 21 44 7 
1 4 35 20 43 6 63 22 
--
54 17 20 9 26 45 22 7 
19 10 55 46 21 8 25 44 
16 53 18 27 60 43 6 23 
11 28 49 56 47 24 59 42 
52 15 36 61 50 57 34 5 
29 12 51 48 35 64 41 58 
14 37 2 31 62 39 4 33 
1 30 13 38 3 32 63 40 
--
32 35 12 37 40 55 10 7 
13 38 33 64 11 8 41 56 
34 31 36 39 54 57 6 9 
29 14 53 60 63 42 51 58 
24 61 30 43 52 59 20 5 
15 28 25 62 21 44 47 50 
26 23 2 17 46 49 4 19 
1 16 27 22 3 18 45 48 
--
16 31 12 49 26 29 10 47 
13 50 15 30 11 48 25 28 
32 17 58 55 64 27 46 9 
51 14 53 36 57 60 63 24 
18 33 56 59 54 45 8 61 
3 52 35 40 37 62 23 44 
34 19 2 5 42 21 38 7 
1 4 41 20 39 6 43 22 
--
16 31 12 49 26 29 10 47 
13 50 15 30 11 48 25 28 
32 17 52 55 58 27 46 9 
51 14 59 36 53 64 57 24 
18 33 54 61 56 45 8 63 
3 60 35 40 37 62 23 44 
34 19 2 5 42 21 38 7 
1 4 41 20 39 6 43 22 
--
52 17 20 9 56 47 22 7 
19 10 53 48 21 8 25 46 
16 51 18 57 44 55 6 23 
11 58 49 54 41 24 45 26 
50 15 60 43 62 33 40 5 
59 12 63 34 37 42 27 30 
14 35 2 61 32 29 4 39 
1 64 13 36 3 38 31 28 
--
64 25 60 5 42 23 40 7 
55 4 63 24 61 6 43 22 
26 59 54 47 44 41 8 39 
3 56 45 62 37 52 21 32 
58 27 48 53 46 31 38 9 
13 2 57 36 51 18 33 20 
28 49 12 15 30 35 10 17 
1 14 29 50 11 16 19 34 
--
48 7 64 55 38 9 40 53 
61 56 47 8 51 54 37 10 
6 49 60 63 46 39 52 41 
57 62 33 50 59 44 11 36 
20 5 58 45 32 35 42 27 
23 2 21 34 43 28 15 12 
4 19 24 31 14 17 26 29 
1 22 3 18 25 30 13 16 
--
26 29 12 63 42 31 10 7 
13 64 27 30 11 8 41 32 
28 25 62 49 56 43 6 9 
61 14 55 44 59 50 33 40 
24 45 60 51 48 57 20 5 
15 54 47 58 21 34 39 36 
46 23 2 17 52 37 4 19 
1 16 53 22 3 18 35 38 
--
16 31 12 51 26 29 10 59 
13 50 15 30 11 60 25 28 
32 17 52 43 64 27 58 9 
37 14 49 40 57 44 61 24 
18 33 38 53 42 63 8 45 
3 36 41 48 39 56 23 62 
34 19 2 5 54 21 46 7 
1 4 35 20 47 6 55 22 
--
16 31 12 49 26 29 10 47 
13 50 15 30 11 48 25 28 
32 17 54 51 64 27 46 9 
53 14 61 36 55 58 63 24 
18 33 52 59 62 45 8 57 
3 60 35 40 37 56 23 44 
34 19 2 5 42 21 38 7 
1 4 41 20 39 6 43 22 
--
54 7 52 31 62 9 50 29 
35 32 55 8 51 30 59 10 
6 53 34 61 58 63 28 49 
33 36 43 56 45 60 11 64 
20 5 46 37 42 57 48 27 
23 2 21 44 47 38 15 12 
4 19 24 41 14 17 26 39 
1 22 3 18 25 40 13 16 
--
16 31 12 63 26 29 10 61 
13 50 15 30 11 62 25 28 
32 17 64 47 56 27 60 9 
49 14 51 36 59 38 45 24 
18 33 48 55 46 57 8 39 
3 52 35 58 37 42 23 44 
34 19 2 5 54 21 40 7 
1 4 53 20 41 6 43 22 
--
54 7 52 31 62 9 50 29 
35 32 55 8 51 30 59 10 
6 53 34 61 58 63 28 49 
33 36 43 56 45 60 11 64 
20 5 46 37 42 57 48 27 
23 2 21 44 47 38 15 12 
4 19 24 41 14 17 26 39 
1 22 3 18 25 40 13 16 
--
54 19 22 5 58 9 24 7 
21 4 53 64 23 6 51 10 
18 55 20 59 52 57 8 25 
3 44 39 56 63 60 11 50 
34 17 62 45 38 49 26 47 
43 2 35 40 61 46 29 12 
16 33 42 37 14 31 48 27 
1 36 15 32 41 28 13 30 
--
32 37 12 39 42 59 10 7 
13 40 33 64 11 8 43 58 
36 31 38 41 60 63 6 9 
29 14 61 34 49 44 57 54 
24 35 30 45 62 55 20 5 
15 28 25 50 21 48 53 56 
26 23 2 17 46 51 4 19 
1 16 27 22 3 18 47 52 
--
16 31 12 63 26 29 10 61 
13 50 15 30 11 62 25 28 
32 17 64 47 56 27 60 9 
49 14 51 36 59 38 45 24 
18 33 48 55 46 57 8 39 
3 52 35 58 37 42 23 44 
34 19 2 5 54 21 40 7 
1 4 53 20 41 6 43 22 
--
42 25 62 5 40 23 54 7 
49 4 41 24 61 6 39 22 
26 43 48 63 46 53 8 55 
3 50 45 60 57 64 21 38 
44 27 58 47 52 37 56 9 
13 2 51 36 59 18 31 20 
28 35 12 15 30 33 10 17 
1 14 29 34 11 16 19 32 
--
52 17 20 9 26 45 22 7 
19 10 53 46 21 8 25 44 
16 51 18 27 58 43 6 23 
11 28 49 54 47 24 57 42 
50 15 36 59 56 63 34 5 
29 12 55 48 35 60 41 64 
14 37 2 31 62 39 4 33 
1 30 13 38 3 32 61 40 
--
16 31 12 55 26 29 10 53 
13 38 15 30 11 54 25 28 
32 17 56 45 58 27 52 9 
37 14 39 42 51 46 59 24 
18 33 44 57 40 63 8 47 
3 36 41 50 43 60 23 64 
34 19 2 5 62 21 48 7 
1 4 35 20 49 6 61 22 
--
16 59 12 39 42 51 10 37 
13 40 15 58 11 38 43 50 
60 17 64 41 52 55 36 9 
25 14 57 54 63 34 49 44 
18 61 26 33 56 53 8 35 
3 24 21 62 27 30 45 48 
22 19 2 5 32 47 28 7 
1 4 23 20 29 6 31 46 
--
16 31 12 47 26 29 10 53 
13 48 15 30 11 52 25 28 
32 17 46 51 62 27 54 9 
43 14 49 36 45 56 63 24 
18 33 44 57 50 61 8 55 
3 42 35 40 37 58 23 64 
34 19 2 5 60 21 38 7 
1 4 41 20 39 6 59 22 
--
52 17 20 9 56 39 22 7 
19 10 53 48 21 8 25 40 
16 51 18 57 38 55 6 23 
11 58 49 54 47 24 41 26 
50 15 60 37 62 33 46 5 
59 12 63 32 45 42 27 34 
14 31 2 61 36 29 4 43 
1 64 13 30 3 44 35 28 
--
32 37 12 39 42 51 10 7 
13 40 33 50 11 8 43 52 
36 31 38 41 64 53 6 9 
29 14 61 34 49 44 63 54 
24 35 30 45 62 59 20 5 
15 28 25 60 21 48 55 58 
26 23 2 17 46 57 4 19 
1 16 27 22 3 18 47 56 
--
52 17 20 9 50 61 22 7 
19 10 51 60 21 8 25 64 
16 53 18 49 62 59 6 23 
11 44 47 58 55 24 63 26 
46 15 54 37 48 33 56 5 
43 12 45 32 57 38 27 34 
14 31 2 41 36 29 4 39 
1 42 13 30 3 40 35 28 
--
22 7 46 39 24 9 28 49 
45 40 23 8 51 48 25 10 
6 21 52 47 38 27 50 29 
41 44 37 56 53 62 11 26 
20 5 42 63 36 55 30 61 
43 2 35 54 57 64 15 12 
4 19 58 33 14 17 60 31 
1 34 3 18 59 32 13 16 
--
48 19 22 5 54 9 24 7 
21 4 49 46 23 6 57 10 
18 47 20 53 58 55 8 25 
3 50 39 60 45 64 11 56 
34 17 52 63 38 59 26 43 
51 2 35 40 61 44 29 12 
16 33 62 37 14 31 42 27 
1 36 15 32 41 28 13 30 
--
38 33 12 31 50 57 10 7 
13 30 37 52 11 8 47 56 
34 39 32 49 58 51 6 9 
29 14 53 36 41 48 55 46 
24 35 40 59 54 63 20 5 
15 28 25 42 21 60 45 64 
26 23 2 17 62 43 4 19 
1 16 27 22 3 18 61 44 
--
54 7 58 47 38 9 40 63 
51 48 53 8 57 62 37 10 
6 55 50 59 46 39 64 41 
49 52 27 56 61 44 11 36 
20 5 60 45 28 35 42 33 
23 2 21 26 43 32 15 12 
4 19 24 29 14 17 34 31 
1 22 3 18 25 30 13 16 
--
16 31 12 39 26 29 10 47 
13 40 15 30 11 48 25 28 
32 17 38 53 60 27 46 9 
37 14 41 56 49 52 59 24 
18 33 50 61 54 57 8 45 
3 36 55 42 51 64 23 58 
34 19 2 5 62 21 44 7 
1 4 35 20 43 6 63 22 
--
16 31 12 51 26 29 10 55 
13 50 15 30 11 54 25 28 
32 17 52 47 64 27 56 9 
49 14 63 36 53 38 45 24 
18 33 48 61 46 57 8 39 
3 62 35 58 37 42 23 44 
34 19 2 5 60 21 40 7 
1 4 59 20 41 6 43 22 
--
54 7 52 31 58 9 50 29 
35 32 55 8 51 30 61 10 
6 53 34 59 62 57 28 49 
33 36 43 56 45 60 11 64 
20 5 46 37 42 63 48 27 
23 2 21 44 47 38 15 12 
4 19 24 41 14 17 26 39 
1 22 3 18 25 40 13 16 
--
16 35 12 29 44 53 10 27 
13 30 15 52 11 28 45 58 
36 17 34 43 54 57 26 9 
31 14 51 56 33 42 59 46 
18 37 32 41 60 55 8 25 
3 40 61 50 21 24 47 64 
38 19 2 5 62 49 22 7 
1 4 39 20 23 6 63 48 
--
32 37 12 39 42 59 10 7 
13 40 33 64 11 8 43 58 
36 31 38 41 60 63 6 9 
29 14 61 34 49 44 57 54 
24 35 30 45 62 55 20 5 
15 28 25 50 21 48 53 56 
26 23 2 17 46 51 4 19 
1 16 27 22 3 18 47 52 
--
16 31 12 49 26 29 10 47 
13 50 15 30 11 48 25 28 
32 17 58 55 64 27 46 9 
51 14 53 36 57 60 63 24 
18 33 56 59 54 45 8 61 
3 52 35 40 37 62 23 44 
34 19 2 5 42 21 38 7 
1 4 41 20 39 6 43 22 
--
16 37 12 63 32 35 10 57 
13 52 15 36 11 56 31 34 
38 17 64 53 62 33 58 9 
49 14 51 42 47 60 55 30 
18 39 48 61 54 43 8 59 
3 50 41 46 21 24 29 26 
40 19 2 5 44 27 22 7 
1 4 45 20 23 6 25 28 
--
16 31 12 49 26 29 10 47 
13 54 15 30 11 48 25 28 
32 17 58 55 50 27 46 9 
59 14 53 36 57 64 51 24 
18 33 56 61 52 45 8 63 
3 60 35 40 37 62 23 44 
34 19 2 5 42 21 38 7 
1 4 41 20 39 6 43 22 
--
32 7 36 45 56 9 58 49 
35 28 33 8 59 48 55 10 
6 31 46 37 44 57 50 63 
29 34 27 60 47 64 11 54 
20 5 30 43 38 53 62 51 
23 2 21 26 61 42 15 12 
4 19 24 39 14 17 52 41 
1 22 3 18 25 40 13 16 
--
54 19 22 5 46 9 24 7 
21 4 55 50 23 6 47 10 
18 53 20 45 60 49 8 25 
3 44 39 56 51 64 11 48 
34 17 52 61 38 59 26 63 
43 2 35 40 57 62 29 12 
16 33 42 37 14 31 58 27 
1 36 15 32 41 28 13 30 
--
16 31 12 49 26 29 10 47 
13 64 15 30 11 48 25 28 
32 17 56 61 50 27 46 9 
63 14 53 36 57 60 51 24 
18 33 62 55 52 45 8 59 
3 54 35 40 37 58 23 44 
34 19 2 5 42 21 38 7 
1 4 41 20 39 6 43 22 
--
16 55 12 53 50 61 10 41 
13 52 15 62 11 42 49 64 
56 17 54 51 60 63 40 9 
25 14 57 46 43 38 59 48 
18 45 26 37 58 47 8 39 
3 24 21 44 27 30 35 32 
22 19 2 5 36 33 28 7 
1 4 23 20 29 6 31 34 
--
52 17 20 9 56 41 22 7 
19 10 53 50 21 8 25 42 
16 51 18 57 40 55 6 23 
11 58 33 54 49 24 43 26 
32 15 60 39 62 35 48 5 
59 12 63 34 47 44 27 36 
14 31 2 61 38 29 4 45 
1 64 13 30 3 46 37 28 
--
16 31 12 63 26 29 10 61 
13 50 15 30 11 62 25 28 
32 17 64 47 56 27 60 9 
49 14 51 36 59 38 45 24 
18 33 48 55 46 57 8 39 
3 52 35 58 37 42 23 44 
34 19 2 5 54 21 40 7 
1 4 53 20 41 6 43 22 
--
50 17 20 9 26 47 22 7 
19 10 51 48 21 8 25 46 
16 49 18 27 58 45 6 23 
11 28 55 52 39 24 57 44 
54 15 38 59 56 63 34 5 
29 12 53 40 35 60 43 64 
14 37 2 31 62 41 4 33 
1 30 13 36 3 32 61 42 
--
52 17 20 9 26 45 22 7 
19 10 53 46 21 8 25 44 
16 51 18 27 60 43 6 23 
11 28 49 54 47 24 57 42 
50 15 36 61 56 59 34 5 
29 12 55 48 35 64 41 58 
14 37 2 31 62 39 4 33 
1 30 13 38 3 32 63 40 
--
32 35 12 37 40 49 10 7 
13 38 33 48 11 8 41 50 
34 31 36 39 60 51 6 9 
29 14 59 62 47 42 57 52 
24 63 30 43 58 61 20 5 
15 28 25 64 21 46 53 56 
26 23 2 17 44 55 4 19 
1 16 27 22 3 18 45 54 
--
54 17 20 9 52 41 22 7 
19 10 53 50 21 8 25 42 
16 55 18 61 40 51 6 23 
11 62 33 56 49 24 43 26 
32 15 64 39 60 35 48 5 
63 12 57 34 47 44 27 36 
14 31 2 59 38 29 4 45 
1 58 13 30 3 46 37 28 
--
16 31 12 61 26 29 10 59 
13 64 15 30 11 60 25 28 
32 17 54 47 62 27 58 9 
39 14 63 36 55 48 45 24 
18 33 38 53 46 57 8 49 
3 40 35 56 37 52 23 44 
34 19 2 5 42 21 50 7 
1 4 41 20 51 6 43 22 
--
16 59 12 55 44 57 10 41 
13 54 15 58 11 42 45 50 
60 17 64 43 56 49 40 9 
25 14 53 48 63 38 51 46 
18 61 26 37 52 47 8 39 
3 24 21 62 27 30 35 32 
22 19 2 5 36 33 28 7 
1 4 23 20 29 6 31 34 
--
26 37 12 35 28 53 10 7 
13 34 27 56 11 8 29 52 
38 25 36 31 54 63 6 9 
33 14 55 48 57 30 51 62 
24 39 32 43 64 49 20 5 
15 42 47 58 21 44 61 50 
40 23 2 17 46 59 4 19 
1 16 41 22 3 18 45 60 
--
32 37 12 39 42 51 10 7 
13 40 33 50 11 8 43 52 
36 31 38 41 62 53 6 9 
29 14 61 34 49 44 59 54 
24 35 30 45 60 63 20 5 
15 28 25 64 21 48 55 58 
26 23 2 17 46 57 4 19 
1 16 27 22 3 18 47 56 
--
50 25 52 5 54 23 56 7 
47 4 49 24 57 6 43 22 
26 51 46 53 44 55 8 61 
3 48 39 58 63 60 21 42 
36 27 64 45 38 41 62 9 
13 2 37 40 59 18 31 20 
28 35 12 15 30 33 10 17 
1 14 29 34 11 16 19 32 
--
52 17 20 9 56 47 22 7 
19 10 53 48 21 8 25 46 
16 51 18 57 44 55 6 23 
11 60 49 54 41 24 45 26 
50 15 58 43 62 33 40 5 
59 12 61 34 37 42 27 30 
14 35 2 63 32 29 4 39 
1 64 13 36 3 38 31 28 
--
16 31 12 49 26 29 10 47 
13 60 15 30 11 48 25 28 
32 17 50 59 64 27 46 9 
53 14 61 36 51 58 63 24 
18 33 52 55 62 45 8 57 
3 54 35 40 37 56 23 44 
34 19 2 5 42 21 38 7 
1 4 41 20 39 6 43 22 
--
16 31 12 59 26 29 10 63 
13 44 15 30 11 62 25 28 
32 17 60 43 58 27 64 9 
37 14 45 40 61 50 55 24 
18 33 38 51 42 57 8 49 
3 36 41 46 39 54 23 56 
34 19 2 5 52 21 48 7 
1 4 35 20 47 6 53 22 
--
32 37 12 39 42 51 10 7 
13 40 33 50 11 8 43 52 
36 31 38 41 62 53 6 9 
29 14 61 34 49 44 59 54 
24 35 30 45 60 63 20 5 
15 28 25 64 21 48 55 58 
26 23 2 17 46 57 4 19 
1 16 27 22 3 18 47 56 
--
48 19 22 5 64 9 24 7 
21 4 49 46 23 6 61 10 
18 47 20 59 54 63 8 25 
3 50 39 56 45 60 11 62 
34 17 58 53 38 55 26 43 
51 2 35 40 57 44 29 12 
16 33 52 37 14 31 42 27 
1 36 15 32 41 28 13 30 
--
26 37 12 35 28 59 10 7 
13 34 27 64 11 8 29 58 
38 25 36 31 60 55 6 9 
33 14 61 48 63 30 57 54 
24 39 32 43 56 49 20 5 
15 42 47 62 21 44 53 50 
40 23 2 17 46 51 4 19 
1 16 41 22 3 18 45 52 
--
16 31 12 49 26 29 10 47 
13 50 15 30 11 48 25 28 
32 17 54 61 58 27 46 9 
51 14 57 36 53 62 59 24 
18 33 52 55 60 45 8 63 
3 56 35 40 37 64 23 44 
34 19 2 5 42 21 38 7 
1 4 41 20 39 6 43 22 
--
26 29 12 59 34 31 10 7 
13 60 27 30 11 8 35 32 
28 25 64 45 58 33 6 9 
61 14 57 54 63 46 43 36 
24 53 62 47 44 55 20 5 
15 48 51 56 21 42 37 40 
52 23 2 17 50 39 4 19 
1 16 49 22 3 18 41 38 
--
16 31 12 39 26 29 10 47 
13 40 15 30 11 48 25 28 
32 17 38 53 60 27 46 9 
37 14 41 56 49 52 59 24 
18 33 50 61 54 57 8 45 
3 36 55 42 51 64 23 58 
34 19 2 5 62 21 44 7 
1 4 35 20 43 6 63 22 
--
42 17 20 9 40 49 22 7 
19 10 41 50 21 8 37 62 
16 43 18 39 48 61 6 23 
11 46 31 60 51 38 63 36 
30 15 44 47 64 59 24 5 
45 12 55 32 27 52 35 58 
14 29 2 53 56 33 4 25 
1 54 13 28 3 26 57 34 
--
16 31 12 51 26 29 10 59 
13 50 15 30 11 60 25 28 
32 17 52 43 62 27 58 9 
37 14 49 40 57 44 61 24 
18 33 38 53 42 63 8 45 
3 36 41 48 39 56 23 64 
34 19 2 5 54 21 46 7 
1 4 35 20 47 6 55 22 
--
36 7 34 29 42 9 46 27 
33 30 37 8 47 28 41 10 
6 35 32 43 38 45 26 63 
31 58 21 48 55 64 11 40 
20 5 56 59 44 39 62 25 
57 2 49 22 61 54 15 12 
4 19 60 51 14 17 24 53 
1 50 3 18 23 52 13 16 
--
50 25 52 5 54 23 56 7 
47 4 49 24 57 6 43 22 
26 51 46 53 44 55 8 61 
3 48 39 58 63 60 21 42 
36 27 64 45 38 41 62 9 
13 2 37 40 59 18 31 20 
28 35 12 15 30 33 10 17 
1 14 29 34 11 16 19 32 
--
42 33 12 31 40 63 10 7 
13 30 41 64 11 8 51 58 
34 43 32 39 62 59 6 9 
29 14 61 44 37 50 57 52 
24 35 38 49 60 45 20 5 
15 28 25 36 21 48 53 56 
26 23 2 17 46 55 4 19 
1 16 27 22 3 18 47 54 
--
16 31 12 47 26 29 10 45 
13 38 15 30 11 46 25 28 
32 17 48 53 60 27 44 9 
37 14 39 56 49 52 59 24 
18 33 50 61 54 57 8 43 
3 36 55 40 51 64 23 58 
34 19 2 5 62 21 42 7 
1 4 35 20 41 6 63 22 
--
60 17 20 9 58 45 22 7 
19 10 59 64 21 8 25 46 
16 61 18 57 44 63 6 23 
11 56 49 62 41 24 47 26 
50 15 54 43 48 33 40 5 
55 12 51 34 37 42 27 30 
14 35 2 53 32 29 4 39 
1 52 13 36 3 38 31 28 
--
56 7 50 31 64 9 48 29 
35 32 57 8 49 30 61 10 
6 55 34 51 60 63 28 47 
33 36 43 58 45 52 11 62 
20 5 54 37 42 59 46 27 
23 2 21 44 53 38 15 12 
4 19 24 41 14 17 26 39 
1 22 3 18 25 40 13 16 
--
48 7 56 31 54 9 60 29 
35 32 49 8 57 30 53 10 
6 47 34 55 50 59 28 61 
33 36 43 58 45 64 11 52 
20 5 46 37 42 51 62 27 
23 2 21 44 63 38 15 12 
4 19 24 41 14 17 26 39 
1 22 3 18 25 40 13 16 
--
42 25 54 5 40 23 58 7 
49 4 41 24 55 6 39 22 
26 43 48 53 46 57 8 59 
3 50 45 56 63 60 21 38 
44 27 64 47 52 37 62 9 
13 2 51 36 61 18 31 20 
28 35 12 15 30 33 10 17 
1 14 29 34 11 16 19 32 
--
16 31 12 51 26 29 10 53 
13 38 15 30 11 52 25 28 
32 17 50 47 62 27 54 9 
37 14 39 44 49 56 61 24 
18 33 48 57 46 63 8 55 
3 36 45 40 43 60 23 64 
34 19 2 5 58 21 42 7 
1 4 35 20 41 6 59 22 
--
32 35 12 37 40 49 10 7 
13 38 33 48 11 8 41 50 
34 31 36 39 52 63 6 9 
29 14 53 56 47 42 51 62 
24 55 30 43 64 57 20 5 
15 28 25 54 21 46 61 58 
26 23 2 17 44 59 4 19 
1 16 27 22 3 18 45 60 
--
32 39 12 37 34 45 10 7 
13 36 33 46 11 8 53 44 
40 31 38 35 64 43 6 9 
29 14 63 42 47 52 59 54 
24 41 30 51 58 61 20 5 
15 28 25 62 21 48 55 60 
26 23 2 17 50 57 4 19 
1 16 27 22 3 18 49 56 
--
64 17 20 9 52 45 22 7 
19 10 63 50 21 8 25 46 
16 61 18 53 44 51 6 23 
11 54 49 62 41 24 47 26 
60 15 56 43 48 33 40 5 
55 12 59 34 37 42 27 30 
14 35 2 57 32 29 4 39 
1 58 13 36 3 38 31 28 
--
32 35 12 63 48 43 10 7 
13 64 33 42 11 8 47 44 
34 31 36 49 62 45 6 9 
29 14 61 38 41 50 59 46 
24 37 30 51 60 39 20 5 
15 28 25 40 21 52 55 58 
26 23 2 17 54 57 4 19 
1 16 27 22 3 18 53 56 
--
16 55 12 43 46 61 10 41 
13 44 15 62 11 42 47 64 
56 17 54 45 60 63 40 9 
25 14 57 50 53 38 59 48 
18 51 26 37 58 49 8 39 
3 24 21 52 27 30 35 32 
22 19 2 5 36 33 28 7 
1 4 23 20 29 6 31 34 
--
16 31 12 41 26 29 10 63 
13 42 15 30 11 64 25 28 
32 17 40 43 52 27 62 9 
39 14 45 36 61 54 51 24 
18 33 38 53 44 59 8 55 
3 46 35 60 37 56 23 50 
34 19 2 5 48 21 58 7 
1 4 47 20 57 6 49 22 
--
16 31 12 41 26 29 10 45 
13 40 15 30 11 46 25 28 
32 17 42 47 64 27 44 9 
39 14 49 36 43 56 63 24 
18 33 38 57 48 61 8 55 
3 50 35 52 37 58 23 62 
34 19 2 5 60 21 54 7 
1 4 51 20 53 6 59 22 
--
32 37 12 39 42 51 10 7 
13 40 33 50 11 8 43 52 
36 31 38 41 62 53 6 9 
29 14 63 34 49 44 61 54 
24 35 30 45 64 59 20 5 
15 28 25 58 21 48 55 60 
26 23 2 17 46 57 4 19 
1 16 27 22 3 18 47 56 
--
52 17 20 9 26 45 22 7 
19 10 53 46 21 8 25 44 
16 51 18 27 58 43 6 23 
11 28 49 54 47 24 57 42 
50 15 36 59 56 63 34 5 
29 12 55 48 35 60 41 64 
14 37 2 31 62 39 4 33 
1 30 13 38 3 32 61 40 
--
16 31 12 49 26 29 10 47 
13 50 15 30 11 48 25 28 
32 17 64 51 58 27 46 9 
61 14 57 36 63 52 55 24 
18 33 62 59 56 45 8 53 
3 60 35 40 37 54 23 44 
34 19 2 5 42 21 38 7 
1 4 41 20 39 6 43 22 
--
52 17 20 9 56 47 22 7 
19 10 53 48 21 8 25 46 
16 51 18 57 44 55 6 23 
11 58 49 54 41 24 45 26 
50 15 60 43 62 33 40 5 
59 12 63 34 37 42 27 30 
14 35 2 61 32 29 4 39 
1 64 13 36 3 38 31 28 
--
16 61 12 33 28 37 10 35 
13 32 15 62 11 34 27 38 
64 17 60 29 40 55 36 9 
31 14 63 56 59 26 39 50 
18 57 30 41 54 49 8 25 
3 42 45 58 21 24 51 48 
44 19 2 5 46 53 22 7 
1 4 43 20 23 6 47 52 
--
32 37 12 39 42 51 10 7 
13 40 33 50 11 8 43 52 
36 31 38 41 62 53 6 9 
29 14 61 34 49 44 59 54 
24 35 30 45 60 63 20 5 
15 28 25 64 21 48 55 58 
26 23 2 17 46 57 4 19 
1 16 27 22 3 18 47 56 
--
28 35 30 5 26 23 62 7 
31 4 27 48 61 6 25 22 
36 29 34 55 24 63 8 59 
3 32 49 64 47 60 21 42 
50 37 56 33 54 41 58 9 
13 2 53 46 57 18 43 20 
38 51 12 15 40 45 10 17 
1 14 39 52 11 16 19 44 
--
16 31 12 49 26 29 10 47 
13 50 15 30 11 48 25 28 
32 17 58 55 64 27 46 9 
51 14 53 36 57 60 63 24 
18 33 56 59 54 45 8 61 
3 52 35 40 37 62 23 44 
34 19 2 5 42 21 38 7 
1 4 41 20 39 6 43 22 
--
32 35 12 37 40 49 10 7 
13 38 33 48 11 8 41 50 
34 31 36 39 56 51 6 9 
29 14 55 52 47 42 63 58 
24 53 30 43 64 57 20 5 
15 28 25 54 21 46 59 62 
26 23 2 17 44 61 4 19 
1 16 27 22 3 18 45 60 
--
22 7 52 47 24 9 28 45 
53 56 23 8 51 46 25 10 
6 21 54 57 48 27 44 29 
55 58 37 50 43 64 11 26 
20 5 60 63 36 49 30 41 
59 2 35 38 61 42 15 12 
4 19 62 33 14 17 40 31 
1 34 3 18 39 32 13 16 
--
62 19 22 5 50 9 24 7 
21 4 63 40 23 6 51 10 
18 61 20 55 52 49 8 25 
3 56 39 64 41 54 11 48 
34 17 60 53 38 47 26 45 
57 2 35 42 59 44 29 12 
16 33 58 37 14 31 46 27 
1 36 15 32 43 28 13 30 
--
16 39 12 27 50 47 10 29 
13 26 15 46 11 28 53 48 
40 17 38 51 62 49 30 9 
25 14 61 42 45 52 59 54 
18 41 44 37 60 63 8 31 
3 24 21 64 43 34 55 58 
22 19 2 5 36 57 32 7 
1 4 23 20 33 6 35 56 
--
16 31 12 63 26 29 10 47 
13 64 15 30 11 48 25 28 
32 17 62 51 58 27 46 9 
61 14 59 36 49 56 53 24 
18 33 50 57 52 45 8 55 
3 60 35 40 37 54 23 44 
34 19 2 5 42 21 38 7 
1 4 41 20 39 6 43 22 
--
54 17 20 9 52 41 22 7 
19 10 53 50 21 8 25 42 
16 55 18 61 40 51 6 23 
11 62 33 56 49 24 43 26 
32 15 64 39 60 35 48 5 
63 12 57 34 47 44 27 36 
14 31 2 59 38 29 4 45 
1 58 13 30 3 46 37 28 
--
52 17 20 9 26 45 22 7 
19 10 53 46 21 8 25 44 
16 51 18 27 60 43 6 23 
11 28 49 54 47 24 57 42 
50 15 36 61 56 59 34 5 
29 12 55 48 35 62 41 58 
14 37 2 31 64 39 4 33 
1 30 13 38 3 32 63 40 
--
52 17 20 9 56 47 22 7 
19 10 53 48 21 8 25 46 
16 51 18 57 44 55 6 23 
11 58 49 54 41 24 45 26 
50 15 60 43 64 33 40 5 
59 12 63 34 37 42 27 30 
14 35 2 61 32 29 4 39 
1 62 13 36 3 38 31 28 
--
16 31 12 53 26 29 10 63 
13 44 15 30 11 64 25 28 
32 17 52 43 54 27 62 9 
37 14 45 40 61 50 55 24 
18 33 38 51 42 57 8 49 
3 36 41 46 39 60 23 56 
34 19 2 5 58 21 48 7 
1 4 35 20 47 6 59 22 
--
16 31 12 49 26 29 10 47 
13 54 15 30 11 48 25 28 
32 17 58 55 50 27 46 9 
59 14 53 36 57 62 51 24 
18 33 56 61 52 45 8 63 
3 60 35 40 37 64 23 44 
34 19 2 5 42 21 38 7 
1 4 41 20 39 6 43 22 
--
32 35 12 57 54 59 10 7 
13 56 33 60 11 8 51 64 
34 31 36 55 58 53 6 9 
29 14 61 38 41 50 63 52 
24 37 30 49 62 39 20 5 
15 28 25 40 21 42 47 44 
26 23 2 17 48 45 4 19 
1 16 27 22 3 18 43 46 
--
42 17 20 9 26 55 22 7 
19 10 43 54 21 8 25 56 
16 41 18 27 58 45 6 23 
11 28 51 44 53 24 57 46 
40 15 36 59 50 63 34 5 
29 12 39 52 35 60 47 64 
14 37 2 31 62 49 4 33 
1 30 13 38 3 32 61 48 
--
