--
63 8 59 52 57 6 31 40 
48 51 62 7 60 41 56 5 
9 64 49 58 53 32 39 30 
50 47 34 61 42 45 4 55 
19 10 43 46 33 54 29 38 
22 25 20 35 44 1 14 3 
11 18 23 26 13 16 37 28 
24 21 12 17 36 27 2 15 
--
21 8 43 58 23 6 27 54 
42 57 22 7 44 55 24 5 
9 20 61 56 59 26 53 28 
64 41 36 45 62 47 4 25 
19 10 63 60 35 52 29 48 
40 37 34 51 46 1 14 3 
11 18 39 32 13 16 49 30 
38 33 12 17 50 31 2 15 
--
21 8 59 50 23 6 27 44 
58 51 22 7 64 43 24 5 
9 20 57 60 49 26 45 28 
52 55 36 63 42 61 4 25 
19 10 53 56 35 48 29 46 
54 37 34 41 62 1 14 3 
11 18 39 32 13 16 47 30 
38 33 12 17 40 31 2 15 
--
11 8 41 30 25 6 23 32 
40 53 10 7 42 31 26 5 
9 12 39 62 29 24 33 22 
54 61 52 43 38 59 4 27 
13 44 63 60 51 28 21 34 
64 55 48 37 58 1 18 3 
45 14 57 50 47 16 35 20 
56 49 46 15 36 19 2 17 
--
47 8 49 36 45 6 61 34 
38 27 46 7 62 35 44 5 
9 48 37 50 41 64 33 60 
26 39 28 63 54 59 4 43 
19 10 53 40 51 42 55 32 
22 25 20 29 58 1 14 3 
11 18 23 52 13 16 31 56 
24 21 12 17 30 57 2 15 
--
