--
55 26 23 10 53 6 21 8 
24 11 54 39 22 9 34 5 
27 56 25 62 33 52 7 20 
12 63 40 51 38 19 4 35 
41 28 57 32 61 36 49 18 
58 13 64 37 50 1 46 3 
29 42 15 60 31 44 17 48 
14 59 30 43 16 47 2 45 
--
27 24 13 40 37 6 11 8 
14 41 26 23 12 9 38 5 
25 28 63 44 39 36 7 10 
42 15 46 55 22 53 4 35 
29 62 43 64 45 60 21 52 
16 47 56 61 54 1 34 3 
57 30 49 18 59 32 51 20 
48 17 58 31 50 19 2 33 
--
21 8 51 44 23 6 27 54 
50 45 22 7 60 53 24 5 
9 20 57 52 43 26 55 28 
46 49 36 61 56 59 4 25 
19 10 47 58 35 42 29 64 
48 37 34 41 62 1 14 3 
11 18 39 32 13 16 63 30 
38 33 12 17 40 31 2 15 
--
63 8 59 52 57 6 31 40 
48 51 62 7 60 41 56 5 
9 64 49 58 53 32 39 30 
50 47 34 61 42 45 4 55 
19 10 43 46 33 54 29 38 
22 25 20 35 44 1 14 3 
11 18 23 26 13 16 37 28 
24 21 12 17 36 27 2 15 
--
21 8 43 58 23 6 27 54 
42 57 22 7 44 55 24 5 
9 20 61 56 59 26 53 28 
64 41 36 45 62 47 4 25 
19 10 63 60 35 52 29 48 
40 37 34 51 46 1 14 3 
11 18 39 32 13 16 49 30 
38 33 12 17 50 31 2 15 
--
11 8 29 42 27 6 23 44 
30 63 10 7 54 43 26 5 
9 12 61 28 41 24 45 22 
62 31 64 55 50 53 4 25 
13 56 51 60 35 40 21 46 
32 59 36 49 52 1 18 3 
37 14 57 34 39 16 47 20 
58 33 38 15 48 19 2 17 
--
27 24 13 34 47 6 11 8 
14 33 26 23 12 9 48 5 
25 28 35 46 49 60 7 10 
32 15 54 61 22 45 4 59 
29 36 31 50 55 52 21 44 
16 39 62 53 64 1 58 3 
37 30 41 18 51 56 43 20 
40 17 38 63 42 19 2 57 
--
21 8 61 46 23 6 27 58 
50 45 22 7 62 59 24 5 
9 20 51 60 47 26 57 28 
38 49 44 41 52 63 4 25 
19 10 39 48 43 56 29 64 
34 37 42 53 40 1 14 3 
11 18 35 32 13 16 55 30 
36 33 12 17 54 31 2 15 
--
21 8 59 50 23 6 27 44 
58 51 22 7 64 43 24 5 
9 20 57 60 49 26 45 28 
52 55 36 63 42 61 4 25 
19 10 53 56 35 48 29 46 
54 37 34 41 62 1 14 3 
11 18 39 32 13 16 47 30 
38 33 12 17 40 31 2 15 
--
53 8 51 36 43 6 57 34 
50 27 54 7 58 35 44 5 
9 52 37 42 47 56 33 60 
26 49 28 55 38 59 4 45 
19 10 39 48 41 46 61 32 
22 25 20 29 62 1 14 3 
11 18 23 40 13 16 31 64 
24 21 12 17 30 63 2 15 
--
11 8 41 30 25 6 23 32 
40 53 10 7 42 31 26 5 
9 12 39 62 29 24 33 22 
54 61 52 43 38 59 4 27 
13 44 63 60 51 28 21 34 
64 55 48 37 58 1 18 3 
45 14 57 50 47 16 35 20 
56 49 46 15 36 19 2 17 
--
11 8 13 30 35 6 23 26 
14 31 10 7 24 27 38 5 
9 12 29 34 39 36 25 22 
32 15 40 53 28 59 4 37 
41 54 33 62 47 52 21 58 
16 63 48 55 60 1 46 3 
49 42 61 18 51 44 57 20 
64 17 50 43 56 19 2 45 
--
11 8 63 34 21 6 23 40 
62 33 10 7 64 39 20 5 
9 12 61 38 35 22 41 24 
32 59 36 55 42 47 4 19 
13 54 31 60 37 56 25 46 
30 51 58 43 48 1 18 3 
53 14 49 28 57 16 45 26 
50 29 52 15 44 27 2 17 
--
35 14 39 54 41 16 45 64 
38 31 36 15 50 63 42 17 
13 34 53 40 55 44 61 46 
32 37 30 49 62 51 18 43 
27 12 33 52 29 56 47 60 
6 9 28 57 48 1 22 19 
11 26 7 4 21 24 59 2 
8 5 10 25 58 3 20 23 
--
47 8 49 36 45 6 61 34 
38 27 46 7 62 35 44 5 
9 48 37 50 41 64 33 60 
26 39 28 63 54 59 4 43 
19 10 53 40 51 42 55 32 
22 25 20 29 58 1 14 3 
11 18 23 52 13 16 31 56 
24 21 12 17 30 57 2 15 
--
51 26 23 10 53 6 21 8 
24 11 52 47 22 9 34 5 
27 50 25 58 33 54 7 20 
12 59 48 55 46 19 4 35 
49 28 57 32 63 36 45 18 
60 13 64 37 56 1 42 3 
29 38 15 62 31 40 17 44 
14 61 30 39 16 43 2 41 
--
21 8 55 38 23 6 27 50 
54 39 22 7 56 51 24 5 
9 20 53 62 37 26 49 28 
40 61 36 57 52 63 4 25 
19 10 59 64 35 46 29 48 
60 41 34 45 58 1 14 3 
11 18 43 32 13 16 47 30 
42 33 12 17 44 31 2 15 
--
27 24 13 34 37 6 11 8 
14 35 26 23 12 9 40 5 
25 28 33 36 41 38 7 10 
32 15 42 53 22 47 4 39 
29 64 31 46 59 52 21 48 
16 43 60 51 54 1 58 3 
63 30 45 18 61 56 49 20 
44 17 62 55 50 19 2 57 
--
41 8 39 36 49 6 61 34 
38 27 42 7 62 35 48 5 
9 40 37 50 45 64 33 60 
26 43 28 63 56 59 4 47 
19 10 57 44 51 46 55 32 
22 25 20 29 58 1 14 3 
11 18 23 52 13 16 31 54 
24 21 12 17 30 53 2 15 
--
11 54 9 56 13 42 47 44 
8 57 12 61 48 45 14 41 
53 10 55 58 39 64 43 46 
30 7 60 49 62 37 40 15 
25 52 29 38 59 50 63 36 
6 31 24 51 28 1 16 19 
23 26 33 4 21 18 35 2 
32 5 22 27 34 3 20 17 
--
