--
6 9 24 51 62 11 26 29 
23 52 7 10 25 28 61 12 
8 5 50 53 60 63 30 27 
37 22 55 58 43 48 13 64 
4 57 38 49 54 59 44 31 
21 36 19 56 1 42 47 14 
18 3 34 39 16 45 32 41 
35 20 17 2 33 40 15 46 
--
6 47 24 55 8 61 26 53 
23 56 7 62 25 54 9 60 
46 5 48 57 64 41 52 27 
35 22 63 42 51 28 59 10 
4 45 36 49 58 43 40 29 
21 34 19 44 1 50 11 14 
18 3 32 37 16 13 30 39 
33 20 17 2 31 38 15 12 
--
6 53 24 29 8 49 40 31 
23 28 7 54 37 30 9 48 
52 5 56 25 50 41 32 39 
27 22 51 36 55 38 47 10 
4 57 26 61 46 35 42 33 
21 62 19 58 1 60 11 14 
18 3 64 45 16 13 34 43 
63 20 17 2 59 44 15 12 
--
6 9 24 55 60 11 26 29 
23 56 7 10 25 28 61 12 
8 5 54 59 62 49 30 27 
37 22 57 50 43 64 13 48 
4 53 38 63 58 51 44 31 
21 36 19 52 1 42 47 14 
18 3 34 39 16 45 32 41 
35 20 17 2 33 40 15 46 
--
6 9 24 45 60 11 26 55 
23 46 7 10 25 54 59 12 
8 5 44 61 64 35 56 27 
43 22 47 36 53 62 13 58 
4 37 42 63 34 57 28 51 
21 40 19 48 1 52 31 14 
18 3 38 41 16 33 50 29 
39 20 17 2 49 30 15 32 
--
6 9 24 53 56 11 26 29 
23 54 7 10 25 28 49 12 
8 5 52 55 60 57 30 27 
37 22 59 62 43 50 13 48 
4 63 38 51 58 61 44 31 
21 36 19 64 1 42 47 14 
18 3 34 39 16 45 32 41 
35 20 17 2 33 40 15 46 
--
50 41 8 39 22 35 6 37 
9 24 51 48 7 38 21 34 
42 49 40 23 58 33 36 5 
25 10 63 52 47 20 57 32 
62 43 26 59 64 53 4 19 
11 14 61 46 1 56 31 54 
44 27 16 13 60 29 18 3 
15 12 45 28 17 2 55 30 
--
6 63 24 27 8 31 40 29 
23 26 7 62 41 28 9 32 
64 5 58 25 34 43 30 39 
51 22 61 42 49 38 33 10 
4 59 50 57 44 35 48 37 
21 52 19 60 1 56 11 14 
18 3 54 45 16 13 36 47 
53 20 17 2 55 46 15 12 
--
6 9 24 59 62 11 26 29 
23 60 7 10 25 28 49 12 
8 5 52 61 58 63 30 27 
37 22 57 54 43 50 13 48 
4 53 38 51 64 55 44 31 
21 36 19 56 1 42 47 14 
18 3 34 39 16 45 32 41 
35 20 17 2 33 40 15 46 
--
6 55 24 53 8 63 34 51 
23 26 7 58 35 52 9 62 
56 5 54 25 64 59 50 33 
27 22 57 46 49 36 61 10 
4 45 28 41 60 47 32 37 
21 42 19 48 1 40 11 14 
18 3 44 29 16 13 38 31 
43 20 17 2 39 30 15 12 
--
6 59 24 29 8 49 40 31 
23 28 7 60 37 30 9 48 
64 5 58 25 50 41 32 39 
27 22 51 36 61 38 47 10 
4 63 26 57 46 35 42 33 
21 52 19 62 1 56 11 14 
18 3 54 45 16 13 34 43 
53 20 17 2 55 44 15 12 
--
6 9 24 63 50 11 26 29 
23 64 7 10 25 28 49 12 
8 5 56 59 62 51 30 27 
37 22 61 52 43 58 13 48 
4 55 38 57 60 53 44 31 
21 36 19 54 1 42 47 14 
18 3 34 39 16 45 32 41 
35 20 17 2 33 40 15 46 
--
38 51 8 23 36 61 6 21 
9 24 37 64 7 22 33 62 
50 39 52 35 60 63 20 5 
25 10 57 48 55 34 59 32 
40 49 26 53 58 47 4 19 
11 14 41 56 1 54 31 46 
42 27 16 13 44 29 18 3 
15 12 43 28 17 2 45 30 
--
38 19 8 17 36 59 6 31 
9 16 37 52 7 32 35 60 
20 39 18 33 58 45 30 5 
15 10 51 44 53 34 61 46 
40 21 14 57 50 55 4 29 
11 24 43 54 1 64 47 62 
22 41 26 13 56 49 28 3 
25 12 23 42 27 2 63 48 
--
6 63 24 49 8 47 26 51 
23 42 7 58 25 50 9 46 
64 5 62 43 48 55 52 27 
41 22 59 54 57 28 45 10 
4 61 40 35 44 53 56 29 
21 34 19 60 1 36 11 14 
18 3 32 39 16 13 30 37 
33 20 17 2 31 38 15 12 
--
6 61 24 29 8 49 40 31 
23 28 7 60 37 30 9 48 
62 5 64 25 50 41 32 39 
27 22 51 36 59 38 47 10 
4 63 26 55 46 35 42 33 
21 52 19 58 1 56 11 14 
18 3 54 45 16 13 34 43 
53 20 17 2 57 44 15 12 
--
6 55 24 47 8 43 34 45 
23 26 7 56 35 46 9 42 
54 5 60 25 48 51 44 33 
27 22 53 50 57 36 41 10 
4 59 28 61 52 49 32 37 
21 62 19 58 1 40 11 14 
18 3 64 29 16 13 38 31 
63 20 17 2 39 30 15 12 
--
6 9 24 55 50 11 26 29 
23 56 7 10 25 28 49 12 
8 5 54 57 62 51 30 27 
37 22 59 52 43 64 13 48 
4 53 38 63 58 61 44 31 
21 36 19 60 1 42 47 14 
18 3 34 39 16 45 32 41 
35 20 17 2 33 40 15 46 
--
6 9 24 57 64 11 26 29 
23 56 7 10 25 28 63 12 
8 5 50 55 58 61 30 27 
37 22 53 60 43 48 13 62 
4 51 38 49 54 59 44 31 
21 36 19 52 1 42 47 14 
18 3 34 39 16 45 32 41 
35 20 17 2 33 40 15 46 
--
6 9 24 57 50 11 26 29 
23 58 7 10 25 28 49 12 
8 5 56 53 60 51 30 27 
37 22 59 62 43 54 13 48 
4 63 38 55 52 61 44 31 
21 36 19 64 1 42 47 14 
18 3 34 39 16 45 32 41 
35 20 17 2 33 40 15 46 
--
6 51 24 55 8 49 34 63 
23 26 7 50 35 64 9 48 
52 5 56 25 54 47 62 33 
27 22 53 58 61 36 45 10 
4 57 28 43 46 59 32 37 
21 42 19 60 1 44 11 14 
18 3 40 29 16 13 38 31 
41 20 17 2 39 30 15 12 
--
6 51 24 27 8 47 38 29 
23 26 7 50 35 28 9 46 
52 5 62 25 48 39 30 37 
63 22 49 34 61 36 45 10 
4 53 64 59 44 33 40 31 
21 58 19 54 1 60 11 14 
18 3 56 43 16 13 32 41 
57 20 17 2 55 42 15 12 
--
32 21 54 7 30 19 36 5 
55 8 31 20 53 6 29 18 
22 33 56 63 58 35 4 37 
9 64 59 34 45 52 17 28 
60 23 44 57 62 27 38 3 
43 10 61 46 1 14 51 16 
24 47 12 41 26 49 2 39 
11 42 25 48 13 40 15 50 
--
6 9 24 39 46 11 26 29 
23 38 7 10 25 28 45 12 
8 5 40 61 64 47 30 27 
37 22 63 42 55 60 13 44 
4 41 56 59 62 43 48 31 
21 36 19 54 1 58 51 14 
18 3 34 57 16 53 32 49 
35 20 17 2 33 50 15 52 
--
30 11 52 35 28 13 46 63 
53 36 29 12 59 62 27 14 
10 31 60 51 34 47 64 45 
37 54 33 48 61 58 15 26 
32 9 38 55 50 25 44 57 
39 6 49 24 1 56 19 16 
8 23 4 41 18 21 2 43 
5 40 7 22 3 42 17 20 
--
6 45 24 29 8 43 40 31 
23 28 7 44 37 30 9 42 
46 5 48 25 56 41 32 39 
27 22 57 36 49 38 55 10 
4 47 26 61 54 35 50 33 
21 62 19 58 1 60 11 14 
18 3 64 53 16 13 34 51 
63 20 17 2 59 52 15 12 
--
24 61 38 7 22 19 36 5 
39 8 23 64 37 6 21 18 
62 25 60 45 20 53 4 35 
9 40 63 56 59 46 17 54 
26 57 44 47 52 55 34 3 
41 10 51 58 1 14 31 16 
50 27 12 43 48 29 2 33 
11 42 49 28 13 32 15 30 
--
6 9 24 63 50 11 26 29 
23 62 7 10 25 28 49 12 
8 5 56 53 64 51 30 27 
37 22 61 58 43 54 13 48 
4 57 38 55 52 59 44 31 
21 36 19 60 1 42 47 14 
18 3 34 39 16 45 32 41 
35 20 17 2 33 40 15 46 
--
6 9 24 63 50 11 26 29 
23 62 7 10 25 28 51 12 
8 5 54 61 64 49 30 27 
37 22 59 56 43 52 13 48 
4 55 38 53 60 57 44 31 
21 36 19 58 1 42 47 14 
18 3 34 39 16 45 32 41 
35 20 17 2 33 40 15 46 
--
22 19 8 17 32 47 6 55 
9 16 21 52 7 54 31 46 
20 23 18 33 48 51 56 5 
15 10 49 58 53 34 45 30 
24 59 14 41 50 57 4 35 
11 40 63 60 1 42 29 44 
64 25 38 13 62 27 36 3 
39 12 61 26 37 2 43 28 
--
28 11 60 35 30 13 46 53 
61 36 29 12 59 52 31 14 
10 27 62 51 34 47 54 45 
37 64 25 48 55 58 15 32 
26 9 38 63 50 33 44 57 
39 6 49 24 1 56 19 16 
8 23 4 41 18 21 2 43 
5 40 7 22 3 42 17 20 
--
6 57 24 29 8 33 42 31 
23 28 7 56 43 30 9 34 
58 5 60 25 36 45 32 41 
27 22 55 44 51 40 35 10 
4 59 26 61 46 37 50 39 
21 64 19 54 1 52 11 14 
18 3 62 47 16 13 38 49 
63 20 17 2 53 48 15 12 
--
6 9 24 39 50 11 26 29 
23 38 7 10 25 28 49 12 
8 5 40 51 46 63 30 27 
37 22 45 42 53 48 13 64 
4 41 52 47 62 43 58 31 
21 36 19 44 1 54 61 14 
18 3 34 55 16 59 32 57 
35 20 17 2 33 56 15 60 
--
36 33 8 29 22 25 6 27 
9 30 35 56 7 28 21 24 
34 37 32 49 54 23 26 5 
31 10 55 40 57 50 47 20 
38 41 14 61 48 53 4 51 
11 62 39 58 1 60 19 46 
42 15 64 13 44 17 52 3 
63 12 43 16 59 2 45 18 
--
6 9 24 63 36 11 26 55 
23 48 7 10 25 56 37 12 
8 5 62 57 64 35 54 27 
47 22 49 40 61 58 13 38 
4 41 46 59 34 39 28 53 
21 44 19 50 1 60 31 14 
18 3 42 45 16 33 52 29 
43 20 17 2 51 30 15 32 
--
6 47 24 49 8 61 34 51 
23 26 7 60 35 50 9 64 
46 5 48 25 62 57 52 33 
27 22 59 56 53 36 63 10 
4 45 28 41 58 55 32 37 
21 42 19 54 1 40 11 14 
18 3 44 29 16 13 38 31 
43 20 17 2 39 30 15 12 
--
6 55 24 47 8 43 34 45 
23 26 7 56 35 46 9 42 
54 5 60 25 48 51 44 33 
27 22 53 50 57 36 41 10 
4 59 28 61 52 49 32 37 
21 62 19 58 1 40 11 14 
18 3 64 29 16 13 38 31 
63 20 17 2 39 30 15 12 
--
6 51 24 27 8 31 40 29 
23 26 7 50 41 28 9 32 
52 5 62 25 34 43 30 39 
63 22 49 42 61 38 33 10 
4 53 64 59 48 35 44 37 
21 58 19 54 1 60 11 14 
18 3 56 47 16 13 36 45 
57 20 17 2 55 46 15 12 
--
54 63 8 17 48 21 6 19 
9 16 53 62 7 18 49 22 
64 55 36 47 52 59 20 5 
15 10 61 58 37 46 23 50 
56 35 14 45 60 51 4 27 
11 32 57 38 1 26 43 24 
34 39 30 13 44 41 28 3 
31 12 33 40 29 2 25 42 
--
6 55 24 47 8 43 34 45 
23 26 7 56 35 46 9 42 
54 5 60 25 48 51 44 33 
27 22 53 50 57 36 41 10 
4 59 28 61 52 49 32 37 
21 62 19 58 1 40 11 14 
18 3 64 29 16 13 38 31 
63 20 17 2 39 30 15 12 
--
6 9 24 59 54 11 26 29 
23 60 7 10 25 28 55 12 
8 5 64 53 58 51 30 27 
37 22 61 50 43 56 13 48 
4 63 38 57 52 49 44 31 
21 36 19 62 1 42 47 14 
18 3 34 39 16 45 32 41 
35 20 17 2 33 40 15 46 
--
6 41 24 59 8 39 34 63 
23 26 7 40 53 62 9 38 
42 5 60 25 58 35 64 33 
27 22 43 54 61 52 37 10 
4 55 28 51 36 57 32 49 
21 44 19 56 1 50 11 14 
18 3 46 29 16 13 48 31 
45 20 17 2 47 30 15 12 
--
6 59 24 27 8 31 40 29 
23 26 7 60 41 28 9 32 
62 5 58 25 34 43 30 39 
51 22 61 42 49 38 33 10 
4 63 50 57 44 35 48 37 
21 52 19 64 1 56 11 14 
18 3 54 45 16 13 36 47 
53 20 17 2 55 46 15 12 
--
6 9 24 57 50 11 26 29 
23 62 7 10 25 28 49 12 
8 5 58 61 56 51 30 27 
37 22 63 52 43 60 13 48 
4 53 38 59 64 55 44 31 
21 36 19 54 1 42 47 14 
18 3 34 39 16 45 32 41 
35 20 17 2 33 40 15 46 
--
6 9 24 53 36 11 26 63 
23 52 7 10 25 64 37 12 
8 5 48 51 54 35 62 27 
47 22 55 40 61 50 13 38 
4 41 46 49 34 39 28 59 
21 44 19 56 1 60 31 14 
18 3 42 45 16 33 58 29 
43 20 17 2 57 30 15 32 
--
6 61 24 29 8 43 38 31 
23 28 7 60 37 30 9 44 
62 5 64 25 42 47 32 39 
27 22 57 36 59 40 45 10 
4 63 26 41 46 35 48 33 
21 56 19 58 1 52 11 14 
18 3 54 51 16 13 34 49 
55 20 17 2 53 50 15 12 
--
6 51 24 27 8 31 40 29 
23 26 7 52 41 28 9 32 
50 5 64 25 34 43 30 39 
55 22 49 42 53 38 33 10 
4 63 54 59 48 35 44 37 
21 56 19 62 1 60 11 14 
18 3 58 47 16 13 36 45 
57 20 17 2 61 46 15 12 
--
30 11 28 35 32 13 40 43 
27 36 31 12 39 42 33 14 
10 29 38 47 34 51 44 41 
37 26 59 52 49 46 15 54 
64 9 48 19 58 53 50 45 
25 6 63 60 1 20 55 16 
8 61 4 23 18 57 2 21 
5 24 7 62 3 22 17 56 
--
6 53 24 29 8 33 42 31 
23 28 7 52 43 30 9 34 
54 5 62 25 36 45 32 41 
27 22 55 44 51 40 35 10 
4 63 26 61 46 37 50 39 
21 56 19 64 1 60 11 14 
18 3 58 47 16 13 38 49 
57 20 17 2 59 48 15 12 
--
6 59 24 27 8 49 54 29 
23 26 7 58 53 28 9 48 
60 5 64 25 50 55 30 43 
37 22 57 52 63 44 47 10 
4 61 38 45 56 51 42 31 
21 36 19 62 1 46 11 14 
18 3 34 39 16 13 32 41 
35 20 17 2 33 40 15 12 
--
6 55 24 53 8 61 34 51 
23 26 7 62 35 52 9 64 
56 5 54 25 60 63 50 33 
27 22 57 46 49 36 59 10 
4 45 28 41 58 47 32 37 
21 42 19 48 1 40 11 14 
18 3 44 29 16 13 38 31 
43 20 17 2 39 30 15 12 
--
6 51 24 27 8 47 38 29 
23 26 7 52 35 28 9 46 
50 5 56 25 48 39 30 37 
55 22 49 34 53 36 45 10 
4 57 54 61 44 33 40 31 
21 62 19 58 1 60 11 14 
18 3 64 43 16 13 32 41 
63 20 17 2 59 42 15 12 
--
6 9 24 57 50 11 26 29 
23 56 7 10 25 28 51 12 
8 5 58 53 60 49 30 27 
37 22 55 62 43 52 13 48 
4 63 38 59 54 61 44 31 
21 36 19 64 1 42 47 14 
18 3 34 39 16 45 32 41 
35 20 17 2 33 40 15 46 
--
6 51 24 49 8 63 26 45 
23 48 7 64 25 46 9 62 
52 5 50 47 58 41 44 27 
35 22 59 42 55 28 61 10 
4 53 36 57 60 43 40 29 
21 34 19 54 1 56 11 14 
18 3 32 37 16 13 30 39 
33 20 17 2 31 38 15 12 
--
6 9 24 39 46 11 26 29 
23 38 7 10 25 28 45 12 
8 5 40 59 56 47 30 27 
37 22 55 42 63 58 13 44 
4 41 64 57 60 43 48 31 
21 36 19 54 1 62 51 14 
18 3 34 61 16 53 32 49 
35 20 17 2 33 50 15 52 
--
38 19 8 17 36 55 6 31 
9 16 37 54 7 32 35 56 
20 39 18 33 60 45 30 5 
15 10 51 44 53 34 57 46 
40 21 14 61 50 59 4 29 
11 24 43 52 1 64 47 58 
22 41 26 13 62 49 28 3 
25 12 23 42 27 2 63 48 
--
6 9 24 63 50 11 26 29 
23 62 7 10 25 28 49 12 
8 5 56 59 64 51 30 27 
37 22 61 52 43 58 13 48 
4 55 38 57 60 53 44 31 
21 36 19 54 1 42 47 14 
18 3 34 39 16 45 32 41 
35 20 17 2 33 40 15 46 
--
6 37 24 35 8 43 26 63 
23 34 7 44 25 64 9 42 
38 5 36 51 54 41 62 27 
33 22 45 40 61 50 53 10 
4 39 32 49 52 55 28 59 
21 46 19 56 1 60 11 14 
18 3 48 31 16 13 58 29 
47 20 17 2 57 30 15 12 
--
44 41 8 39 32 35 6 37 
9 30 43 56 7 38 21 34 
42 45 40 31 54 33 36 5 
29 10 55 62 57 22 49 20 
46 63 14 53 48 61 4 23 
11 28 47 58 1 52 19 50 
64 15 26 13 60 17 24 3 
27 12 59 16 25 2 51 18 
--
6 9 24 57 50 11 26 29 
23 58 7 10 25 28 49 12 
8 5 56 53 60 51 30 27 
37 22 59 62 43 54 13 48 
4 63 38 55 52 61 44 31 
21 36 19 64 1 42 47 14 
18 3 34 39 16 45 32 41 
35 20 17 2 33 40 15 46 
--
6 9 24 39 64 11 26 29 
23 38 7 10 25 28 63 12 
8 5 40 59 44 61 30 27 
37 22 45 42 53 58 13 62 
4 41 54 57 60 43 52 31 
21 36 19 46 1 56 49 14 
18 3 34 55 16 47 32 51 
35 20 17 2 33 50 15 48 
--
6 57 24 29 8 33 42 31 
23 28 7 56 43 30 9 34 
58 5 60 25 36 45 32 41 
27 22 55 44 51 40 35 10 
4 59 26 61 46 37 50 39 
21 62 19 54 1 52 11 14 
18 3 64 47 16 13 38 49 
63 20 17 2 53 48 15 12 
--
38 19 8 17 36 55 6 31 
9 16 37 54 7 32 35 56 
20 39 18 33 58 45 30 5 
15 10 51 44 53 34 57 46 
40 21 14 59 50 63 4 29 
11 24 43 52 1 60 47 64 
22 41 26 13 62 49 28 3 
25 12 23 42 27 2 61 48 
--
6 59 24 49 8 47 26 51 
23 42 7 58 25 50 9 46 
64 5 60 43 48 55 52 27 
41 22 63 54 57 28 45 10 
4 61 40 35 44 53 56 29 
21 34 19 62 1 36 11 14 
18 3 32 39 16 13 30 37 
33 20 17 2 31 38 15 12 
--
6 53 24 29 8 33 42 31 
23 28 7 52 43 30 9 34 
54 5 56 25 36 45 32 41 
27 22 51 44 57 40 35 10 
4 55 26 61 50 37 46 39 
21 62 19 58 1 60 11 14 
18 3 64 49 16 13 38 47 
63 20 17 2 59 48 15 12 
--
6 59 24 47 8 43 34 45 
23 26 7 64 35 46 9 42 
60 5 58 25 48 51 44 33 
27 22 53 50 63 36 41 10 
4 61 28 57 52 49 32 37 
21 54 19 62 1 40 11 14 
18 3 56 29 16 13 38 31 
55 20 17 2 39 30 15 12 
--
6 9 24 53 56 11 26 29 
23 54 7 10 25 28 49 12 
8 5 52 55 60 57 30 27 
37 22 59 62 43 50 13 48 
4 63 38 51 58 61 44 31 
21 36 19 64 1 42 47 14 
18 3 34 39 16 45 32 41 
35 20 17 2 33 40 15 46 
--
6 9 24 53 56 11 26 29 
23 54 7 10 25 28 49 12 
8 5 52 55 60 57 30 27 
37 22 59 62 43 50 13 48 
4 63 38 51 58 61 44 31 
21 36 19 64 1 42 47 14 
18 3 34 39 16 45 32 41 
35 20 17 2 33 40 15 46 
--
32 21 60 7 30 19 36 5 
59 8 31 20 57 6 29 18 
22 33 58 61 54 35 4 37 
9 62 53 34 47 56 17 28 
64 23 48 55 52 27 38 3 
49 10 63 46 1 14 41 16 
24 45 12 51 26 43 2 39 
11 50 25 44 13 40 15 42 
--
6 9 24 63 50 11 26 29 
23 64 7 10 25 28 49 12 
8 5 56 59 62 51 30 27 
37 22 61 52 43 58 13 48 
4 55 38 57 60 53 44 31 
21 36 19 54 1 42 47 14 
18 3 34 39 16 45 32 41 
35 20 17 2 33 40 15 46 
--
6 61 24 49 8 47 34 51 
23 26 7 60 35 50 9 46 
62 5 64 25 48 55 52 33 
27 22 57 54 59 36 45 10 
4 63 28 43 56 53 32 37 
21 42 19 58 1 44 11 14 
18 3 40 29 16 13 38 31 
41 20 17 2 39 30 15 12 
--
6 53 24 29 8 33 42 31 
23 28 7 52 43 30 9 34 
54 5 64 25 36 45 32 41 
27 22 55 44 51 40 35 10 
4 63 26 59 46 37 50 39 
21 56 19 62 1 60 11 14 
18 3 58 47 16 13 38 49 
57 20 17 2 61 48 15 12 
--
6 9 24 53 56 11 26 29 
23 54 7 10 25 28 49 12 
8 5 52 55 60 57 30 27 
37 22 59 62 43 50 13 48 
4 63 38 51 58 61 44 31 
21 36 19 64 1 42 47 14 
18 3 34 39 16 45 32 41 
35 20 17 2 33 40 15 46 
--
6 9 24 39 46 11 26 29 
23 38 7 10 25 28 45 12 
8 5 40 57 64 47 30 27 
37 22 63 42 55 58 13 44 
4 41 56 59 62 43 48 31 
21 36 19 54 1 60 51 14 
18 3 34 61 16 53 32 49 
35 20 17 2 33 50 15 52 
--
6 53 24 29 8 33 42 31 
23 28 7 52 43 30 9 34 
54 5 60 25 36 45 32 41 
27 22 55 44 51 40 35 10 
4 59 26 61 46 37 50 39 
21 56 19 64 1 62 11 14 
18 3 58 47 16 13 38 49 
57 20 17 2 63 48 15 12 
--
36 19 8 17 34 45 6 31 
9 16 35 46 7 32 55 44 
20 37 18 33 60 43 30 5 
15 10 49 42 47 56 61 54 
38 21 14 57 50 59 4 29 
11 24 41 48 1 62 53 64 
22 39 26 13 58 51 28 3 
25 12 23 40 27 2 63 52 
--
60 19 8 17 54 39 6 31 
9 16 59 38 7 32 53 40 
20 61 18 33 58 55 30 5 
15 10 57 64 37 34 41 52 
62 21 14 35 56 51 4 29 
11 24 63 50 1 36 45 42 
22 49 26 13 44 47 28 3 
25 12 23 48 27 2 43 46 
--
6 59 24 47 8 43 34 45 
23 26 7 64 35 46 9 42 
60 5 58 25 48 51 44 33 
27 22 53 50 63 36 41 10 
4 61 28 57 52 49 32 37 
21 54 19 62 1 40 11 14 
18 3 56 29 16 13 38 31 
55 20 17 2 39 30 15 12 
--
6 61 24 27 8 51 44 29 
23 26 7 60 45 28 9 50 
62 5 64 25 52 55 30 43 
37 22 57 54 59 46 49 10 
4 63 38 47 56 53 42 31 
21 36 19 58 1 48 11 14 
18 3 34 39 16 13 32 41 
35 20 17 2 33 40 15 12 
--
6 61 24 29 8 33 42 31 
23 28 7 64 43 30 9 34 
62 5 60 25 36 45 32 41 
27 22 63 44 51 40 35 10 
4 55 26 59 46 37 50 39 
21 58 19 54 1 52 11 14 
18 3 56 47 16 13 38 49 
57 20 17 2 53 48 15 12 
--
6 63 24 47 8 43 34 45 
23 26 7 62 35 46 9 42 
64 5 58 25 48 51 44 33 
27 22 53 50 61 36 41 10 
4 59 28 57 52 49 32 37 
21 54 19 60 1 40 11 14 
18 3 56 29 16 13 38 31 
55 20 17 2 39 30 15 12 
--
6 9 24 39 52 11 26 29 
23 38 7 10 25 28 51 12 
8 5 40 57 44 53 30 27 
37 22 45 42 55 58 13 50 
4 41 56 59 64 43 54 31 
21 36 19 46 1 60 49 14 
18 3 34 63 16 47 32 61 
35 20 17 2 33 62 15 48 
--
6 9 24 63 50 11 26 29 
23 64 7 10 25 28 49 12 
8 5 54 57 62 51 30 27 
37 22 59 52 43 56 13 48 
4 53 38 55 58 61 44 31 
21 36 19 60 1 42 47 14 
18 3 34 39 16 45 32 41 
35 20 17 2 33 40 15 46 
--
6 47 24 27 8 31 40 29 
23 26 7 48 41 28 9 32 
46 5 62 25 34 43 30 39 
55 22 45 42 49 38 33 10 
4 63 54 61 44 35 50 37 
21 56 19 64 1 60 11 14 
18 3 58 53 16 13 36 51 
57 20 17 2 59 52 15 12 
--
6 9 24 63 58 11 26 29 
23 64 7 10 25 28 49 12 
8 5 52 59 62 57 30 27 
37 22 61 56 43 50 13 48 
4 53 38 51 60 55 44 31 
21 36 19 54 1 42 47 14 
18 3 34 39 16 45 32 41 
35 20 17 2 33 40 15 46 
--
6 9 24 51 62 11 26 29 
23 52 7 10 25 28 61 12 
8 5 50 53 60 63 30 27 
37 22 55 58 43 48 13 64 
4 57 38 49 54 59 44 31 
21 36 19 56 1 42 47 14 
18 3 34 39 16 45 32 41 
35 20 17 2 33 40 15 46 
--
6 59 24 47 8 43 34 45 
23 26 7 64 35 46 9 42 
60 5 58 25 48 51 44 33 
27 22 53 50 63 36 41 10 
4 61 28 57 52 49 32 37 
21 54 19 62 1 40 11 14 
18 3 56 29 16 13 38 31 
55 20 17 2 39 30 15 12 
--
6 9 24 51 40 11 26 61 
23 52 7 10 25 60 41 12 
8 5 50 47 54 39 62 27 
33 22 53 38 59 48 13 42 
4 37 32 49 46 55 28 63 
21 34 19 58 1 64 43 14 
18 3 36 31 16 45 56 29 
35 20 17 2 57 30 15 44 
--
6 43 24 29 8 61 38 31 
23 28 7 60 37 30 9 62 
44 5 42 25 64 53 32 39 
27 22 55 36 59 40 63 10 
4 45 26 41 54 35 52 33 
21 48 19 56 1 58 11 14 
18 3 46 49 16 13 34 51 
47 20 17 2 57 50 15 12 
--
6 9 24 35 40 11 26 43 
23 34 7 10 25 42 55 12 
8 5 36 41 56 39 44 27 
33 22 63 38 45 54 13 58 
4 37 32 53 62 57 28 47 
21 52 19 64 1 46 59 14 
18 3 50 31 16 61 48 29 
51 20 17 2 49 30 15 60 
--
32 11 30 59 48 13 44 57 
29 50 33 12 63 58 47 14 
10 31 64 49 60 45 56 43 
51 28 37 34 53 62 15 46 
24 9 52 61 38 35 42 55 
27 6 25 36 1 54 19 16 
8 23 4 39 18 21 2 41 
5 26 7 22 3 40 17 20 
--
6 9 24 49 46 11 26 29 
23 48 7 10 25 28 45 12 
8 5 50 47 54 63 30 27 
37 22 55 52 57 44 13 64 
4 51 38 43 62 53 58 31 
21 36 19 56 1 42 61 14 
18 3 34 39 16 59 32 41 
35 20 17 2 33 40 15 60 
--
56 29 32 7 52 19 34 5 
31 8 55 46 33 6 21 18 
28 57 30 51 20 53 4 35 
9 38 47 54 45 36 17 22 
58 27 50 37 62 23 44 3 
39 10 59 48 1 14 63 16 
26 49 12 41 24 61 2 43 
11 40 25 60 13 42 15 64 
--
6 51 24 27 8 31 40 29 
23 26 7 50 41 28 9 32 
52 5 60 25 34 43 30 39 
59 22 49 42 57 38 33 10 
4 53 58 61 48 35 44 37 
21 62 19 54 1 56 11 14 
18 3 64 47 16 13 36 45 
63 20 17 2 55 46 15 12 
--
6 9 24 51 62 11 26 29 
23 52 7 10 25 28 61 12 
8 5 50 53 60 63 30 27 
37 22 55 58 43 48 13 64 
4 57 38 49 54 59 44 31 
21 36 19 56 1 42 47 14 
18 3 34 39 16 45 32 41 
35 20 17 2 33 40 15 46 
--
6 9 24 59 38 11 26 57 
23 50 7 10 25 58 37 12 
8 5 64 39 60 35 56 27 
49 22 51 54 63 40 13 36 
4 53 48 61 34 55 28 41 
21 46 19 52 1 62 31 14 
18 3 44 47 16 33 42 29 
45 20 17 2 43 30 15 32 
--
48 21 18 9 40 31 16 11 
19 8 47 32 17 10 39 30 
22 49 20 41 44 37 12 15 
7 42 63 46 33 14 29 38 
62 23 50 43 64 45 36 13 
51 6 61 58 1 34 55 28 
24 59 4 53 26 57 2 35 
5 52 25 60 3 54 27 56 
--
6 9 24 49 44 11 26 63 
23 46 7 10 25 64 43 12 
8 5 50 45 48 53 62 27 
33 22 47 52 61 42 13 58 
4 51 32 41 54 59 28 39 
21 34 19 60 1 40 57 14 
18 3 36 31 16 55 38 29 
35 20 17 2 37 30 15 56 
--
6 9 24 55 38 11 26 63 
23 48 7 10 25 64 37 12 
8 5 56 39 54 35 62 27 
47 22 49 58 61 40 13 36 
4 57 46 53 34 59 28 41 
21 50 19 60 1 44 31 14 
18 3 52 45 16 33 42 29 
51 20 17 2 43 30 15 32 
--
6 51 24 27 8 31 40 29 
23 26 7 50 41 28 9 32 
52 5 62 25 34 43 30 39 
59 22 49 42 61 38 33 10 
4 53 60 63 48 35 44 37 
21 58 19 54 1 64 11 14 
18 3 56 47 16 13 36 45 
57 20 17 2 55 46 15 12 
--
